1929     0      3
1930     0      0
1931     0      0
1932     0      0
1933     2      3
1934     30    24
1935     11    23
1936     45    57
1937     5      9
1938     18    36
1939     10    19
1940     39    66
1941     19    38
1942     34    67
1943     33    66
1944     0      0
1945     10    20
1946     7     15
1947     0      1
1948     6     13
1949     9     17
1950     4      7
1951     5      9
1952     15    29
1953     19    29
1954     13    26
1955     20    39
1956     41    81
1957     33    65
1958     49    99
1959     65   130
1960     58   115
1961     71   141
1962     53    98
1963     60   120
1964     73   146
1965     70   111
1966    123    97
1967    135   239
1968     67   134
1969     59   155
1970     26   125
1971     51   102
1972     22   160
1973     97    81
1974     94    90
1975     58   113
1976     69    96
1977     86   101
1978     94    90
1979     57   126
1980     53   128
1981     36   100
1982     56   112
1983     46   125
1984     59   110
1985     55   115
1986     46   125
1987     47   112
1988     43   107
1989     61   119
1990     67    96
1991     57   113
1992      0     0
1993      0     0
1994     25    19
1995     49    43
1996     19    24
1997     48    31
1998     63    60
1999     69    53
2000     62    51
2001     56    56
2002     56    56