1930     -1.0  -1.000
1931     -1.0  -1.000
1932     -1.0  -1.000
1933     -1.0  -1.000
1934     -1.0  -1.000
1935     -1.0  -1.000
1936     -1.0  -1.000
1937     -1.0  -1.000
1938     -1.0  -1.000
1939     -1.0  -1.000
1940     -1.0  -1.000
1941     -1.0  -1.000
1942     -1.0  -1.000
1943     -1.0  -1.000
1944     -1.0  -1.000
1945     -1.0  -1.000
1946     -1.0  -1.000
1947     -1.0  -1.000
1948     -1.0  -1.000
1949     -1.0  -1.000
1950     -1.0  -1.000
1951     -1.0  -1.000
1952     -1.0  -1.000
1953     -1.0  -1.000
1954     -1.0  -1.000
1955     -1.0  -1.000
1956     -1.0  -1.000
1957     -1.0  -1.000
1958     -1.0  -1.000
1959     -1.0  -1.000
1960     -1.0  -1.000
1961     -1.0  -1.000
1962     -1.0  -1.000
1963     -1.0  -1.000
1964     -1.0  -1.000
1965     -1.0  -1.000
1966     -1.0  -1.000
1967     -1.0  -1.000
1968  12921.0   0.075
1969  12070.0   0.049
1970  12597.0   0.051
1971  10707.0   0.045
1972   9760.0   0.054
1973  15099.0   0.046
1974  14696.0   0.050
1975  12955.0   0.051
1976  14520.0   0.055
1977  15304.0   0.044
1978  16879.0   0.065
1979  13104.0   0.048
1980  16364.0   0.051
1981     -1.0  -1.000
1982     -1.0  -1.000
1983     -1.0  -1.000
1984     -1.0  -1.000
1985  21443.0   0.055
1986  20113.0   0.046
1987     -1.0  -1.000
1988  20869.0   0.044
1989     -1.0  -1.000
1990     -1.0  -1.000
1991     -1.0  -1.000
1992     -1.0  -1.000
1993  17674.0   0.058
1994  23109.0   0.055
1995     -1.0  -1.000
1996  22263.0   0.093
1997     -1.0  -1.000
1998  26635.0   0.102
1999     -1.0  -1.000
2000  18761.0  -1.000
2001  17414.0   0.094
2002     -1.0   0.095 