  Aa Am            MSYL            MSYR           MORTJ           MORTA             K1+           PInit      ISEED   PTarget           CVADD              AR        PREG-MAX           GAMMA              P0   SSTILDA     LIKEL
   0 12 0.9681471000000 0.6000000000000 0.0200000000000 0.6000000000000 0.0200000000000 0.7295634289201 0.7295634289201 28365.716500000 24181.678969929 25722.240000000   241.716000000    55.135362954   144.761065000    -860772  0.335035571764  0.335035571764  0.163637700000  0.092602687500  0.269605800000 19366.528   186.252     0.820612750     0.988497727  -54.33961
   0 11 0.9842965200000 0.6000000000000 0.0200000000000 0.6000000000000 0.0200000000000 0.2445048828145 0.2445048828145 30057.158500000 26543.656543455 27565.816000000   246.500100000    51.822232656   147.927020000    -327781  0.590141490150  0.590141490150  0.112533650000  0.062008187500  0.279932200000 21940.648   193.349     0.851740375     0.987957948  -56.34869
   0  7 0.9785939800000 0.6000000000000 0.0200000000000 0.6000000000000 0.0200000000000 0.2313969236917 0.2313969236917 30171.530500000 19676.856367038 26220.876000000   383.195700000    14.916520136    83.151660000    -951075  0.590211294120  0.590211294120  0.123608500000  0.133707125000  0.482932300000 17644.241   204.861     0.760649125     0.992248895  -51.94728
   0 11 0.9828864900000 0.6000000000000 0.0200000000000 0.6000000000000 0.0200000000000 0.3944826653236 0.3944826653236 31252.543000000 17863.977542565 26170.568000000   249.266200000    69.563275171   146.448270000     -21361  0.382130143890  0.382130143890  0.169907700000  0.097662250000  0.531035500000 21576.877   192.150     0.829632375     0.987628450  -54.44562
   0  7 0.9633868400000 0.6000000000000 0.0200000000000 0.6000000000000 0.0200000000000 0.4365862985700 0.4365862985700 29143.978000000 18173.183845124 24825.880000000   268.077600000    41.743981554   113.880930000    -238603  0.444487985984  0.444487985984  0.141471750000  0.110744812500  0.448492100000 21537.083   189.817     0.875631000     0.989359631  -51.99878
   0  6 0.9557435800000 0.6000000000000 0.0200000000000 0.6000000000000 0.0200000000000 0.6875288213114 0.6875288213114 32592.998500000 15787.970686982 25517.488000000   358.358800000    33.995253425   100.424727500    -880622  0.305106244666  0.305106244666  0.122790600000  0.091136500000  0.368584100000 20669.874   216.891     0.802883750     0.991113606  -53.88400
   0  6 0.9678753900000 0.6000000000000 0.0200000000000 0.6000000000000 0.0200000000000 0.5425658016908 0.5425658016908 29955.449500000 15058.249034239 23681.196000000   279.341400000    57.904043357   128.096625000    -872069  0.303829696206  0.303829696206  0.120930050000  0.078497312500  0.542364700000 17975.177   199.753     0.783944500     0.989490152  -54.65571
   0 10 0.9889189800000 0.6000000000000 0.0200000000000 0.6000000000000 0.0200000000000 0.1995259801109 0.1995259801109 31714.297000000 22339.852743575 28244.236000000   268.657300000    54.592390608   148.885932500    -103455  0.593175491895  0.593175491895  0.151904800000  0.054520437500  0.442049600000 18908.381   206.618     0.757226500     0.988306123  -55.39766
   0  8 0.9714650800000 0.6000000000000 0.0200000000000 0.6000000000000 0.0200000000000 0.4724890121072 0.4724890121072 29288.630500000 26619.059163343 26837.708000000   262.361200000    38.782400249   133.001102500    -991595  0.365839795151  0.365839795151  0.149819400000  0.072214500000  0.381191700000 18849.219   196.339     0.798049375     0.989044959  -56.74881
   0 11 0.9643540300000 0.6000000000000 0.0200000000000 0.6000000000000 0.0200000000000 0.4355977705856 0.4355977705856 37793.347000000 14341.361681989 26274.884000000   330.033000000    46.244246235   113.112857500       -117  0.578097345360  0.578097345360  0.135362900000  0.083471687500  0.523510300000 20397.969   214.905     0.731744000     0.988789032  -52.03885
   0  6 0.9770981000000 0.6000000000000 0.0200000000000 0.6000000000000 0.0200000000000 0.3735605870682 0.3735605870682 32360.447500000 14143.196671703 24194.612000000   370.191100000    33.124139033    92.179347500    -908320  0.358551438480  0.358551438480  0.128168850000  0.089724562500  0.308371100000 18632.556   207.987     0.766414750     0.991400832  -53.80275
   0  7 0.9776452400000 0.6000000000000 0.0200000000000 0.6000000000000 0.0200000000000 0.4499665191016 0.4499665191016 29273.902000000 28230.006787794 26969.668000000   264.595100000    23.662990146   112.929655000     -89525  0.310879129829  0.310879129829  0.135297300000  0.087332937500  0.582450300000 23593.507   192.548     0.915624375     0.989113673  -52.24477
   0 12 0.9693703200000 0.6000000000000 0.0200000000000 0.6000000000000 0.0200000000000 0.5677857064710 0.5677857064710 32320.784500000 13973.577809396 23758.972000000   273.246200000    72.755679457   141.806587500    -644547  0.416406162954  0.416406162954  0.198285850000  0.082593437500  0.524539200000 22714.858   204.227     0.853922000     0.988401381  -52.27603
   0 11 0.9715309200000 0.6000000000000 0.0200000000000 0.6000000000000 0.0200000000000 0.6757702981167 0.6757702981167 30896.912500000 25832.460577135 28163.328000000   266.365000000    25.419113736   116.280665000    -663541  0.309037756835  0.309037756835  0.205299550000  0.093672437500  0.281300000000 22808.385   194.379     0.855971125     0.988616823  -52.56070
   0  7 0.9889014200000 0.6000000000000 0.0200000000000 0.6000000000000 0.0200000000000 0.2171405264051 0.2171405264051 30960.295000000 14036.943940707 23570.920000000   261.658200000    78.553591004   147.031515000    -480925  0.473159988766  0.473159988766  0.142542700000  0.063369312500  0.206020500000 18444.598   197.038     0.779031375     0.988278927  -55.95005
   0 12 0.9514949500000 0.6000000000000 0.0200000000000 0.6000000000000 0.0200000000000 0.6586297144243 0.6586297144243 32977.262500000 20136.097031085 28057.576000000   383.038700000    10.702579616    81.971682500    -491247  0.566599582008  0.566599582008  0.195847800000  0.131371312500  0.333294600000 16575.119   207.048     0.684769250     0.991593888  -49.29814
   0  8 0.9691402000000 0.6000000000000 0.0200000000000 0.6000000000000 0.0200000000000 0.3158386935933 0.3158386935933 28668.832000000 22452.381731910 25694.496000000   373.570100000    12.905430798    87.452125000    -552643  0.578403006006  0.578403006006  0.134122300000  0.075493000000  0.585552600000 19079.806   209.024     0.817301500     0.992475438  -55.21657
   0 11 0.9775379300000 0.6000000000000 0.0200000000000 0.6000000000000 0.0200000000000 0.3093290456615 0.3093290456615 31890.161500000 30040.776869649 29564.396000000   281.187500000    19.789860452   121.695262500    -768894  0.571227017566  0.571227017566  0.234146050000  0.058711750000  0.248232700000 23315.398   208.039     0.846988375     0.988841120  -52.06467
   0  8 0.9587485000000 0.6000000000000 0.0200000000000 0.6000000000000 0.0200000000000 0.5734200124963 0.5734200124963 33490.870000000 14949.544916899 25223.680000000   415.968500000    25.799711730    85.065812500     -61346  0.401584858177  0.401584858177  0.129373750000  0.091407000000  0.275856700000 21442.961   215.289     0.807506625     0.992128733  -53.61197
   0 12 0.9555632200000 0.6000000000000 0.0200000000000 0.6000000000000 0.0200000000000 0.5836552479845 0.5836552479845 47770.495000000 12533.344373387 25924.368000000   325.666200000    65.569895671   122.432232500    -619468  0.579168853130  0.579168853130  0.232414450000  0.059999437500  0.586120200000 24076.061   208.525     0.732286125     0.985668483  -49.36151
   0  8 0.9533231900000 0.6000000000000 0.0200000000000 0.6000000000000 0.0200000000000 0.6180749499381 0.6180749499381 34784.858500000 17465.074922630 27837.460000000   423.589500000    16.610468473    80.570282500    -751404  0.416916473576  0.416916473576  0.175647300000  0.050550125000  0.442215200000 18807.768   213.626     0.726219000     0.991979786  -54.10689
   0  7 0.9514817700000 0.6000000000000 0.0200000000000 0.6000000000000 0.0200000000000 0.4140575979223 0.4140575979223 32347.987000000 16933.930874216 26136.912000000   284.467000000    42.492821406   112.019362500    -911159  0.594672246649  0.594672246649  0.157559500000  0.053592250000  0.584214000000 21520.580   195.510     0.820525500     0.988897066  -56.37621
   0 10 0.9689436900000 0.6000000000000 0.0200000000000 0.6000000000000 0.0200000000000 0.4938644818465 0.4938644818465 32418.254500000 20018.510636765 27828.020000000   280.163700000    34.481353235   114.121462500    -963477  0.423905475645  0.423905475645  0.174732350000  0.067818937500  0.473572500000 20420.177   197.036     0.782580875     0.988655344  -55.85872
   0  9 0.9773322200000 0.6000000000000 0.0200000000000 0.6000000000000 0.0200000000000 0.3597148958593 0.3597148958593 31707.371500000 13507.003270555 23225.092000000   266.276400000    73.852894266   139.506790000    -957183  0.439694871223  0.439694871223  0.140742550000  0.070373562500  0.416533400000 21279.503   197.847     0.836014250     0.988284948  -54.61434
   0 11 0.9595395700000 0.6000000000000 0.0200000000000 0.6000000000000 0.0200000000000 0.5677443480986 0.5677443480986 31714.945000000 28832.523834279 29255.608000000   335.066500000     2.872084998    93.644252500    -391792  0.499732965678  0.499732965678  0.187129800000  0.062317250000  0.526230200000 25831.544   216.568     0.910468125     0.990744769  -51.76468
   0  6 0.9630949200000 0.6000000000000 0.0200000000000 0.6000000000000 0.0200000000000 0.5089405777841 0.5089405777841 31628.558500000 25991.330329949 28792.276000000   250.667100000    54.080812314   147.592400000    -473217  0.357498788337  0.357498788337  0.128991750000  0.061674312500  0.343628800000 18880.485   191.728     0.763801000     0.987651442  -56.72608
   0  6 0.9555101300000 0.6000000000000 0.0200000000000 0.6000000000000 0.0200000000000 0.6908698533621 0.6908698533621 31692.562000000 29989.945564839 29305.152000000   259.301500000    39.199975896   138.645572500     -98940  0.304955325948  0.304955325948  0.188890450000  0.070434625000  0.390482400000 18260.079   194.557     0.748039750     0.988058654  -54.74500
   0 10 0.9650583900000 0.6000000000000 0.0200000000000 0.6000000000000 0.0200000000000 0.5652670848010 0.5652670848010 33770.981500000 18306.883400484 27826.792000000   264.651500000    57.602505277   136.468235000    -670567  0.407954939087  0.407954939087  0.196167100000  0.059504062500  0.450910000000 22451.368   198.459     0.808879500     0.987504812  -55.09332
   0  6 0.9601400100000 0.6000000000000 0.0200000000000 0.6000000000000 0.0200000000000 0.5029122023489 0.5029122023489 29499.217000000 24718.134734274 26752.820000000   260.427100000    36.088570917   122.250622500    -102147  0.383568701943  0.383568701943  0.231889550000  0.117158312500  0.379072500000 19691.724   189.584     0.818544125     0.988922593  -50.08631
   0  7 0.9884987100000 0.6000000000000 0.0200000000000 0.6000000000000 0.0200000000000 0.3440645582111 0.3440645582111 33455.311000000 17345.973564464 27387.472000000   297.493400000    31.014421971    99.229670000    -878828  0.302247536238  0.302247536238  0.164188750000  0.092594062500  0.354994500000 21680.280   196.183     0.801597875     0.988863204  -53.96928
   0 10 0.9777923800000 0.6000000000000 0.0200000000000 0.6000000000000 0.0200000000000 0.3200770043780 0.3200770043780 41848.463500000 11802.623265080 23856.816000000   423.336000000    36.094454354    86.245042500    -726419  0.517055135235  0.517055135235  0.199146300000  0.085793812500  0.567981000000 18200.476   207.510     0.679971250     0.990272346  -50.13209
   0  9 0.9587004300000 0.6000000000000 0.0200000000000 0.6000000000000 0.0200000000000 0.7813837552133 0.7813837552133 31377.431500000 25565.201834310 28492.980000000   313.129600000     6.473047402    85.866320000     -48541  0.318187211584  0.318187211584  0.186365450000  0.112649125000  0.303668300000 19209.014   189.660     0.769081500     0.990203579  -51.05410
   0 12 0.9670657300000 0.6000000000000 0.0200000000000 0.6000000000000 0.0200000000000 0.7574258148324 0.7574258148324 30302.345500000 22695.491706812 27036.828000000   325.583200000    11.977019140    89.822415000    -890046  0.332248769158  0.332248769158  0.141643200000  0.054077625000  0.286589300000 19524.541   199.418     0.789060375     0.990880829  -56.31582
   0 10 0.9658670000000 0.6000000000000 0.0200000000000 0.6000000000000 0.0200000000000 0.6049487258282 0.6049487258282 36116.363500000 17086.489683791 28301.160000000   263.434800000    70.685943984   145.288507500    -404564  0.373708305592  0.373708305592  0.130780300000  0.104701750000  0.484656500000 20487.072   196.855     0.740550500     0.986572063  -52.68704
   0  8 0.9644104000000 0.6000000000000 0.0200000000000 0.6000000000000 0.0200000000000 0.6412046068557 0.6412046068557 29244.148000000 15036.152592142 23202.068000000   309.393200000    42.025300998   108.254465000    -967809  0.317496450240  0.317496450240  0.161957350000  0.055518500000  0.283371400000 15102.356   198.703     0.723301250     0.990746196  -52.63429
   0 12 0.9635916500000 0.6000000000000 0.0200000000000 0.6000000000000 0.0200000000000 0.7717244758975 0.7717244758975 33030.385000000 23264.459127935 29295.352000000   294.734200000    23.389379579   111.903662500    -686058  0.357455980373  0.357455980373  0.125931400000  0.081779812500  0.320071200000 19916.798   204.870     0.753290625     0.989030780  -54.55230
   0  6 0.9782836000000 0.6000000000000 0.0200000000000 0.6000000000000 0.0200000000000 0.2601831195065 0.2601831195065 33002.048500000 18922.389927765 27899.328000000   255.211200000    44.131722296   117.925425000    -358906  0.500254285557  0.500254285557  0.128005150000  0.067455437500  0.243403500000 20156.905   182.988     0.775939250     0.987271992  -54.33413
   0  7 0.9508746700000 0.6000000000000 0.0200000000000 0.6000000000000 0.0200000000000 0.6338186321125 0.6338186321125 35741.927500000 15729.766307518 26910.124000000   326.175300000    35.970696337   100.429765000    -174511  0.392974486672  0.392974486672  0.147805950000  0.052757500000  0.439793800000 18451.674   201.511     0.715617000     0.989301735  -55.04259
   0 11 0.9801220000000 0.6000000000000 0.0200000000000 0.6000000000000 0.0200000000000 0.3564979542881 0.3564979542881 30271.579000000 17595.508562345 25371.300000000   403.487800000    16.938257490    81.901352500    -120832  0.459634413641  0.459634413641  0.172163450000  0.095923875000  0.230492100000 17982.866   209.867     0.763402500     0.992608448  -53.21621
   0  7 0.9818982500000 0.6000000000000 0.0200000000000 0.6000000000000 0.0200000000000 0.2826884237388 0.2826884237388 32999.375500000 19349.436083885 28115.828000000   292.517600000    32.906331310   110.019442500    -147881  0.443260821149  0.443260821149  0.169322900000  0.071658750000  0.425793000000 21867.714   203.204     0.809880250     0.988874782  -55.42063
   0 12 0.9761157600000 0.6000000000000 0.0200000000000 0.6000000000000 0.0200000000000 0.6189917151525 0.6189917151525 33359.596000000 19638.429611682 28303.852000000   292.174400000    21.214547531    93.967302500    -571127  0.315705026074  0.315705026074  0.181015150000  0.076791125000  0.422846300000 26464.979   195.726     0.898448000     0.988773451  -50.59766
   0  8 0.9785492900000 0.6000000000000 0.0200000000000 0.6000000000000 0.0200000000000 0.3722617844334 0.3722617844334 31363.607500000 25874.873510914 28598.856000000   287.812500000    15.788059565   101.334467500    -873307  0.388503539386  0.388503539386  0.144010650000  0.053410500000  0.486590800000 18139.063   192.380     0.747734750     0.989272625  -55.44097
   0  9 0.9625920700000 0.6000000000000 0.0200000000000 0.6000000000000 0.0200000000000 0.4571777527680 0.4571777527680 31950.898000000 21160.005290553 27897.448000000   258.004600000    54.114799379   139.729480000    -838536  0.498118742827  0.498118742827  0.150954700000  0.056272750000  0.229118200000 19812.509   194.562     0.777174375     0.987881972  -57.51371
   0 10 0.9689042000000 0.6000000000000 0.0200000000000 0.6000000000000 0.0200000000000 0.6041071474960 0.6041071474960 31837.984000000 14532.902884289 24122.300000000   287.152600000    52.029084917   119.137220000    -955799  0.346894536501  0.346894536501  0.150590850000  0.060670500000  0.203966900000 19769.145   199.110     0.793256125     0.989129728  -56.20134
   0 11 0.9747326300000 0.6000000000000 0.0200000000000 0.6000000000000 0.0200000000000 0.6176475799964 0.6176475799964 30052.865500000 17918.864960159 25329.036000000   305.237600000    37.015137064   114.390432500    -659981  0.309717261500  0.309717261500  0.137437500000  0.093978062500  0.590320400000 21908.053   212.388     0.860525125     0.990325117  -53.60057
   0 10 0.9846327100000 0.6000000000000 0.0200000000000 0.6000000000000 0.0200000000000 0.3140186179331 0.3140186179331 31532.519500000 16354.326741750 25519.292000000   405.623500000    17.013684900    75.895547500    -153521  0.431622569738  0.431622569738  0.136545450000  0.078714000000  0.209606200000 21604.391   204.282     0.830487750     0.992321163  -53.28905
   0  7 0.9866216900000 0.6000000000000 0.0200000000000 0.6000000000000 0.0200000000000 0.3372100402231 0.3372100402231 29963.036500000 15861.213036680 24375.108000000   272.543900000    57.660571195   131.346202500    -173980  0.325896005138  0.325896005138  0.186598150000  0.066191250000  0.522455800000 20230.071   201.438     0.830192625     0.989126630  -54.84932
   0  9 0.9752277500000 0.6000000000000 0.0200000000000 0.6000000000000 0.0200000000000 0.3237342099279 0.3237342099279 40954.088500000 11990.053599664 23962.452000000   266.242400000    99.170839896   147.574037500    -231566  0.516575935644  0.516575935644  0.194795000000  0.075055750000  0.229867000000 17516.460   186.125     0.672727375     0.984881354  -51.27868
   0 10 0.9671322300000 0.6000000000000 0.0200000000000 0.6000000000000 0.0200000000000 0.6603009758129 0.6603009758129 30149.755000000 23224.900885190 27054.176000000   313.168000000    16.518955544    97.192017500     -99570  0.331819375908  0.331819375908  0.164347650000  0.101870937500  0.577950400000 19506.386   200.968     0.795599375     0.990566849  -54.40560
   0  7 0.9520681500000 0.6000000000000 0.0200000000000 0.6000000000000 0.0200000000000 0.5406165281559 0.5406165281559 38917.816000000 12815.024400897 24517.116000000   434.392600000    37.839803785    95.258235000    -581993  0.450407010814  0.450407010814  0.161318500000  0.052628375000  0.526211800000 19982.950   226.158     0.733252000     0.991251681  -51.24082
   0  8 0.9795093400000 0.6000000000000 0.0200000000000 0.6000000000000 0.0200000000000 0.4675488338457 0.4675488338457 31741.310500000 16298.329128224 25596.360000000   267.788800000    66.974093511   143.085137500    -638086  0.301551079132  0.301551079132  0.133991650000  0.105229062500  0.323234600000 18004.936   200.173     0.750319125     0.988325906  -53.86979
   0 12 0.9573334800000 0.6000000000000 0.0200000000000 0.6000000000000 0.0200000000000 0.7741413836876 0.7741413836876 34685.876500000 17398.844222765 27605.500000000   258.221400000    56.498443440   129.393310000    -572539  0.417925427991  0.417925427991  0.147433450000  0.068994812500  0.274154800000 22653.943   189.526     0.798164625     0.986871606  -55.40064
   0  9 0.9750859200000 0.6000000000000 0.0200000000000 0.6000000000000 0.0200000000000 0.3157208058485 0.3157208058485 33398.395000000 16005.501731392 26207.036000000   293.197200000    56.376921123   133.087260000    -377601  0.531654082195  0.531654082195  0.121325250000  0.087713437500  0.415573800000 18514.886   211.631     0.738948250     0.988804816  -52.58973
   0 12 0.9813735500000 0.6000000000000 0.0200000000000 0.6000000000000 0.0200000000000 0.4675509229056 0.4675509229056 29973.175000000 21921.325014858 26677.396000000   286.624500000    34.538353109   123.279832500    -506592  0.356830473117  0.356830473117  0.155822250000  0.055490312500  0.295752700000 22021.867   210.140     0.856967250     0.989690293  -55.79680
   0 10 0.9568107200000 0.6000000000000 0.0200000000000 0.6000000000000 0.0200000000000 0.9100661352273 0.9100661352273 29356.805500000 18711.833323381 25085.148000000   266.890600000    54.338162953   135.297422500    -493854  0.307871181701  0.307871181701  0.221412900000  0.073718750000  0.416879700000 15594.546   195.150     0.720113375     0.989250655  -51.77807
   0 12 0.9501670500000 0.6000000000000 0.0200000000000 0.6000000000000 0.0200000000000 0.7561774617264 0.7561774617264 32617.960000000 22794.252323471 28766.728000000   399.692700000     0.042843687    63.567940000    -306978  0.509433265203  0.509433265203  0.135768100000  0.087815500000  0.575886900000 22285.793   204.179     0.810686125     0.992033326  -53.50416
   0  7 0.9582955500000 0.6000000000000 0.0200000000000 0.6000000000000 0.0200000000000 0.3881961306558 0.3881961306558 29311.891000000 15136.337259351 23285.104000000   289.127500000    50.504819920   119.007577500    -869427  0.555243089237  0.555243089237  0.182549050000  0.059914000000  0.553872900000 19319.967   200.550     0.826502500     0.990089599  -54.31501
   0 12 0.9681270500000 0.6000000000000 0.0200000000000 0.6000000000000 0.0200000000000 0.7920677388131 0.7920677388131 29040.662500000 17468.122168825 24362.884000000   258.205700000    59.783686608   137.214240000     -42421  0.308764429609  0.308764429609  0.142366600000  0.070809125000  0.432461800000 18581.937   192.726     0.796997000     0.988976155  -55.86090
   0 12 0.9657993200000 0.6000000000000 0.0200000000000 0.6000000000000 0.0200000000000 0.5600424682530 0.5600424682530 33877.429000000 23667.729609980 30072.736000000   249.367000000    36.962661975   124.846332500    -662363  0.464783773688  0.464783773688  0.117161350000  0.055184500000  0.589079400000 23489.916   186.091     0.816394250     0.986694201  -53.99157
   0  8 0.9654979500000 0.6000000000000 0.0200000000000 0.6000000000000 0.0200000000000 0.5983683735054 0.5983683735054 32859.326500000 27754.896568552 30126.480000000   264.370800000    35.131224821   133.431565000    -757346  0.332010922259  0.332010922259  0.148735700000  0.080803187500  0.569956000000 21191.946   198.923     0.790514875     0.987827628  -55.30112
   0 11 0.9862511600000 0.6000000000000 0.0200000000000 0.6000000000000 0.0200000000000 0.4486768761994 0.4486768761994 34095.751000000 11416.397604100 21563.140000000   289.338900000    82.716469767   145.592577500    -578508  0.302237678381  0.302237678381  0.202643050000  0.124841750000  0.435113400000 19780.207   209.687     0.785762875     0.988347957  -48.01792
   0  6 0.9896200900000 0.6000000000000 0.0200000000000 0.6000000000000 0.0200000000000 0.1902700979529 0.1902700979529 28198.357000000 19875.922245921 24841.552000000   279.493300000    39.132577176   118.519102500    -804380  0.504705029373  0.504705029373  0.149094850000  0.050298750000  0.337782300000 17551.950   198.372     0.790639125     0.990000587  -56.51605
   0 12 0.9679312500000 0.6000000000000 0.0200000000000 0.6000000000000 0.0200000000000 0.7330393166577 0.7330393166577 28813.579000000 22721.360673541 25840.312000000   275.730900000    33.468412031   121.005937500    -918732  0.335398420004  0.335398420004  0.144764450000  0.060308250000  0.203614100000 19877.853   199.409     0.825695500     0.989758213  -57.07981
   0 10 0.9744297200000 0.6000000000000 0.0200000000000 0.6000000000000 0.0200000000000 0.3109062892872 0.3109062892872 34071.437500000 15992.309430860 26496.992000000   302.402600000    49.426526434   124.417495000    -769957  0.583622315715  0.583622315715  0.169329650000  0.060140062500  0.416318300000 19068.047   212.230     0.740359500     0.988930052  -54.07939
   0  9 0.9547554100000 0.6000000000000 0.0200000000000 0.6000000000000 0.0200000000000 0.8744629970121 0.8744629970121 38094.883000000 11389.196749400 22113.000000000   494.955000000    35.755435246    86.284790000     -60232  0.309905220682  0.309905220682  0.178342150000  0.060758875000  0.490716000000 15114.907   215.023     0.656580625     0.992481274  -49.01202
   0  8 0.9525588700000 0.6000000000000 0.0200000000000 0.6000000000000 0.0200000000000 0.8494445179226 0.8494445179226 28985.123500000 20233.174081599 25349.312000000   297.385700000    32.632692623   110.832885000     -64996  0.308080829588  0.308080829588  0.133474500000  0.105935750000  0.273194100000 19155.128   201.878     0.815547625     0.990482014  -54.43464
   0  7 0.9711108200000 0.6000000000000 0.0200000000000 0.6000000000000 0.0200000000000 0.4757066643110 0.4757066643110 34192.681000000 14819.470069673 25569.160000000   265.333500000    74.182404199   142.129475000    -478083  0.344039608920  0.344039608920  0.140104750000  0.060673562500  0.389241800000 20168.293   196.572     0.771562875     0.987355643  -56.72055
   0  9 0.9614317800000 0.6000000000000 0.0200000000000 0.6000000000000 0.0200000000000 0.7199120517198 0.7199120517198 34044.262000000 16164.316291245 26517.300000000   464.888800000    14.668365707    71.314185000    -512321  0.324818731428  0.324818731428  0.139743250000  0.086910500000  0.297813100000 18608.398   204.862     0.732970750     0.992836208  -52.55273
   0  6 0.9846573900000 0.6000000000000 0.0200000000000 0.6000000000000 0.0200000000000 0.2157837941177 0.2157837941177 34919.264500000 18155.491345365 28732.680000000   272.011700000    48.652664709   125.242702500      -8989  0.512197495225  0.512197495225  0.136460300000  0.059356250000  0.224025100000 21596.563   198.405     0.779174625     0.987319275  -55.98130
   0  8 0.9686515500000 0.6000000000000 0.0200000000000 0.6000000000000 0.0200000000000 0.4418181874390 0.4418181874390 28340.161000000 21823.408265720 25295.868000000   298.920800000    30.277247307   112.568840000    -209032  0.418235815938  0.418235815938  0.134174300000  0.070268750000  0.327338400000 19347.193   205.857     0.830855250     0.990705717  -55.94090
   0  9 0.9762109900000 0.6000000000000 0.0200000000000 0.6000000000000 0.0200000000000 0.4420261647400 0.4420261647400 32393.698000000 18819.725488193 27369.380000000   271.630800000    51.994054202   133.736967500    -698353  0.368671998316  0.368671998316  0.170711300000  0.052203250000  0.567112900000 20669.437   202.186     0.792211000     0.988273504  -56.74637
   0  6 0.9740448200000 0.6000000000000 0.0200000000000 0.6000000000000 0.0200000000000 0.2441724730428 0.2441724730428 30112.414000000 21974.236643448 26805.632000000   284.370300000    35.311893785   119.586727500    -587950  0.589252609163  0.589252609163  0.131475050000  0.054163000000  0.446392700000 19576.458   203.205     0.805823375     0.989597680  -57.63930
   0  8 0.9669609900000 0.6000000000000 0.0200000000000 0.6000000000000 0.0200000000000 0.3707115533685 0.3707115533685 33784.171000000 12948.331434797 23315.804000000   282.296300000    73.568482727   138.291420000    -922776  0.518346462927  0.518346462927  0.121404800000  0.051614812500  0.501670000000 23028.718   206.582     0.850119750     0.988274412  -52.62405
   0  7 0.9581928000000 0.6000000000000 0.0200000000000 0.6000000000000 0.0200000000000 0.4807485213586 0.4807485213586 32606.053000000 23151.842280094 28998.208000000   310.402600000    17.796409860    98.243815000    -134673  0.449276973703  0.449276973703  0.180215950000  0.085483187500  0.562545900000 21055.717   201.684     0.796052000     0.989731658  -54.21872
   0  9 0.9692178500000 0.6000000000000 0.0200000000000 0.6000000000000 0.0200000000000 0.5851210132956 0.5851210132956 33456.836500000 20534.915542575 28789.712000000   397.364000000     4.316562377    69.469290000    -693714  0.332696706773  0.332696706773  0.158847500000  0.101651812500  0.461525100000 25458.784   202.097     0.876403125     0.991744345  -49.47305
   0 12 0.9535287200000 0.6000000000000 0.0200000000000 0.6000000000000 0.0200000000000 0.9335865673501 0.9335865673501 35981.768500000 16261.389969553 27328.572000000   302.827300000    39.424499452   108.886947500    -834433  0.380561022848  0.380561022848  0.173013650000  0.056714125000  0.377405500000 19770.701   200.340     0.726612875     0.988395070  -55.21805
   0 10 0.9505472100000 0.6000000000000 0.0200000000000 0.6000000000000 0.0200000000000 0.6385836170736 0.6385836170736 31731.982000000 19502.588125054 27008.408000000   284.718900000    38.195931654   117.775860000    -259796  0.504664914637  0.504664914637  0.199509800000  0.054701437500  0.513224600000 19924.858   200.252     0.782731625     0.989119506  -55.57304
   0 10 0.9586650300000 0.6000000000000 0.0200000000000 0.6000000000000 0.0200000000000 0.5868483754575 0.5868483754575 32708.545000000 13828.208531868 23741.296000000   311.765000000    59.046961762   130.171522500    -314326  0.457495157788  0.457495157788  0.189743000000  0.060460500000  0.585375500000 19187.735   217.835     0.772654875     0.989743369  -51.63166
   0 12 0.9588592000000 0.6000000000000 0.0200000000000 0.6000000000000 0.0200000000000 0.8935885558273 0.8935885558273 31422.400000000 25347.766633582 28474.980000000   380.187500000     1.945687302    83.589630000    -950220  0.348487024313  0.348487024313  0.148516950000  0.146914500000  0.588446500000 19240.771   213.364     0.760647375     0.991919642  -51.94108
   0  6 0.9886549200000 0.6000000000000 0.0200000000000 0.6000000000000 0.0200000000000 0.2398700300931 0.2398700300931 34191.709000000 17091.782881333 27659.708000000   266.707400000    58.529970019   133.710707500    -763154  0.411874342831  0.411874342831  0.101138450000  0.063782875000  0.362231300000 22005.699   199.001     0.799056750     0.987302851  -54.28927
   0 11 0.9699208200000 0.6000000000000 0.0200000000000 0.6000000000000 0.0200000000000 0.3842520347830 0.3842520347830 27043.459000000 25353.882068159 24705.356000000   285.630200000    17.849053918   100.108697500    -974394  0.567412934179  0.567412934179  0.160756600000  0.093129062500  0.228820300000 19247.007   189.556     0.847537125     0.990714139  -51.83311
   0 12 0.9665814300000 0.6000000000000 0.0200000000000 0.6000000000000 0.0200000000000 0.5361176338608 0.5361176338608 32571.425500000 16275.940275205 25767.832000000   258.773000000    70.048480686   143.042465000    -725277  0.475522563391  0.475522563391  0.124382400000  0.067818312500  0.432860500000 19725.354   193.603     0.770278250     0.987669174  -56.56270
   0 12 0.9632313400000 0.6000000000000 0.0200000000000 0.6000000000000 0.0200000000000 0.8456342388749 0.8456342388749 38947.367500000 15091.055631927 27505.684000000   421.695500000    19.057782998    75.383542500    -541708  0.329287918756  0.329287918756  0.177770800000  0.064404687500  0.493332200000 23105.939   210.641     0.764287125     0.990960816  -52.24372
   0  8 0.9574728900000 0.6000000000000 0.0200000000000 0.6000000000000 0.0200000000000 0.5019033834964 0.5019033834964 37571.933500000 10643.772787758 20752.252000000   441.886100000    44.241753687    94.939085000    -198148  0.471317731897  0.471317731897  0.215405950000  0.074913312500  0.317939900000 22606.029   219.609     0.829261125     0.991689704  -47.58103
   0  8 0.9563867600000 0.6000000000000 0.0200000000000 0.6000000000000 0.0200000000000 0.4993781922735 0.4993781922735 36420.802000000 18703.265232175 29612.392000000   287.329100000    43.539098301   121.760295000    -223956  0.484565685842  0.484565685842  0.160853000000  0.057558125000  0.547757300000 19892.362   202.616     0.725395250     0.987613714  -54.22455
   0  6 0.9847022100000 0.6000000000000 0.0200000000000 0.6000000000000 0.0200000000000 0.3300296785290 0.3300296785290 34165.991500000 12933.423931866 23672.852000000   254.212200000    88.042836960   145.682212500    -414456  0.334484984194  0.334484984194  0.157669850000  0.114427250000  0.230859900000 20399.701   188.595     0.786529250     0.986723722  -52.41333
   0  7 0.9698941500000 0.6000000000000 0.0200000000000 0.6000000000000 0.0200000000000 0.3874850719171 0.3874850719171 36761.852500000 13932.175015647 25595.344000000   306.246700000    53.019949291   116.787080000    -282060  0.434289552365  0.434289552365  0.159030500000  0.091361812500  0.267819000000 18545.150   203.653     0.714366125     0.988227035  -53.05172
   0 10 0.9563672900000 0.6000000000000 0.0200000000000 0.6000000000000 0.0200000000000 0.5099114575322 0.5099114575322 33844.529500000 25456.562581292 30492.012000000   397.093500000     0.069489695    73.137272500    -676794  0.555060106792  0.555060106792  0.156635400000  0.066027312500  0.539936300000 24297.421   223.388     0.836790625     0.991671528  -52.16345
   0  6 0.9827782600000 0.6000000000000 0.0200000000000 0.6000000000000 0.0200000000000 0.2378871229388 0.2378871229388 33637.777000000 20567.532338017 29097.988000000   316.107700000    21.816731547    98.204100000    -271177  0.488428472847  0.488428472847  0.142706400000  0.051361875000  0.415286600000 19134.925   203.595     0.743083500     0.989500543  -55.75035
   0  6 0.9566289800000 0.6000000000000 0.0200000000000 0.6000000000000 0.0200000000000 0.5783158219133 0.5783158219133 32111.696500000 21486.356039989 28142.628000000   292.438200000    23.809119627    99.681452500    -687706  0.356754254818  0.356754254818  0.163652350000  0.103626500000  0.547698600000 22698.656   194.505     0.843013625     0.989269489  -53.09035
   0 12 0.9879994100000 0.6000000000000 0.0200000000000 0.6000000000000 0.0200000000000 0.2322053291860 0.2322053291860 32144.285500000 14217.880219134 24153.676000000   255.335200000    72.785931274   138.328697500     -48865  0.579714289162  0.579714289162  0.147302850000  0.079625750000  0.562255900000 18044.185   187.573     0.747070750     0.987537248  -54.43770
   0 11 0.9881770800000 0.6000000000000 0.0200000000000 0.6000000000000 0.0200000000000 0.3979250637046 0.3979250637046 31476.481000000 16498.653436451 25597.264000000   345.866500000    32.258154841   104.929877500    -798597  0.319994667071  0.319994667071  0.133425150000  0.108147375000  0.567577000000 21582.274   223.647     0.828752625     0.990989431  -51.94182
   0 12 0.9508603500000 0.6000000000000 0.0200000000000 0.6000000000000 0.0200000000000 0.7318615135668 0.7318615135668 29722.480000000 19441.344184795 25532.388000000   273.297500000    47.927947147   131.149642500    -362699  0.517718754684  0.517718754684  0.216205900000  0.059129687500  0.328346000000 19099.706   200.407     0.792026875     0.989382188  -54.26412
   0  7 0.9771773300000 0.6000000000000 0.0200000000000 0.6000000000000 0.0200000000000 0.3258330213477 0.3258330213477 34735.448500000 15044.482201994 26095.464000000   264.913500000    67.926555556   135.439220000     -96057  0.434368228478  0.434368228478  0.137675300000  0.059343875000  0.452191500000 22310.054   195.749     0.806365750     0.987101086  -56.19691
   0  9 0.9652528700000 0.6000000000000 0.0200000000000 0.6000000000000 0.0200000000000 0.4872678888807 0.4872678888807 31941.934000000 23671.346808663 28608.620000000   314.375100000    18.104447204   102.692642500     -34467  0.439351104306  0.439351104306  0.133800750000  0.087130187500  0.548903800000 21335.968   209.077     0.808576125     0.990050267  -55.26247
   0 10 0.9785614600000 0.6000000000000 0.0200000000000 0.6000000000000 0.0200000000000 0.2786007989672 0.2786007989672 28439.588500000 16126.494716951 23455.120000000   274.562800000    47.176411634   118.183085000     -86341  0.581352976689  0.581352976689  0.153241300000  0.052552562500  0.460562000000 18936.621   193.881     0.823688375     0.989803259  -55.11251
   0  9 0.9630494500000 0.6000000000000 0.0200000000000 0.6000000000000 0.0200000000000 0.6108710870353 0.6108710870353 36780.077500000 14914.498305588 26596.616000000   344.440700000    32.679553835    93.767232500    -355752  0.368893840795  0.368893840795  0.183107850000  0.081642312500  0.204102800000 23263.307   207.088     0.798743875     0.989549741  -52.86608
   0  7 0.9891765800000 0.6000000000000 0.0200000000000 0.6000000000000 0.0200000000000 0.2538103232774 0.2538103232774 33839.291500000 14709.725030333 25527.212000000   359.065400000    31.997660340    93.720627500    -893736  0.401445547593  0.401445547593  0.131130700000  0.051330437500  0.558303800000 18039.995   209.518     0.728792875     0.990662512  -54.86294
   0 10 0.9734793000000 0.6000000000000 0.0200000000000 0.6000000000000 0.0200000000000 0.4918651337681 0.4918651337681 46010.999500000 11319.749300091 23583.632000000   273.068500000    98.033569090   139.008012500    -109852  0.378387735463  0.378387735463  0.186484250000  0.050096562500  0.410633900000 22883.727   183.850     0.744422500     0.983451623  -50.71304
   0  8 0.9765334800000 0.6000000000000 0.0200000000000 0.6000000000000 0.0200000000000 0.3380389466757 0.3380389466757 30465.182500000 13057.493233119 22260.708000000   279.546700000    67.893404781   134.328110000    -282940  0.450844087165  0.450844087165  0.142850200000  0.062906187500  0.418842600000 18910.384   202.285     0.805002125     0.989282307  -54.32043
 
  COND2           1     1741103  2.452692161306840E+044  2.536356629171453E+042
  1.034111279509302E-002         100
   1741103    145344     78402         0   1926232         0         0         0         0         0   1054344    132012         0   5322563   1741103
 PARAMETER FILE GB01D.PAR   
