  Aa Am            MSYL            MSYR           MORTJ           MORTA             K1+           PInit      ISEED   PTarget           CVADD              AR        PREG-MAX           GAMMA              P0   SSTILDA     LIKEL
   0  7 0.9834670000000 0.6000000000000 0.0450000000000 0.6000000000000 0.0450000000000 0.6030872680235 0.6030872680235 21894.505000000  2511.819975590 12953.628000000   209.380100000    40.754470817   146.547947500    -198130  0.481814053555  0.481814053555  0.122269800000  0.061795187500  0.442162600000 19123.700   191.772     0.874482500     0.989678304  -59.27362
   0  9 0.9707471900000 0.6000000000000 0.0450000000000 0.6000000000000 0.0450000000000 0.9669313483071 0.9669313483071 24413.308000000  2838.483241466 15609.760000000   219.308700000    20.327495353    64.895727500    -302318  0.473033441988  0.473033441988  0.137658850000  0.077723562500  0.266139300000 20950.731   197.779     0.838266250     0.989078886  -56.48485
   0  8 0.9848922700000 0.6000000000000 0.0450000000000 0.6000000000000 0.0450000000000 0.7925881218009 0.7925881218009 22326.127000000  2328.661411918 12122.878000000   201.499900000    28.994609536    99.028560000    -340014  0.400197022453  0.400197022453  0.114032250000  0.051473687500  0.534139500000 17566.282   181.698     0.790178250     0.989053663  -55.12450
   0  9 0.9882008500000 0.6000000000000 0.0450000000000 0.6000000000000 0.0450000000000 0.9458152574460 0.9458152574460 25740.304000000  2305.192443944 13016.756000000   213.637400000    29.197797663   101.594630000    -352564  0.354433490327  0.354433490327  0.181835050000  0.065570937500  0.569975200000 19140.034   192.572     0.741118250     0.988070613  -55.90957
   0  6 0.9853064100000 0.6000000000000 0.0450000000000 0.6000000000000 0.0450000000000 0.4589929306831 0.4589929306831 25365.503500000  2379.835392446 12610.454000000   214.411200000    38.182227483   132.904187500    -647344  0.551322258757  0.551322258757  0.135088700000  0.132495750000  0.468169100000 19818.182   194.205     0.784967625     0.988309319  -54.18687
   0  6 0.9734152100000 0.6000000000000 0.0450000000000 0.6000000000000 0.0450000000000 0.8994846734015 0.8994846734015 20358.002500000  2627.496773399 12804.094000000   217.264800000    34.725416139   133.788772500    -440133  0.338560546182  0.338560546182  0.138784450000  0.068602875000  0.216835700000 17288.617   199.135     0.858516625     0.990797633  -57.10169
   0  8 0.9588156700000 0.6000000000000 0.0450000000000 0.6000000000000 0.0450000000000 0.8748903759867 0.8748903759867 20432.779000000  2682.452636153 13130.510000000   208.760300000    22.066775432    70.322577500     -93745  0.557477070837  0.557477070837  0.124501600000  0.074473625000  0.414102300000 18295.768   188.836     0.905662625     0.990431045  -55.56349
   0  6 0.9890674700000 0.6000000000000 0.0450000000000 0.6000000000000 0.0450000000000 0.7504178239336 0.7504178239336 24153.203500000  2943.863854654 15981.030000000   215.877900000    27.931983793   105.023022500    -240442  0.316987094888  0.316987094888  0.121646000000  0.105439937500  0.318447400000 20463.027   197.180     0.840023875     0.988915533  -54.09882
   0  6 0.9630989000000 0.6000000000000 0.0450000000000 0.6000000000000 0.0450000000000 0.7937945715500 0.7937945715500 24420.314500000  2338.702660353 11754.116000000   205.856300000    35.483705410   117.679107500    -801372  0.445724199416  0.445724199416  0.106774950000  0.060581625000  0.231316400000 20664.181   186.612     0.847417250     0.988390281  -56.12685
   0  7 0.9652470200000 0.6000000000000 0.0450000000000 0.6000000000000 0.0450000000000 0.8989672161000 0.8989672161000 23954.051500000  2672.303982848 14169.720000000   222.854400000    34.165245892   129.950360000    -377054  0.431871100215  0.431871100215  0.111774450000  0.062329500000  0.432179200000 20083.831   204.065     0.832271125     0.989474194  -57.87105
   0  6 0.9774625800000 0.6000000000000 0.0450000000000 0.6000000000000 0.0450000000000 0.8615638333529 0.8615638333529 26069.717500000  2693.398398288 14827.122000000   212.867300000    24.955045395    77.961702500    -881041  0.332412725503  0.332412725503  0.153712000000  0.103678812500  0.297278500000 20494.544   191.414     0.784145250     0.987950434  -54.42999
   0  8 0.9857763000000 0.6000000000000 0.0450000000000 0.6000000000000 0.0450000000000 0.7166585283767 0.7166585283767 25005.080500000  2589.942729944 14527.420000000   219.018500000    23.041386079    74.194465000    -940605  0.435744112181  0.435744112181  0.156239950000  0.107258312500  0.441414400000 21056.635   198.748     0.827240625     0.988714470  -55.64082
   0  8 0.9755873000000 0.6000000000000 0.0450000000000 0.6000000000000 0.0450000000000 0.9504234082387 0.9504234082387 23168.918500000  2730.257893208 14590.442000000   229.976300000    20.373908725    62.985247500      -7982  0.391541731798  0.391541731798  0.192277500000  0.068848625000  0.597108000000 21137.448   209.351     0.913828500     0.990096571  -55.07968
   0  8 0.9813030600000 0.6000000000000 0.0450000000000 0.6000000000000 0.0450000000000 0.7418818273740 0.7418818273740 23800.475500000  2428.300541983 13080.972000000   226.727600000    37.434466196   143.233987500    -222622  0.455153352947  0.455153352947  0.134699150000  0.070147062500  0.440297000000 19586.206   208.041     0.815433125     0.989651173  -57.03755
   0 10 0.9806299600000 0.6000000000000 0.0450000000000 0.6000000000000 0.0450000000000 0.8822588041854 0.8822588041854 26969.560000000  2317.772437311 13449.666000000   221.262300000    22.607317335    67.962460000    -147120  0.493703983044  0.493703983044  0.113790000000  0.078050750000  0.375249700000 21900.255   198.187     0.787727375     0.987987983  -55.91496
   0 10 0.9892721200000 0.6000000000000 0.0450000000000 0.6000000000000 0.0450000000000 0.9786034069805 0.9786034069805 24628.727500000  2146.660269069 11851.604000000   230.291400000    23.399036433    74.941445000    -300932  0.378256123085  0.378256123085  0.144143350000  0.068252375000  0.316381600000 19442.979   208.027     0.778306875     0.989403156  -56.25314
   0  7 0.9714931100000 0.6000000000000 0.0450000000000 0.6000000000000 0.0450000000000 0.9028582871831 0.9028582871831 21964.367500000  2541.285833222 12946.916000000   223.724500000    34.961075612   135.116527500    -456435  0.390605531549  0.390605531549  0.113163750000  0.065238625000  0.391861800000 19982.801   206.780     0.920966375     0.990365606  -56.55727
   0  7 0.9842978000000 0.6000000000000 0.0450000000000 0.6000000000000 0.0450000000000 0.6924215960259 0.6924215960259 24343.918000000  2510.232050527 13592.812000000   216.424200000    29.344122670   104.710177500    -249730  0.413834342509  0.413834342509  0.160606400000  0.082733812500  0.465537800000 19662.804   196.806     0.803655750     0.988891519  -57.25619
   0  7 0.9751517600000 0.6000000000000 0.0450000000000 0.6000000000000 0.0450000000000 0.6588999158741 0.6588999158741 26212.304500000  2684.207299669 15004.208000000   203.711400000    42.618877381   141.753255000    -614909  0.505185202747  0.505185202747  0.128187050000  0.063447125000  0.514611200000 23268.197   185.849     0.876326625     0.987353568  -55.55982
   0  7 0.9571475000000 0.6000000000000 0.0450000000000 0.6000000000000 0.0450000000000 0.8169906351384 0.8169906351384 24654.134500000  2568.891979693 13576.802000000   217.109900000    33.972260708   122.546697500    -513057  0.536026699917  0.536026699917  0.102915900000  0.116109750000  0.291195700000 21482.380   198.660     0.866007750     0.988901987  -55.15888
   0  7 0.9868608300000 0.6000000000000 0.0450000000000 0.6000000000000 0.0450000000000 0.8762022962294 0.8762022962294 22339.033000000  2493.552627867 13027.174000000   208.875800000    25.913895266    86.979705000     -14335  0.313099275874  0.313099275874  0.162306900000  0.111696687500  0.257435800000 20452.156   191.403     0.924528500     0.989420620  -55.13719
   0  8 0.9890560100000 0.6000000000000 0.0450000000000 0.6000000000000 0.0450000000000 0.8622844766154 0.8622844766154 24980.483500000  2368.707613175 13089.478000000   210.546700000    27.426341237    91.839722500    -780401  0.341536085410  0.341536085410  0.156315550000  0.058300375000  0.333289300000 21458.896   191.642     0.846334125     0.988245691  -58.36844
   0  6 0.9639767000000 0.6000000000000 0.0450000000000 0.6000000000000 0.0450000000000 0.8924486694017 0.8924486694017 22923.259000000  2465.509819204 12389.386000000   215.867700000    37.945905684   136.153570000    -839245  0.391554315479  0.391554315479  0.113917400000  0.126070625000  0.464801600000 18074.431   196.107     0.797145625     0.989604925  -54.33026
   0  8 0.9872269100000 0.6000000000000 0.0450000000000 0.6000000000000 0.0450000000000 0.9084724690181 0.9084724690181 25286.515000000  2453.447525808 13721.572000000   218.175500000    36.398994138   134.027745000    -542623  0.334991895701  0.334991895701  0.129308900000  0.073529250000  0.253453500000 21368.061   199.684     0.830724875     0.988532363  -57.94747
   0  8 0.9750387800000 0.6000000000000 0.0450000000000 0.6000000000000 0.0450000000000 0.7725123413687 0.7725123413687 23294.306500000  2693.718501237 14426.690000000   222.122700000    22.117426323    72.465367500    -954187  0.486155847871  0.486155847871  0.147252200000  0.071810062500  0.454804600000 19828.837   201.637     0.841434500     0.989693452  -58.10085
   0  9 0.9849494000000 0.6000000000000 0.0450000000000 0.6000000000000 0.0450000000000 0.9197097724398 0.9197097724398 21224.351500000  2531.498676249 13175.042000000   212.990400000    32.002813464   124.763425000    -202026  0.386971637585  0.386971637585  0.174937550000  0.052718875000  0.291576900000 19415.281   196.497     0.922106625     0.990154898  -57.79472
   0  6 0.9724856200000 0.6000000000000 0.0450000000000 0.6000000000000 0.0450000000000 0.9521888431785 0.9521888431785 23553.628000000  2666.347985891 13947.814000000   235.637000000    19.102511999    45.033287500    -388714  0.324292991961  0.324292991961  0.128774150000  0.091574750000  0.240185100000 20443.531   206.153     0.865560250     0.990186970  -56.59248
   0  6 0.9747522600000 0.6000000000000 0.0450000000000 0.6000000000000 0.0450000000000 0.9276182370365 0.9276182370365 23837.614000000  2521.621032613 13139.054000000   223.912700000    30.622321595   110.928727500    -235974  0.321756031377  0.321756031377  0.124398400000  0.084472000000  0.522905600000 21684.976   206.432     0.915479625     0.989538700  -55.84736
   0 10 0.9767275500000 0.6000000000000 0.0450000000000 0.6000000000000 0.0450000000000 0.8571624647736 0.8571624647736 25577.048500000  2378.805640559 13496.032000000   212.550700000    31.457992734   113.237202500    -177920  0.545899683709  0.545899683709  0.120626500000  0.057532062500  0.382379700000 20939.408   193.083     0.795504875     0.988164697  -58.54918
   0  7 0.9897722100000 0.6000000000000 0.0450000000000 0.6000000000000 0.0450000000000 0.7724065920933 0.7724065920933 21598.598500000  2635.424534169 13676.164000000   196.769600000    39.082193902   137.490035000    -256147  0.337722328575  0.337722328575  0.164622600000  0.159401000000  0.254171700000 19235.812   179.528     0.892990500     0.989119771  -51.68391
   0  9 0.9839310400000 0.6000000000000 0.0450000000000 0.6000000000000 0.0450000000000 0.7370976035745 0.7370976035745 21838.925500000  2364.350776601 12391.098000000   209.515700000    31.965773812   118.776405000    -549215  0.491877883722  0.491877883722  0.140857250000  0.053593687500  0.397204900000 19281.565   192.081     0.879409125     0.989708293  -59.03654
   0  6 0.9876304900000 0.6000000000000 0.0450000000000 0.6000000000000 0.0450000000000 0.7382150532944 0.7382150532944 24221.432500000  2800.306532435 15198.936000000   210.478700000    30.269655703   110.920570000    -816786  0.330002367765  0.330002367765  0.223285900000  0.070625750000  0.422954400000 22051.959   193.251     0.910351250     0.988610569  -53.41587
   0  8 0.9795022100000 0.6000000000000 0.0450000000000 0.6000000000000 0.0450000000000 0.6913679871020 0.6913679871020 25478.269000000  2495.735918273 13898.654000000   215.563600000    20.054044085    49.282630000     -86744  0.503751010663  0.503751010663  0.121744000000  0.052843500000  0.263502000000 21967.808   190.245     0.847911000     0.988359178  -54.76653
   0 10 0.9895216000000 0.6000000000000 0.0450000000000 0.6000000000000 0.0450000000000 0.7708082869677 0.7708082869677 24894.191500000  2458.524661743 14133.718000000   209.811500000    31.310072424   115.760892500    -411522  0.477953770427  0.477953770427  0.111906250000  0.056433437500  0.552957500000 20742.046   191.141     0.808620625     0.988241291  -58.32328
   0  6 0.9550226200000 0.6000000000000 0.0450000000000 0.6000000000000 0.0450000000000 0.7338300263480 0.7338300263480 21490.895500000  2814.215036913 13855.142000000   214.634100000    33.366403550   126.384200000    -335649  0.539185659732  0.539185659732  0.131027500000  0.083706500000  0.496025200000 18720.259   196.547     0.876228000     0.990218190  -57.50192
   0  6 0.9676385600000 0.6000000000000 0.0450000000000 0.6000000000000 0.0450000000000 0.6424763518179 0.6424763518179 22217.776000000  2392.391058207 11805.674000000   216.998000000    24.522761085    73.295060000    -655810  0.516080422517  0.516080422517  0.202346800000  0.082807312500  0.273870900000 18974.098   196.315     0.859627750     0.989966169  -54.46152
   0  9 0.9825160000000 0.6000000000000 0.0450000000000 0.6000000000000 0.0450000000000 0.6709882910582 0.6709882910582 22922.584000000  2520.941681867 13623.392000000   206.889900000    29.745976066   109.550305000    -782730  0.554357421167  0.554357421167  0.126054900000  0.066008437500  0.430258000000 19188.342   188.285     0.824285375     0.989069684  -58.45079
   0 10 0.9732482300000 0.6000000000000 0.0450000000000 0.6000000000000 0.0450000000000 0.9129461049968 0.9129461049968 22234.880500000  2424.942666039 12823.366000000   225.932900000    24.315751297    88.038945000    -504250  0.545877210879  0.545877210879  0.125106850000  0.075182062500  0.519600900000 19729.874   206.992     0.878607250     0.990335509  -57.57628
   0  9 0.9606060600000 0.6000000000000 0.0450000000000 0.6000000000000 0.0450000000000 0.9122536151765 0.9122536151765 23054.357500000  2823.517022360 14876.160000000   229.342100000    21.095533875    72.216352500    -669130  0.594549241480  0.594549241480  0.187622950000  0.052426375000  0.534643700000 20980.366   209.293     0.908302875     0.990168257  -55.63986
   0 10 0.9888326100000 0.6000000000000 0.0450000000000 0.6000000000000 0.0450000000000 0.7443942915888 0.7443942915888 23015.113000000  2536.642571847 14011.646000000   228.769500000    21.558405556    74.750930000    -193499  0.501472389204  0.501472389204  0.170896600000  0.062921875000  0.249078800000 19580.898   208.683     0.830793875     0.990034702  -56.80777
   0  6 0.9882160500000 0.6000000000000 0.0450000000000 0.6000000000000 0.0450000000000 0.4192969211619 0.4192969211619 28354.619500000  2214.655755550 11682.880000000   213.513800000    32.616617029   102.816597500    -731903  0.575403353201  0.575403353201  0.246701500000  0.057628375000  0.347762400000 19026.322   189.945     0.703822875     0.986851257  -51.75120
   0  8 0.9861776000000 0.6000000000000 0.0450000000000 0.6000000000000 0.0450000000000 0.9445395013893 0.9445395013893 21896.989000000  2843.117020277 14860.002000000   204.370600000    22.305842539    75.875040000    -665055  0.328273249288  0.328273249288  0.200691150000  0.099575187500  0.355712800000 19620.665   186.112     0.894500500     0.989406152  -52.90045
   0  7 0.9636224200000 0.6000000000000 0.0450000000000 0.6000000000000 0.0450000000000 0.7025142866304 0.7025142866304 25054.733500000  2626.847869689 14148.130000000   212.869500000    33.064685580   118.293845000    -658476  0.566357581137  0.566357581137  0.140281750000  0.078387125000  0.386157900000 20449.392   193.262     0.809554000     0.988479464  -57.70671
   0  9 0.9889768200000 0.6000000000000 0.0450000000000 0.6000000000000 0.0450000000000 0.9397755420561 0.9397755420561 24337.640500000  2523.380300462 14188.876000000   209.062800000    23.525497509    77.132042500    -978579  0.351600494750  0.351600494750  0.152211950000  0.063875687500  0.230910400000 22598.086   191.420     0.928839500     0.988467545  -56.39761
   0  6 0.9748550200000 0.6000000000000 0.0450000000000 0.6000000000000 0.0450000000000 0.6008154561639 0.6008154561639 24237.173500000  2525.075988630 13250.924000000   217.049900000    33.143756262   119.035072500    -527195  0.495998792927  0.495998792927  0.123792850000  0.060563000000  0.473962900000 21172.672   198.762     0.870666500     0.989026540  -59.15194
   0  6 0.9860515300000 0.6000000000000 0.0450000000000 0.6000000000000 0.0450000000000 0.7027589717296 0.7027589717296 23056.801000000  2650.091651221 13959.498000000   211.777000000    38.265133788   140.437265000    -387694  0.355747968045  0.355747968045  0.116096300000  0.061545562500  0.291584800000 19925.495   193.721     0.861874125     0.989236035  -59.38912
   0  7 0.9679057600000 0.6000000000000 0.0450000000000 0.6000000000000 0.0450000000000 0.7118416573520 0.7118416573520 25871.780500000  2220.651483191 11410.534000000   226.813000000    29.329641707    97.103812500    -575806  0.523729907319  0.523729907319  0.170176000000  0.080396937500  0.257166900000 21296.145   206.258     0.822960500     0.988820596  -54.15734
   0  9 0.9702358200000 0.6000000000000 0.0450000000000 0.6000000000000 0.0450000000000 0.9306310897851 0.9306310897851 21635.264500000  2595.997931375 13400.502000000   234.634500000    18.491878264    49.472040000    -234572  0.495804627548  0.495804627548  0.134293000000  0.090679187500  0.337765000000 19941.300   208.270     0.933987625     0.990955507  -55.74316
   0  8 0.9831647000000 0.6000000000000 0.0450000000000 0.6000000000000 0.0450000000000 0.7832076867940 0.7832076867940 23798.248000000  2441.272909554 13202.400000000   215.416500000    26.255160531    90.040392500     -10084  0.417436676056  0.417436676056  0.155918050000  0.051201000000  0.583547100000 21056.724   197.032     0.877752875     0.989097169  -59.19581
   0  8 0.9815018800000 0.6000000000000 0.0450000000000 0.6000000000000 0.0450000000000 0.7674483546858 0.7674483546858 21435.896500000  2474.808191364 12734.052000000   209.441100000    26.105465891    91.365872500    -346558  0.438482538338  0.438482538338  0.141254650000  0.075329437500  0.412581300000 18173.098   190.626     0.846335500     0.989908919  -57.66828
   0  8 0.9822846300000 0.6000000000000 0.0450000000000 0.6000000000000 0.0450000000000 0.8572803761836 0.8572803761836 25211.725000000  2558.607681217 14308.562000000   197.368100000    24.622729898    75.788427500    -168012  0.387251168826  0.387251168826  0.115088400000  0.103176250000  0.489268300000 22418.809   178.424     0.877118250     0.987399838  -52.67385
   0  9 0.9868382300000 0.6000000000000 0.0450000000000 0.6000000000000 0.0450000000000 0.6292729488805 0.6292729488805 22350.832000000  2421.602651292 12945.720000000   206.430400000    35.591057778   130.587457500     -26703  0.546318936113  0.546318936113  0.146447450000  0.064240562500  0.338054500000 18059.068   187.706     0.800643000     0.989289803  -57.63140
   0 11 0.9839190600000 0.6000000000000 0.0450000000000 0.6000000000000 0.0450000000000 0.9188916448863 0.9188916448863 26595.542500000  2170.124819579 12557.368000000   218.355700000    37.916678100   134.773717500    -622363  0.506770071563  0.506770071563  0.123431250000  0.080466937500  0.281902000000 21573.000   199.015     0.786045875     0.987974202  -56.12253
   0  7 0.9800444000000 0.6000000000000 0.0450000000000 0.6000000000000 0.0450000000000 0.9149966077990 0.9149966077990 25280.480500000  2794.431698180 15525.064000000   207.594200000    33.027129649   120.367345000    -267685  0.336112687440  0.336112687440  0.142049050000  0.050697562500  0.494470300000 21930.198   189.316     0.855157500     0.988002711  -57.23445
   0  6 0.9872248700000 0.6000000000000 0.0450000000000 0.6000000000000 0.0450000000000 0.7897462697095 0.7897462697095 24259.489000000  2938.154825282 15950.832000000   216.552300000    27.985481205   105.021235000    -497278  0.310538076379  0.310538076379  0.145281400000  0.055514687500  0.465042000000 21189.821   198.386     0.866185875     0.988915676  -56.99538
   0  7 0.9626482900000 0.6000000000000 0.0450000000000 0.6000000000000 0.0450000000000 0.6780477670375 0.6780477670375 23832.025000000  2646.799086815 13943.426000000   217.034700000    40.444018548   146.653735000    -149316  0.595430698267  0.595430698267  0.123014650000  0.056533937500  0.573583100000 18880.272   197.485     0.791939750     0.989254800  -58.32112
   0  7 0.9816582900000 0.6000000000000 0.0450000000000 0.6000000000000 0.0450000000000 0.8322685158844 0.8322685158844 26653.430500000  2229.981666713 11841.720000000   248.687200000    21.977396259    56.814440000    -450451  0.359819701617  0.359819701617  0.173116850000  0.082827250000  0.227415700000 17698.132   218.031     0.697082875     0.989431930  -50.77190
   0  8 0.9790352500000 0.6000000000000 0.0450000000000 0.6000000000000 0.0450000000000 0.9499477843414 0.9499477843414 22666.381000000  2496.301013681 13176.054000000   211.959800000    27.321917565    97.157502500    -385678  0.369562281810  0.369562281810  0.102859050000  0.059635000000  0.455256000000 18673.872   192.680     0.819030750     0.989470372  -58.23888
   0  7 0.9589623900000 0.6000000000000 0.0450000000000 0.6000000000000 0.0450000000000 0.8061444911696 0.8061444911696 21984.779500000  3007.709472468 15077.944000000   207.084400000    41.284998981   149.706720000    -253231  0.528974872001  0.528974872001  0.160531600000  0.074101062500  0.203723600000 18601.984   188.820     0.844366000     0.989620569  -56.03485
   0  7 0.9855915700000 0.6000000000000 0.0450000000000 0.6000000000000 0.0450000000000 0.4681194065525 0.4681194065525 19819.244500000  2740.559396337 13454.110000000   211.507300000    23.812631109    84.336772500    -871437  0.598872816252  0.598872816252  0.106926750000  0.121606937500  0.593489400000 17958.429   193.944     0.922039125     0.990738430  -52.65098
   0  7 0.9630529700000 0.6000000000000 0.0450000000000 0.6000000000000 0.0450000000000 0.9092203223624 0.9092203223624 25157.819500000  2915.979999901 15852.202000000   207.380500000    21.624821993    64.931282500    -239481  0.441356705596  0.441356705596  0.154258850000  0.070126687500  0.502359700000 20603.795   185.399     0.809487000     0.988127713  -53.76054
   0  7 0.9764630400000 0.6000000000000 0.0450000000000 0.6000000000000 0.0450000000000 0.5769431324377 0.5769431324377 23340.962500000  2385.764407254 12375.574000000   228.214600000    25.182226647    82.697407500    -717379  0.564964957900  0.564964957900  0.195742800000  0.053575812500  0.504261500000 19881.892   208.316     0.849827500     0.989941970  -55.77379
   0  7 0.9773327900000 0.6000000000000 0.0450000000000 0.6000000000000 0.0450000000000 0.5733391834199 0.5733391834199 21359.986000000  2517.294293812 12727.782000000   199.313900000    30.800125149   108.662047500    -702713  0.560607804997  0.560607804997  0.108424150000  0.134127625000  0.566903000000 17625.025   180.419     0.829093375     0.989456613  -52.44347
   0 10 0.9864869400000 0.6000000000000 0.0450000000000 0.6000000000000 0.0450000000000 0.9823051569898 0.9823051569898 24550.886500000  2435.168799457 13818.486000000   223.979700000    23.198170537    79.611987500    -111827  0.397378598248  0.397378598248  0.133825000000  0.050963437500  0.341383000000 22660.312   205.819     0.917177875     0.989159868  -57.23639
   0  7 0.9804824200000 0.6000000000000 0.0450000000000 0.6000000000000 0.0450000000000 0.7452119622629 0.7452119622629 24835.655500000  2343.149164977 12436.020000000   226.301200000    23.711509027    69.896925000    -483501  0.409731554607  0.409731554607  0.143163550000  0.052249125000  0.547098500000 21424.829   205.231     0.856789375     0.989185570  -58.17620
   0  6 0.9714217200000 0.6000000000000 0.0450000000000 0.6000000000000 0.0450000000000 0.8159043422483 0.8159043422483 21880.816000000  2619.059456645 13193.716000000   212.768900000    24.383053768    77.940220000    -953120  0.384487325906  0.384487325906  0.144252400000  0.106914062500  0.273782900000 19026.976   193.373     0.873606750     0.989908339  -56.65362
   0  6 0.9531158200000 0.6000000000000 0.0450000000000 0.6000000000000 0.0450000000000 0.7368484025347 0.7368484025347 23303.702500000  2705.675348219 13804.784000000   232.871600000    21.081527935    58.901817500    -823598  0.550993056055  0.550993056055  0.104396200000  0.054171625000  0.597079500000 18677.725   207.519     0.804477875     0.990226834  -57.24890
   0  6 0.9563943000000 0.6000000000000 0.0450000000000 0.6000000000000 0.0450000000000 0.6750513874664 0.6750513874664 21306.809500000  2737.720950778 13434.018000000   224.111900000    22.730280105    72.004257500    -620324  0.575287362117  0.575287362117  0.141200550000  0.053776625000  0.438151700000 18294.448   203.346     0.864076000     0.990709794  -58.64181
   0  6 0.9579588900000 0.6000000000000 0.0450000000000 0.6000000000000 0.0450000000000 0.8088497816856 0.8088497816856 22976.489500000  2570.553269132 12984.670000000   224.738900000    22.462760928    64.206305000    -194196  0.469932383219  0.469932383219  0.143858250000  0.063406562500  0.479931600000 20647.115   203.278     0.905438750     0.990006635  -58.22400
   0  8 0.9883926200000 0.6000000000000 0.0450000000000 0.6000000000000 0.0450000000000 0.7365171084787 0.7365171084787 20594.347000000  2933.795884428 14703.860000000   205.070900000    26.994976919   106.259030000    -341383  0.404663629218  0.404663629218  0.182248450000  0.053651437500  0.279993000000 15028.380   185.162     0.746891125     0.990055474  -51.27470
   0  7 0.9575802200000 0.6000000000000 0.0450000000000 0.6000000000000 0.0450000000000 0.8913337625119 0.8913337625119 26154.214000000  2788.054150682 15320.000000000   223.681300000    37.583335990   139.770787500    -377928  0.488220722097  0.488220722097  0.197747350000  0.091917625000  0.434946300000 21597.709   204.347     0.814477500     0.988571620  -52.37106
   0  8 0.9672783500000 0.6000000000000 0.0450000000000 0.6000000000000 0.0450000000000 0.8390945093024 0.8390945093024 23156.066500000  2246.865166485 11427.486000000   216.871700000    40.885898152   144.311622500    -863118  0.508351887215  0.508351887215  0.172106800000  0.061657875000  0.391332400000 19720.455   198.519     0.851620375     0.989537565  -56.54067
   0 10 0.9874708800000 0.6000000000000 0.0450000000000 0.6000000000000 0.0450000000000 0.8657031406074 0.8657031406074 26095.313500000  2373.321833636 13819.908000000   212.689000000    28.717943432   102.188405000    -111724  0.442555626942  0.442555626942  0.139496500000  0.068922625000  0.546124700000 20070.201   192.125     0.751652500     0.987858274  -56.41288
   0  7 0.9763422300000 0.6000000000000 0.0450000000000 0.6000000000000 0.0450000000000 0.7389495222562 0.7389495222562 20073.301000000  3146.720253198 14943.562000000   212.228900000    22.972342721    86.963260000    -439616  0.441959422308  0.441959422308  0.170047100000  0.127754000000  0.334080200000 17669.794   194.091     0.887838000     0.990699047  -52.21453
   0  6 0.9707491100000 0.6000000000000 0.0450000000000 0.6000000000000 0.0450000000000 0.9249673633592 0.9249673633592 23169.728500000  2761.407676467 14358.144000000   216.824400000    38.910067153   144.783685000    -587646  0.342538936992  0.342538936992  0.148498700000  0.074038187500  0.532526100000 20247.569   198.879     0.872634250     0.989516429  -57.93076
   0  7 0.9787926900000 0.6000000000000 0.0450000000000 0.6000000000000 0.0450000000000 0.8723399340997 0.8723399340997 22107.278500000  2618.467711608 13550.924000000   222.797100000    23.019779439    75.287050000     -79704  0.359835615732  0.359835615732  0.121093600000  0.062158062500  0.504634300000 19858.032   203.873     0.902715125     0.990230860  -58.63122
   0  8 0.9795717100000 0.6000000000000 0.0450000000000 0.6000000000000 0.0450000000000 0.8013164586203 0.8013164586203 25803.038500000  2615.514310529 14771.776000000   235.060400000    19.560311235    52.400777500    -119834  0.434115324575  0.434115324575  0.129733200000  0.059934062500  0.246292100000 21600.319   209.375     0.820876500     0.989188243  -57.00046
   0  6 0.9668309200000 0.6000000000000 0.0450000000000 0.6000000000000 0.0450000000000 0.7605392719896 0.7605392719896 21564.713500000  2574.416936253 12777.224000000   217.372600000    30.372804467   111.243002500    -339881  0.441083846613  0.441083846613  0.123327050000  0.091945750000  0.262647400000 19087.684   199.447     0.893279375     0.990280421  -57.17384
   0  7 0.9796645600000 0.6000000000000 0.0450000000000 0.6000000000000 0.0450000000000 0.6797110572313 0.6797110572313 24131.941000000  2511.108413263 13460.376000000   204.202000000    32.945764483   115.034355000    -558952  0.455285107948  0.455285107948  0.159871850000  0.083018062500  0.551030500000 21214.973   186.159     0.873639875     0.988359859  -56.60670
   0 10 0.9684021500000 0.6000000000000 0.0450000000000 0.6000000000000 0.0450000000000 0.9217552273696 0.9217552273696 24548.186500000  2331.691945021 12765.768000000   233.513900000    22.441514122    71.715202500    -271451  0.589508783988  0.589508783988  0.158685500000  0.093756250000  0.475602700000 20880.062   210.970     0.831574625     0.989695203  -55.84850
   0  7 0.9744627600000 0.6000000000000 0.0450000000000 0.6000000000000 0.0450000000000 0.6457034162478 0.6457034162478 25079.857000000  2504.809802373 13536.732000000   211.011100000    31.258350967   108.875020000    -846395  0.521194616891  0.521194616891  0.143713800000  0.059299875000  0.591267200000 21259.980   191.986     0.839175375     0.988322050  -58.92700
   0  9 0.9821930100000 0.6000000000000 0.0450000000000 0.6000000000000 0.0450000000000 0.9408828965775 0.9408828965775 25708.835500000  2433.395438788 13806.260000000   218.657500000    25.108906109    84.390105000    -374446  0.397646688485  0.397646688485  0.136408500000  0.057315812500  0.506242300000 20546.662   197.786     0.783539750     0.988402998  -58.29162
   0  9 0.9886160200000 0.6000000000000 0.0450000000000 0.6000000000000 0.0450000000000 0.8155134149668 0.8155134149668 23861.738500000  2279.167005958 12427.686000000   205.907200000    34.246407209   121.123490000    -183727  0.407905781599  0.407905781599  0.165096700000  0.094553562500  0.527190500000 19361.363   186.837     0.801459500     0.988522718  -55.72949
   0  6 0.9729659600000 0.6000000000000 0.0450000000000 0.6000000000000 0.0450000000000 0.9654422586314 0.9654422586314 24456.130000000  2568.686587435 13557.402000000   218.828100000    21.533416427    56.254887500    -638952  0.317557571982  0.317557571982  0.114191400000  0.096367750000  0.597724600000 21137.051   195.624     0.859928625     0.989026177  -56.61151
   0 10 0.9838128800000 0.6000000000000 0.0450000000000 0.6000000000000 0.0450000000000 0.9757895159011 0.9757895159011 24090.982000000  2346.022408831 13052.916000000   187.987600000    40.914648427   128.948385000    -520359  0.420703756612  0.420703756612  0.184521600000  0.122469312500  0.554265000000 20828.557   169.984     0.845417375     0.987347774  -49.71066
   0  8 0.9836051400000 0.6000000000000 0.0450000000000 0.6000000000000 0.0450000000000 0.7833797305172 0.7833797305172 25993.361500000  2346.590521917 13014.414000000   222.301000000    31.823005729   114.663692500    -990263  0.414148257052  0.414148257052  0.179024000000  0.058146250000  0.240133600000 21831.885   203.249     0.826693250     0.988457276  -56.55272
   0  6 0.9691328400000 0.6000000000000 0.0450000000000 0.6000000000000 0.0450000000000 0.8343686831978 0.8343686831978 27087.496000000  2703.862842096 14959.454000000   217.456600000    34.440790757   122.267002500    -451341  0.388846702527  0.388846702527  0.160151200000  0.061977250000  0.279442100000 22860.187   198.140     0.832393125     0.987786547  -55.93453
   0  6 0.9770619400000 0.6000000000000 0.0450000000000 0.6000000000000 0.0450000000000 0.7948824247157 0.7948824247157 21190.898500000  2853.823082200 14258.804000000   217.846300000    26.851814111   100.868710000     -58561  0.362520285274  0.362520285274  0.148729750000  0.058657687500  0.516811100000 18609.445   199.861     0.883987750     0.990431154  -58.11026
   0  7 0.9672758400000 0.6000000000000 0.0450000000000 0.6000000000000 0.0450000000000 0.8770104017403 0.8770104017403 22451.650000000  2747.496495291 14165.498000000   205.017700000    27.280213069    96.390210000    -281260  0.429218526212  0.429218526212  0.158911350000  0.062272750000  0.227255600000 20441.706   187.431     0.918520000     0.989269316  -57.12567
   0  7 0.9870140700000 0.6000000000000 0.0450000000000 0.6000000000000 0.0450000000000 0.8950616724424 0.8950616724424 21972.940000000  2485.191815811 12878.432000000   204.448900000    28.230149059    98.303257500    -108256  0.305698021526  0.305698021526  0.125269550000  0.056972000000  0.551679100000 19418.504   186.595     0.885335000     0.989367583  -58.55095
   0  9 0.9598152200000 0.6000000000000 0.0450000000000 0.6000000000000 0.0450000000000 0.9422044867356 0.9422044867356 22748.731000000  2672.009265506 14008.440000000   195.518200000    41.180534525   137.847210000    -497945  0.583200417127  0.583200417127  0.174806400000  0.068980750000  0.300851400000 19358.277   177.323     0.838688250     0.988622381  -53.75766
   0 11 0.9856442600000 0.6000000000000 0.0450000000000 0.6000000000000 0.0450000000000 0.7987013148938 0.7987013148938 22511.873500000  2579.513800746 14103.158000000   216.099600000    19.650523177    62.559790000     -44729  0.563945051022  0.563945051022  0.192224800000  0.090770375000  0.252860500000 20126.479   195.266     0.876591875     0.989703367  -54.97908
   0  7 0.9867346800000 0.6000000000000 0.0450000000000 0.6000000000000 0.0450000000000 0.6629537566496 0.6629537566496 22341.125500000  2417.695165478 12543.164000000   213.305000000    32.701308881   120.344855000    -665703  0.414707138597  0.414707138597  0.135696350000  0.089468312500  0.576072900000 20583.156   196.629     0.934154875     0.989640198  -56.34928
   0  7 0.9828443900000 0.6000000000000 0.0450000000000 0.6000000000000 0.0450000000000 0.8051772018724 0.8051772018724 29531.873500000  2422.178035434 13874.044000000   230.563400000    21.619969893    53.394270000    -275110  0.364661962058  0.364661962058  0.156128200000  0.050214875000  0.233355900000 23121.805   203.367     0.774314500     0.987361601  -54.30611
   0  6 0.9634069600000 0.6000000000000 0.0450000000000 0.6000000000000 0.0450000000000 0.8217891034761 0.8217891034761 22153.759000000  2502.890442062 12446.660000000   199.413500000    44.454794081   144.818785000    -134954  0.428668946807  0.428668946807  0.161736150000  0.075559687500  0.558395600000 19870.048   181.864     0.906681000     0.989126644  -55.36653
   0  8 0.9626064600000 0.6000000000000 0.0450000000000 0.6000000000000 0.0450000000000 0.9382048777898 0.9382048777898 23260.462000000  2426.988789228 12620.784000000   204.428800000    32.393254262   112.742845000    -970874  0.489845500569  0.489845500569  0.111965700000  0.119301250000  0.433333500000 20153.662   185.961     0.862773000     0.988865923  -55.20007
   0 11 0.9858695400000 0.6000000000000 0.0450000000000 0.6000000000000 0.0450000000000 0.8760764071089 0.8760764071089 23161.642000000  2421.196216126 13464.154000000   209.712100000    34.650246401   130.051922500    -644254  0.511900681361  0.511900681361  0.164216150000  0.070580437500  0.238311400000 21268.211   193.329     0.911618375     0.989081913  -57.39098
   0  8 0.9725989200000 0.6000000000000 0.0450000000000 0.6000000000000 0.0450000000000 0.8783912212242 0.8783912212242 20954.797000000  2480.960396747 12476.082000000   218.174200000    26.718652545    97.395077500    -438167  0.445239412271  0.445239412271  0.136346750000  0.051462312500  0.404159200000 18494.656   200.057     0.887476750     0.990570500  -58.62819
   0  8 0.9740001100000 0.6000000000000 0.0450000000000 0.6000000000000 0.0450000000000 0.8510277774844 0.8510277774844 23894.989000000  2416.796154845 12892.280000000   206.047500000    29.623787733   101.873545000    -235102  0.449009272518  0.449009272518  0.136587050000  0.098647687500  0.519015800000 18970.420   186.003     0.790793000     0.988607997  -56.03696
   0  7 0.9558197800000 0.6000000000000 0.0450000000000 0.6000000000000 0.0450000000000 0.7533809127547 0.7533809127547 23187.238000000  2639.066186194 13618.042000000   214.386800000    22.411549423    66.248215000    -504454  0.592632977361  0.592632977361  0.158042850000  0.062843375000  0.516611800000 20608.208   193.405     0.889821375     0.989432401  -57.72679
 
  COND2           1     1208462  1.656809586265237E+045  1.459303567493244E+043
  8.807913592429112E-003         100
   1208462  21516925    920267         0     30024         0         0         0         0         0   1084287        11         0   9840024   1208462
 PARAMETER FILE GB01A.PAR   
