  Aa Am            MSYL            MSYR           MORTJ           MORTA             K1+           PInit      ISEED   PTarget           CVADD              AR        PREG-MAX           GAMMA              P0   SSTILDA     LIKEL
   0  9 0.9842571000000 0.6000000000000 0.0450000000000 0.6000000000000 0.0100000000000 0.6190245775259 0.1315978410806 23006.324500000  2401.285873857 12952.730000000   907.914925000   114.291766675   135.645660000    -782710  0.582238081760  0.582238081760  0.182552450000  0.076756125000  0.234013400000 19375.742   209.405     0.830587125     0.997497574  -56.03413
   0  6 0.9744467900000 0.6000000000000 0.0450000000000 0.6000000000000 0.0100000000000 0.6663126316122 0.2151864026584 24402.076000000  2692.044418982 14358.880000000   674.209450000   120.107019977   139.775500000    -276351  0.450007480985  0.450007480985  0.132113550000  0.069320562500  0.478047600000 21022.584   210.926     0.855918375     0.996443885  -57.53479
   0  7 0.9827033600000 0.6000000000000 0.0450000000000 0.6000000000000 0.0100000000000 0.6491173592470 0.1681889737176 21315.274000000  2563.780351007 13067.756000000   663.038200000   125.441125343   148.168430000    -173500  0.453399053319  0.453399053319  0.186413650000  0.106737750000  0.319706000000 19945.311   218.768     0.963610000     0.996828184  -52.04514
   0  6 0.9512051900000 0.6000000000000 0.0450000000000 0.6000000000000 0.0100000000000 0.9455637353655 0.3915674284827 24646.534000000  2504.447911220 12808.022000000   965.172250000   113.666949315   133.551392500    -275643  0.440502835828  0.440502835828  0.167797750000  0.069056062500  0.443707400000 20960.594   207.006     0.848519750     0.997506801  -56.88795
   0  9 0.9833112700000 0.6000000000000 0.0450000000000 0.6000000000000 0.0100000000000 0.8726478204593 0.1894648882069 24786.299500000  2277.993472274 12509.742000000   906.470200000   115.179093744   134.315435000    -944330  0.420169205841  0.420169205841  0.127536950000  0.088177875000  0.300409000000 21311.494   209.114     0.845941375     0.997301209  -56.46887
   0  8 0.9788437700000 0.6000000000000 0.0450000000000 0.6000000000000 0.0100000000000 0.8084089449456 0.2084835643360 22795.643500000  2492.539063561 13185.782000000   917.295175000   107.680451762   126.350400000    -823603  0.435685894590  0.435685894590  0.119085050000  0.127081437500  0.505591600000 19639.342   195.556     0.855456875     0.997553278  -54.92428
   0  7 0.9881921900000 0.6000000000000 0.0450000000000 0.6000000000000 0.0100000000000 0.7513274056512 0.1711611874298 24938.660500000  2581.895697476 14288.686000000   898.017400000   112.310392619   133.574467500    -987369  0.356866392398  0.356866392398  0.115530800000  0.080629812500  0.429263300000 22584.296   216.438     0.900152375     0.997250413  -54.91907
   0  7 0.9870391400000 0.6000000000000 0.0450000000000 0.6000000000000 0.0100000000000 0.6762808446070 0.1587241857056 22705.747000000  2321.288868945 11976.958000000   793.456525000   119.977693626   140.017625000    -817451  0.404419181232  0.404419181232  0.140784200000  0.098179250000  0.405819300000 17747.283   207.342     0.789247125     0.997168943  -55.21317
   0  6 0.9608317300000 0.6000000000000 0.0450000000000 0.6000000000000 0.0100000000000 0.7767230638662 0.2958238012783 24234.865000000  2462.496600060 12585.864000000   539.489350000   131.344580573   145.171312500    -263335  0.470260817638  0.470260817638  0.181168650000  0.112527750000  0.373714300000 21646.584   202.620     0.896033125     0.995606179  -53.59859
   0  7 0.9572301100000 0.6000000000000 0.0450000000000 0.6000000000000 0.0100000000000 0.7295052618126 0.2675861381376 25063.441000000  2317.476120118 11887.812000000   608.900050000   131.902453571   147.366395000    -271323  0.599585402799  0.599585402799  0.130858650000  0.055753000000  0.554503900000 20875.938   207.498     0.831813875     0.995977122  -57.35910
   0  7 0.9548996500000 0.6000000000000 0.0450000000000 0.6000000000000 0.0100000000000 0.9214584331554 0.3450057137115 23966.404000000  2512.571135766 13019.726000000   550.259875000   130.927155004   146.329385000    -700174  0.491039501141  0.491039501141  0.116710650000  0.087283562500  0.479172400000 19460.565   202.532     0.810920000     0.995745102  -57.22473
   0 11 0.9833576300000 0.6000000000000 0.0450000000000 0.6000000000000 0.0100000000000 0.8345774021446 0.1505174086104 20911.880500000  2617.136832996 13612.848000000   968.897350000   112.162951614   137.509697500    -395254  0.564020591198  0.564020591198  0.153861650000  0.059829312500  0.310384700000 18070.670   212.494     0.847144875     0.997869712  -56.53549
   0  6 0.9847913600000 0.6000000000000 0.0450000000000 0.6000000000000 0.0100000000000 0.4429730003256 0.1183863823921 23089.876000000  2431.082577978 12542.504000000   513.594100000   129.448595296   142.600530000    -106084  0.576043454574  0.576043454574  0.132995100000  0.052351000000  0.493001500000 20348.110   197.289     0.882414125     0.995558758  -58.34927
   0 10 0.9857429600000 0.6000000000000 0.0450000000000 0.6000000000000 0.0100000000000 0.8863199471527 0.1662651808417 22529.828500000  2205.507153176 11741.508000000   970.334650000   113.285081479   132.951670000    -227616  0.446655798394  0.446655798394  0.165911000000  0.060987187500  0.598995300000 18281.452   201.324     0.801869750     0.997704901  -55.90273
   0  8 0.9794119000000 0.6000000000000 0.0450000000000 0.6000000000000 0.0100000000000 0.8407424839166 0.2145920716279 25234.472500000  2361.137443556 12890.820000000   850.235725000   117.709726741   137.296530000    -776034  0.414889512403  0.414889512403  0.166603450000  0.056362500000  0.366920800000 20162.827   211.098     0.792294250     0.997077035  -57.04459
   0 10 0.9728006700000 0.6000000000000 0.0450000000000 0.6000000000000 0.0100000000000 0.8409485721842 0.2023551133608 27237.238000000  2355.602405169 13618.622000000   772.602400000   114.474093921   129.846035000    -758877  0.597401258650  0.597401258650  0.185920850000  0.058711062500  0.424873100000 23076.496   201.615     0.820374875     0.996538606  -54.87577
   0  8 0.9824053900000 0.6000000000000 0.0450000000000 0.6000000000000 0.0100000000000 0.8987961722245 0.2163878683218 20472.145000000  2732.222635498 13721.842000000   674.812000000   115.084950770   136.429430000    -999540  0.368590468187  0.368590468187  0.129113500000  0.072256812500  0.478394000000 18799.726   201.504     0.934264750     0.997007313  -55.94102
   0  6 0.9722762300000 0.6000000000000 0.0450000000000 0.6000000000000 0.0100000000000 0.7022585580605 0.2340017235290 22394.761000000  2752.866866623 14099.562000000   457.932250000   130.257216976   143.870695000    -673310  0.441079955704  0.441079955704  0.177342700000  0.064805125000  0.218110400000 20006.867   194.406     0.897902875     0.995199376  -56.15882
   0  9 0.9615168600000 0.6000000000000 0.0450000000000 0.6000000000000 0.0100000000000 0.9288013665195 0.2803254699301 26735.254000000  2610.000233447 14831.310000000   700.442875000   122.767300847   142.368220000     -37692  0.575232623952  0.575232623952  0.142156050000  0.124600250000  0.211376300000 21162.215   215.834     0.773301625     0.996266047  -51.95169
   0  7 0.9545621500000 0.6000000000000 0.0450000000000 0.6000000000000 0.0100000000000 0.7821505801841 0.2936900174934 22003.355500000  2601.758136310 13053.562000000   847.313875000   118.915164361   142.370137500    -650869  0.581327208552  0.581327208552  0.140140950000  0.051129187500  0.484123800000 18263.399   213.084     0.831974625     0.997463274  -57.86553
   0  8 0.9728118700000 0.6000000000000 0.0450000000000 0.6000000000000 0.0100000000000 0.7506333129807 0.2134163357521 20870.125000000  2863.739057912 14296.796000000   555.020650000   125.716823794   147.578587500    -114618  0.519189335338  0.519189335338  0.129689850000  0.064213687500  0.300097000000 17244.108   206.213     0.825212750     0.996307998  -55.51536
   0 10 0.9717218300000 0.6000000000000 0.0450000000000 0.6000000000000 0.0100000000000 0.9194850093695 0.2248203298042 26053.909000000  2393.322181386 13607.592000000   723.072700000   121.650283705   139.885447500    -554008  0.557050350346  0.557050350346  0.113075700000  0.065829250000  0.254674200000 22819.536   213.313     0.853133000     0.996463704  -56.13309
   0  7 0.9747764800000 0.6000000000000 0.0450000000000 0.6000000000000 0.0100000000000 0.9575713348515 0.2857126808162 24014.572000000  2501.002140325 13277.446000000   785.823175000   114.163424799   132.475220000    -561289  0.349699845757  0.349699845757  0.101515800000  0.053716125000  0.574026700000 19904.523   201.299     0.824275000     0.996996994  -57.81601
   0  6 0.9829913700000 0.6000000000000 0.0450000000000 0.6000000000000 0.0100000000000 0.5318275926590 0.1477662101234 22849.562500000  2644.406399826 13811.348000000   620.382700000   120.319030001   138.785712500    -349392  0.493868253381  0.493868253381  0.150403600000  0.055131187500  0.377537200000 19366.017   202.907     0.846449500     0.996365480  -58.59425
   0  9 0.9690458300000 0.6000000000000 0.0450000000000 0.6000000000000 0.0100000000000 0.9532900678906 0.2633363923441 25059.458500000  2695.961852476 15028.004000000   941.999500000   113.883805390   138.039415000     -59657  0.493944076057  0.493944076057  0.143579500000  0.068402625000  0.297590800000 20624.637   220.722     0.803370750     0.997391745  -54.57888
   0  6 0.9580424500000 0.6000000000000 0.0450000000000 0.6000000000000 0.0100000000000 0.6945820670205 0.2716227248296 26408.149000000  2568.732722954 13693.756000000   555.805225000   120.403465261   130.913920000    -377338  0.546613070042  0.546613070042  0.156680600000  0.121707437500  0.297569900000 21266.311   186.878     0.801704500     0.995355605  -52.40705
   0  7 0.9865298500000 0.6000000000000 0.0450000000000 0.6000000000000 0.0100000000000 0.8808029380561 0.2093571413626 23420.896000000  2652.853782356 14283.668000000   891.889525000   114.979441804   139.070770000    -574849  0.313233222018  0.313233222018  0.155763200000  0.103589937500  0.455297200000 20090.546   219.692     0.850931625     0.997402947  -54.61173
   0  6 0.9675104700000 0.6000000000000 0.0450000000000 0.6000000000000 0.0100000000000 0.8665753814505 0.3070183389687 22581.668500000  2435.981990435 12174.094000000   874.234450000   118.387824122   139.767992500     -95908  0.383330639504  0.383330639504  0.189657250000  0.060593125000  0.311799000000 20747.320   213.114     0.935805500     0.997468769  -54.64952
   0  6 0.9845059700000 0.6000000000000 0.0450000000000 0.6000000000000 0.0100000000000 0.6596318439602 0.1774156659740 19951.679500000  2426.860994394 11739.470000000   676.862650000   120.896803355   140.701295000    -853462  0.388625641548  0.388625641548  0.135437950000  0.051883750000  0.419937000000 15844.698   198.570     0.811598125     0.997088581  -54.55381
   0  7 0.9885790400000 0.6000000000000 0.0450000000000 0.6000000000000 0.0100000000000 0.7119637408823 0.1605193373872 20988.115000000  2532.525507552 12893.410000000   763.560100000   115.489073449   136.572397500     -68940  0.374083357128  0.374083357128  0.149698300000  0.050754750000  0.210506400000 19391.371   206.016     0.942742250     0.997277754  -57.21915
   0 11 0.9794742500000 0.6000000000000 0.0450000000000 0.6000000000000 0.0100000000000 0.8738070442436 0.1710062634476 22987.910500000  2593.554157586 14220.718000000   589.646575000   120.731958622   138.637252500    -921999  0.580141253493  0.580141253493  0.126475450000  0.073823312500  0.275246400000 21087.370   202.895     0.909255875     0.996160360  -57.02294
   0  7 0.9776437200000 0.6000000000000 0.0450000000000 0.6000000000000 0.0100000000000 0.7493919349735 0.2134952371038 24590.779000000  2478.157334404 13305.480000000   942.174100000   114.349273194   135.546340000     -25105  0.426755807602  0.426755807602  0.202418100000  0.058533312500  0.553749600000 17952.132   209.828     0.742772875     0.997431832  -54.42341
   0 11 0.9864940000000 0.6000000000000 0.0450000000000 0.6000000000000 0.0100000000000 0.7580506827210 0.1266893372424 20027.320000000  2423.041708023 12406.352000000   863.403850000   112.845012219   134.805307500    -153186  0.584485026757  0.584485026757  0.209010150000  0.058946812500  0.464763500000 17092.306   200.485     0.842688375     0.997706034  -53.23266
   0  7 0.9891877600000 0.6000000000000 0.0450000000000 0.6000000000000 0.0100000000000 0.5290312301117 0.1172955451816 23614.418500000  2486.471499502 13355.760000000   543.137725000   130.654240748   147.080785000    -691007  0.498141073940  0.498141073940  0.191349150000  0.050463125000  0.355669900000 20087.254   208.085     0.844288625     0.995692224  -56.94853
   0  9 0.9821680600000 0.6000000000000 0.0450000000000 0.6000000000000 0.0100000000000 0.8419559680359 0.1873115386108 23505.946000000  2623.451014068 14383.134000000   478.891225000   131.707391886   146.127300000    -770940  0.444568506947  0.444568506947  0.125242450000  0.085840937500  0.213309500000 20037.821   200.316     0.836363750     0.995158696  -57.14396
   0  9 0.9743669100000 0.6000000000000 0.0450000000000 0.6000000000000 0.0100000000000 0.8411111487670 0.2153326708030 21579.631000000  2498.612512718 12930.306000000   538.984225000   123.765374251   139.287935000    -804542  0.510863394619  0.510863394619  0.166495050000  0.089971125000  0.431635300000 19195.399   193.491     0.888037625     0.996066340  -55.05239
   0  6 0.9776452900000 0.6000000000000 0.0450000000000 0.6000000000000 0.0100000000000 0.8634100982190 0.2650622674818 20584.222000000  2820.617067786 13884.134000000   572.043700000   126.879340914   149.477887500    -402847  0.330771427434  0.330771427434  0.142035550000  0.055367437500  0.233812800000 18499.280   212.184     0.911636125     0.996459311  -56.77690
   0  6 0.9851233700000 0.6000000000000 0.0450000000000 0.6000000000000 0.0100000000000 0.5923325034875 0.1571186400911 22390.778500000  2760.834417793 14361.890000000   568.198225000   116.433010765   132.979555000    -178092  0.428483745892  0.428483745892  0.194681200000  0.067975500000  0.580747400000 18435.213   190.957     0.824786250     0.996106298  -53.73412
   0  6 0.9603602900000 0.6000000000000 0.0450000000000 0.6000000000000 0.0100000000000 0.6863542148948 0.2626127752578 22357.771000000  2798.507561756 14140.816000000   994.111075000   111.438943257   135.877417500    -107028  0.535688721658  0.535688721658  0.159456450000  0.059103562500  0.526574900000 18671.298   211.476     0.836492875     0.997800471  -57.17905
   0  9 0.9705836900000 0.6000000000000 0.0450000000000 0.6000000000000 0.0100000000000 0.8482766915134 0.2295359331857 24536.549500000  2637.246826012 14561.800000000   940.014100000   107.451529436   127.684622500    -201061  0.540711953683  0.540711953683  0.120801400000  0.092419187500  0.264908000000 22192.747   205.903     0.895059875     0.997439358  -55.45371
   0  8 0.9881364700000 0.6000000000000 0.0450000000000 0.6000000000000 0.0100000000000 0.6973371619842 0.1467013560300 21613.583500000  2614.301269801 13680.572000000   618.463225000   120.467658165   140.408047500    -837368  0.429370792955  0.429370792955  0.235848400000  0.066066187500  0.361141800000 20233.082   207.145     0.957768625     0.996540008  -52.77713
   0  9 0.9842726100000 0.6000000000000 0.0450000000000 0.6000000000000 0.0100000000000 0.7140274290890 0.1517409005420 21319.175500000  2496.280505454 13005.856000000   586.402975000   125.482718191   144.849790000    -695746  0.504627670950  0.504627670950  0.128699650000  0.076554375000  0.590830600000 18508.869   205.314     0.862536625     0.996409644  -57.46558
   0 10 0.9768563600000 0.6000000000000 0.0450000000000 0.6000000000000 0.0100000000000 0.8342256114659 0.1879976896809 22786.045000000  2383.076345887 12799.324000000   797.260150000   113.370539278   131.713062500    -715871  0.559593638996  0.559593638996  0.132210550000  0.070995875000  0.470155600000 18623.761   196.540     0.802138125     0.997188832  -56.63926
   0  7 0.9819188900000 0.6000000000000 0.0450000000000 0.6000000000000 0.0100000000000 0.7545125873704 0.1986494676611 20282.767000000  2617.318000918 12994.282000000   822.277900000   120.449253479   146.533972500    -568042  0.395189289752  0.395189289752  0.169011250000  0.055830250000  0.213165800000 18973.405   222.382     0.969064125     0.997567412  -53.29922
   0  8 0.9548173500000 0.6000000000000 0.0450000000000 0.6000000000000 0.0100000000000 0.9047187165671 0.3147797189492 23033.149000000  2798.528562892 14561.520000000   999.333100000   111.157295141   135.700325000    -317518  0.573455929724  0.573455929724  0.154910450000  0.090759312500  0.375896400000 18941.005   212.688     0.815138875     0.997748401  -55.36475
   0 11 0.9857787500000 0.6000000000000 0.0450000000000 0.6000000000000 0.0100000000000 0.9701690376937 0.1651327396822 24176.909500000  2380.396568123 13517.478000000   615.970000000   127.569059019   146.273907500    -215838  0.463066698500  0.463066698500  0.162151050000  0.060452375000  0.349392700000 21433.516   214.525     0.864059000     0.996120137  -56.84430
   0  8 0.9713249800000 0.6000000000000 0.0450000000000 0.6000000000000 0.0100000000000 0.9140039969250 0.2654042044656 23643.457000000  2692.044621026 14462.974000000   612.554275000   123.464896343   143.131060000    -558748  0.436960818680  0.436960818680  0.145129150000  0.052659750000  0.283611600000 19087.059   208.054     0.799622250     0.996212457  -57.56512
   0  6 0.9747185200000 0.6000000000000 0.0450000000000 0.6000000000000 0.0100000000000 0.7649982389493 0.2460502993852 24328.379500000  2776.954053078 14850.440000000   853.995025000   112.060490538   134.139090000    -728393  0.390352371644  0.390352371644  0.142211850000  0.060131812500  0.326299500000 20904.636   212.334     0.853264500     0.997200677  -57.22230
   0  7 0.9587749800000 0.6000000000000 0.0450000000000 0.6000000000000 0.0100000000000 0.7330312124264 0.2650612493529 24249.026500000  2514.827162661 13157.040000000   538.854625000   123.982354156   136.272877500    -245070  0.583341596581  0.583341596581  0.161848400000  0.089110500000  0.312015200000 20958.721   190.965     0.860164500     0.995600495  -55.09235
   0  6 0.9827348900000 0.6000000000000 0.0450000000000 0.6000000000000 0.0100000000000 0.8501101709164 0.2374541877355 22979.189500000  2397.791129354 12251.174000000   672.754150000   115.751897404   130.584987500    -370904  0.310228643695  0.310228643695  0.144897450000  0.072080750000  0.263845700000 21327.981   193.703     0.946169625     0.996629906  -53.43817
   0  6 0.9682150000000 0.6000000000000 0.0450000000000 0.6000000000000 0.0100000000000 0.7071064173391 0.2484009308873 24895.730500000  2636.264896277 14015.964000000   904.754575000   108.188671855   126.765977500    -862408  0.465005745377  0.465005745377  0.173256500000  0.053860937500  0.287000600000 22661.152   203.024     0.912404625     0.997302886  -55.41782
   0  8 0.9870473100000 0.6000000000000 0.0450000000000 0.6000000000000 0.0100000000000 0.7459003539135 0.1614396515987 24611.528500000  2552.672948066 14212.556000000   890.660800000   112.732877445   134.215692500    -303301  0.409314255489  0.409314255489  0.156409000000  0.055962312500  0.492570000000 20322.818   212.892     0.813438375     0.997266214  -57.19766
   0  6 0.9853823600000 0.6000000000000 0.0450000000000 0.6000000000000 0.0100000000000 0.4913274588483 0.1295550235885 22603.687000000  2666.652603184 13913.792000000   641.811475000   119.194066069   138.615835000    -139067  0.514405235000  0.514405235000  0.143703950000  0.086950312500  0.245737100000 20351.699   206.291     0.904446625     0.996519540  -56.87326
   0  6 0.9733718100000 0.6000000000000 0.0450000000000 0.6000000000000 0.0100000000000 0.7756249848017 0.2544734303014 21899.041000000  2616.389818312 13214.898000000   770.580325000   116.063393891   137.126230000    -694459  0.392880632917  0.392880632917  0.102644800000  0.084659187500  0.565547500000 18397.194   204.520     0.843595125     0.997209043  -56.39417
   0  8 0.9878369300000 0.6000000000000 0.0450000000000 0.6000000000000 0.0100000000000 0.7845489788416 0.1663676856307 22666.084000000  2880.898260877 15371.474000000   731.604025000   110.934604306   133.185800000    -272639  0.383696738254  0.383696738254  0.158274450000  0.051504437500  0.499507700000 19883.092   206.051     0.868665625     0.996933292  -56.92609
   0  7 0.9544152100000 0.6000000000000 0.0450000000000 0.6000000000000 0.0100000000000 0.9317327720397 0.3502921382580 22432.790500000  2785.841686641 14163.904000000   694.997875000   117.076643975   137.914680000    -467389  0.489036445032  0.489036445032  0.127923250000  0.079167312500  0.209738700000 18932.257   203.528     0.842193875     0.996847043  -57.21377
   0  6 0.9706679500000 0.6000000000000 0.0450000000000 0.6000000000000 0.0100000000000 0.5994249544532 0.2041287873289 24453.727000000  2824.389817026 15085.142000000   949.664125000   108.850322941   131.428557500    -812359  0.529201493073  0.529201493073  0.212015550000  0.056745062500  0.347423200000 17792.792   207.397     0.742664500     0.997473855  -52.91221
   0  7 0.9817318400000 0.6000000000000 0.0450000000000 0.6000000000000 0.0100000000000 0.9005515198115 0.2379868068359 24546.661000000  2466.008608069 13288.774000000   500.213800000   133.798533030   146.689030000    -939278  0.332131802431  0.332131802431  0.138008600000  0.059749625000  0.318946800000 22470.276   205.187     0.917852125     0.995161054  -56.84026
   0  6 0.9825658700000 0.6000000000000 0.0450000000000 0.6000000000000 0.0100000000000 0.7011372478437 0.1965214782582 24423.001000000  2618.099733073 14049.854000000   563.168125000   126.109940837   142.474430000    -930193  0.377156956896  0.377156956896  0.101414950000  0.089927312500  0.257221100000 20637.968   205.666     0.839468625     0.995721595  -56.26715
   0  8 0.9855563000000 0.6000000000000 0.0450000000000 0.6000000000000 0.0100000000000 0.5565857017787 0.1249578752888 20861.984500000  2373.937443954 12038.422000000   757.974700000   120.420757338   141.942632500    -887966  0.563250633088  0.563250633088  0.164103650000  0.051499062500  0.331441200000 19132.052   210.652     0.933114500     0.997279718  -56.04724
   0  6 0.9585378500000 0.6000000000000 0.0450000000000 0.6000000000000 0.0100000000000 0.9376591603842 0.3650154532383 20715.118000000  2546.535389396 12261.628000000   816.770350000   122.977839380   147.522200000    -146195  0.402153647711  0.402153647711  0.157207500000  0.062684187500  0.291476600000 17339.414   216.280     0.846625750     0.997520600  -55.18460
   0  8 0.9744480000000 0.6000000000000 0.0450000000000 0.6000000000000 0.0100000000000 0.8960643947967 0.2486114039241 24027.019000000  2510.433636716 13546.584000000   856.632700000   110.738365025   129.450835000     -96330  0.423274958957  0.423274958957  0.123836200000  0.083809187500  0.518431000000 21586.992   202.674     0.894451375     0.997244190  -56.51380
   0  6 0.9607431200000 0.6000000000000 0.0450000000000 0.6000000000000 0.0100000000000 0.7555265225655 0.2880014155954 22347.686500000  2733.833939472 13802.696000000   529.587100000   122.749733178   138.272862500    -977761  0.484052616672  0.484052616672  0.184039450000  0.060839125000  0.482488700000 18435.391   191.336     0.827540625     0.995872657  -55.16110
   0  7 0.9712621700000 0.6000000000000 0.0450000000000 0.6000000000000 0.0100000000000 0.7573911346152 0.2377439097975 25946.746000000  2812.231390456 15650.464000000   752.272975000   105.415217249   121.965402500    -762141  0.467309775896  0.467309775896  0.204247800000  0.056661812500  0.531290500000 20944.720   192.287     0.797527625     0.996615549  -51.26400
   0  7 0.9799474100000 0.6000000000000 0.0450000000000 0.6000000000000 0.0100000000000 0.7323388016904 0.2002824188740 22524.739000000  2816.333489648 14748.934000000   887.117950000   105.685269216   126.984085000    -581950  0.420613513842  0.420613513842  0.132095100000  0.054496125000  0.504270300000 19638.636   199.736     0.868584500     0.997498681  -57.24646
   0  8 0.9780024200000 0.6000000000000 0.0450000000000 0.6000000000000 0.0100000000000 0.6352060070276 0.1662762094019 20927.675500000  2313.492366752 11552.182000000   925.811425000   116.941720171   138.859682500    -510869  0.562471569592  0.562471569592  0.147429250000  0.059688000000  0.528320800000 16590.804   205.301     0.801073500     0.997775373  -55.15565
   0  8 0.9832973000000 0.6000000000000 0.0450000000000 0.6000000000000 0.0100000000000 0.6350315239159 0.1500339858569 22905.304000000  2473.405393954 13179.554000000   975.885850000   111.376280361   132.888035000    -507215  0.513650573834  0.513650573834  0.110785400000  0.096230625000  0.269639700000 19839.847   208.403     0.859552375     0.997683435  -56.85703
   0  6 0.9617809500000 0.6000000000000 0.0450000000000 0.6000000000000 0.0100000000000 0.7576382831896 0.2858388536951 24178.502500000  2659.025758890 13883.172000000   482.238325000   134.671589315   148.058970000    -557852  0.475742748290  0.475742748290  0.154020700000  0.050567812500  0.229966700000 22820.123   205.607     0.970652250     0.995094835  -55.46032
   0  8 0.9888679400000 0.6000000000000 0.0450000000000 0.6000000000000 0.0100000000000 0.8387598610926 0.1729697249297 22668.271000000  2502.150996428 13396.568000000   481.624750000   132.889134509   147.143510000    -348272  0.352308393802  0.352308393802  0.105818900000  0.052963875000  0.223163600000 20804.921   202.686     0.922665500     0.995337747  -57.42878
   0  7 0.9836509200000 0.6000000000000 0.0450000000000 0.6000000000000 0.0100000000000 0.9063376962021 0.2301774388049 23366.626000000  2755.184580047 14786.648000000   786.160000000   115.839640335   139.306492500    -478335  0.319617284367  0.319617284367  0.127206550000  0.074884187500  0.435940300000 21538.697   219.291     0.928344000     0.997065837  -54.75805
   0  6 0.9845593900000 0.6000000000000 0.0450000000000 0.6000000000000 0.0100000000000 0.6185095216494 0.1661581607137 24074.849500000  2652.252294801 14217.654000000   498.030175000   131.603009930   146.401047500    -429492  0.414106955384  0.414106955384  0.171094600000  0.050293062500  0.403031900000 22077.445   206.885     0.921559875     0.995225278  -56.69254
   0  6 0.9757279100000 0.6000000000000 0.0450000000000 0.6000000000000 0.0100000000000 0.6442970155041 0.2040382199263 22818.715000000  2768.076437833 14371.736000000   486.916075000   131.797488530   148.140772500    -639881  0.456447259240  0.456447259240  0.130503300000  0.179445000000  0.546267000000 21595.223   207.408     0.979649000     0.995392900  -49.30865
   0  7 0.9801112300000 0.6000000000000 0.0450000000000 0.6000000000000 0.0100000000000 0.9200452697477 0.2508516215223 28111.025500000  2304.338021608 12635.694000000   588.395125000   130.349095212   142.244200000    -988122  0.333901917819  0.333901917819  0.198535950000  0.063303687500  0.555332500000 22337.093   204.498     0.789230375     0.995293088  -54.24357
   0  8 0.9688460900000 0.6000000000000 0.0450000000000 0.6000000000000 0.0100000000000 0.7275487528712 0.2183493189208 22167.380500000  2189.833908275 10840.816000000   825.483700000   120.289685150   139.174997500    -550987  0.571610934850  0.571610934850  0.134627750000  0.086673187500  0.552721300000 17178.861   200.301     0.786744000     0.997367280  -52.88686
   0  7 0.9845632100000 0.6000000000000 0.0450000000000 0.6000000000000 0.0100000000000 0.7679470428957 0.1911546496470 21824.791000000  2637.298144617 13666.022000000   833.332600000   112.676393569   134.731207500    -202910  0.371468750400  0.371468750400  0.138873500000  0.127155125000  0.402779800000 18983.604   206.594     0.869524625     0.997413140  -55.12553
   0  6 0.9760910400000 0.6000000000000 0.0450000000000 0.6000000000000 0.0100000000000 0.5474175935001 0.1723694105703 28507.993000000  2414.885919969 13176.898000000   657.430975000   123.953210055   137.648960000     -37689  0.534267432607  0.534267432607  0.181867800000  0.050813250000  0.207191500000 22093.049   205.062     0.774542250     0.995736373  -55.07203
   0  6 0.9767787800000 0.6000000000000 0.0450000000000 0.6000000000000 0.0100000000000 0.4825501728691 0.1502758364089 23015.315500000  2456.800922932 12559.384000000   796.316950000   116.909729097   136.345547500    -994870  0.599757557226  0.599757557226  0.126343700000  0.059775375000  0.285263800000 19274.704   204.618     0.838915125     0.997157287  -58.69592
   0  8 0.9770128100000 0.6000000000000 0.0450000000000 0.6000000000000 0.0100000000000 0.8378012090466 0.2230581725061 24054.694000000  2326.474036332 12352.034000000   878.083525000   110.016552741   126.217800000     -82405  0.433655448089  0.433655448089  0.127398200000  0.067132875000  0.563425500000 19766.388   192.071     0.816230250     0.997305277  -55.59175
   0  8 0.9846848400000 0.6000000000000 0.0450000000000 0.6000000000000 0.0100000000000 0.6169707787829 0.1413532859391 25439.173000000  2395.998866021 13293.148000000   844.889725000   112.684674265   130.358332500    -187998  0.515990996078  0.515990996078  0.126647700000  0.103537937500  0.529047300000 20855.042   203.335     0.808425875     0.997025754  -55.83875
   0  9 0.9854975300000 0.6000000000000 0.0450000000000 0.6000000000000 0.0100000000000 0.6465232114055 0.1335201632943 23354.287000000  2386.706231061 12976.298000000   933.676750000   112.454550133   133.010885000     -71687  0.544997756200  0.544997756200  0.130498250000  0.054258000000  0.227672500000 20964.540   209.063     0.890965750     0.997527896  -58.24166
   0  9 0.9858214300000 0.6000000000000 0.0450000000000 0.6000000000000 0.0100000000000 0.7675969726982 0.1572883864408 24462.367000000  2533.340954689 14217.874000000   697.819150000   123.293434399   144.874425000    -849172  0.456319255457  0.456319255457  0.120246150000  0.052489812500  0.225462700000 19544.155   218.187     0.784872250     0.996534685  -55.45898
   0  6 0.9739841900000 0.6000000000000 0.0450000000000 0.6000000000000 0.0100000000000 0.5134261159574 0.1669534368108 24401.657500000  2577.869334500 13624.060000000   611.547175000   121.763499062   137.975325000    -128345  0.588090467776  0.588090467776  0.123237450000  0.054088187500  0.245983300000 21961.965   203.758     0.900386875     0.996080352  -57.73436
   0  8 0.9778938400000 0.6000000000000 0.0450000000000 0.6000000000000 0.0100000000000 0.6541771968517 0.1715662335152 22421.707000000  2269.799691773 11615.206000000   749.186875000   121.607102785   140.672922500    -486807  0.547166236494  0.547166236494  0.126433600000  0.052786250000  0.292020100000 19315.948   206.051     0.861362375     0.997054806  -57.52365
   0 10 0.9870656000000 0.6000000000000 0.0450000000000 0.6000000000000 0.0100000000000 0.8508158625553 0.1543334901428 26411.105500000  2350.493261067 13719.890000000   707.688100000   124.491049010   143.573547500    -829227  0.453782322801  0.453782322801  0.160098850000  0.058701000000  0.213974200000 22785.018   220.061     0.836385375     0.996307773  -54.76927
   0  7 0.9829131100000 0.6000000000000 0.0450000000000 0.6000000000000 0.0100000000000 0.9273525412669 0.2392340329651 23229.952000000  2504.302395663 13255.226000000   595.501525000   120.634605287   136.364397500    -693824  0.316256015977  0.316256015977  0.174334050000  0.113946125000  0.582607800000 17743.620   194.119     0.771295625     0.996150766  -53.22627
   0  6 0.9762271800000 0.6000000000000 0.0450000000000 0.6000000000000 0.0100000000000 0.6461594554693 0.2030212522923 25233.230500000  2287.861731869 11699.714000000   532.348975000   134.274065382   145.747732500     -62712  0.451686189928  0.451686189928  0.158532000000  0.060819812500  0.498964800000 20743.093   199.383     0.822809125     0.995339136  -56.49923
   0  8 0.9878907400000 0.6000000000000 0.0450000000000 0.6000000000000 0.0100000000000 0.5713609870237 0.1209879307786 25585.229500000  2685.450733101 15325.290000000   498.354175000   130.704912925   145.243755000    -202838  0.526355079581  0.526355079581  0.152051550000  0.063307125000  0.318689000000 23903.545   210.457     0.936349625     0.994917945  -53.61966
   0  7 0.9801237900000 0.6000000000000 0.0450000000000 0.6000000000000 0.0100000000000 0.7745224111038 0.2111251264867 20620.172500000  2676.541355353 13379.328000000   853.954750000   117.167561190   142.734560000    -843650  0.396556048483  0.396556048483  0.161544200000  0.060312812500  0.555654600000 16833.403   214.557     0.822539000     0.997621031  -55.11942
   0  6 0.9686136600000 0.6000000000000 0.0450000000000 0.6000000000000 0.0100000000000 0.8931295586466 0.3122189956875 26582.677000000  2582.898586707 14011.244000000   850.832425000   110.532508870   127.712865000    -937483  0.366024578532  0.366024578532  0.115998450000  0.078035812500  0.367362900000 22377.538   202.546     0.832837750     0.996937199  -55.62772
   0  7 0.9673382900000 0.6000000000000 0.0450000000000 0.6000000000000 0.0100000000000 0.6277858542807 0.2072057626373 23926.120000000  2367.677525353 12214.972000000   778.891825000   120.547237731   139.518880000    -253844  0.599041122800  0.599041122800  0.133425800000  0.051868437500  0.259698800000 19754.747   207.285     0.824870500     0.996989945  -58.51156
   0  7 0.9862949400000 0.6000000000000 0.0450000000000 0.6000000000000 0.0100000000000 0.8997155781441 0.2150820617385 22608.317500000  2638.142308362 13949.874000000   561.819475000   124.824120709   143.005740000    -198313  0.307881844919  0.307881844919  0.115788400000  0.052681062500  0.589968700000 21466.434   208.957     0.983857750     0.996020829  -54.64252
   0  8 0.9809694200000 0.6000000000000 0.0450000000000 0.6000000000000 0.0100000000000 0.8666651588138 0.2147705336913 23244.127000000  2533.896080906 13601.656000000   462.402550000   128.643754689   139.549072500    -902687  0.391867826975  0.391867826975  0.184757950000  0.083735500000  0.558144600000 21191.665   190.667     0.913415750     0.995045237  -53.85482
   0  7 0.9873162700000 0.6000000000000 0.0450000000000 0.6000000000000 0.0100000000000 0.5237613852015 0.1220687607394 24405.113500000  2240.314907963 11696.982000000   530.735050000   135.146708831   147.843722500    -967786  0.519707269017  0.519707269017  0.110170650000  0.060267250000  0.483636900000 19861.580   202.191     0.813349500     0.995449907  -56.72781
   0  6 0.9737420500000 0.6000000000000 0.0450000000000 0.6000000000000 0.0100000000000 0.8418199879508 0.2747121595298 23332.606000000  2520.892466189 13003.440000000   617.294125000   124.589652124   142.206142500    -813350  0.359983387489  0.359983387489  0.103520350000  0.080376812500  0.324663400000 18733.857   203.598     0.806684625     0.996287348  -56.60687
   0 11 0.9833473200000 0.6000000000000 0.0450000000000 0.6000000000000 0.0100000000000 0.8942510862754 0.1613174107619 22517.476000000  2624.760469393 14282.620000000   855.466750000   109.476548205   131.137650000    -226293  0.526487514253  0.526487514253  0.138138750000  0.054064187500  0.456293700000 18401.766   202.024     0.792407625     0.997402013  -56.70226
   0  6 0.9779755400000 0.6000000000000 0.0450000000000 0.6000000000000 0.0100000000000 0.8184220188469 0.2498537177614 20382.950500000  2862.995836067 13995.280000000   881.708725000   112.426384602   137.966322500    -507588  0.347183420877  0.347183420877  0.140479650000  0.104526562500  0.517666300000 18788.391   212.359     0.945630250     0.997724930  -54.00748
   0  7 0.9884090700000 0.6000000000000 0.0450000000000 0.6000000000000 0.0100000000000 0.8175181328338 0.1851644185528 22606.441000000  2382.892307564 12406.980000000   625.674250000   117.282007010   131.852325000    -831756  0.326744121081  0.326744121081  0.118410800000  0.124774750000  0.589468600000 20419.554   192.116     0.907638875     0.996422093  -53.30963
   0  6 0.9896022400000 0.6000000000000 0.0450000000000 0.6000000000000 0.0100000000000 0.7356443360472 0.1741660085708 23254.346500000  2248.868977344 11328.910000000   709.797025000   125.569814029   143.979472500    -603184  0.320474625402  0.320474625402  0.166498000000  0.061063875000  0.311770200000 20378.311   211.244     0.878922625     0.996752969  -55.37911
   0  7 0.9877247500000 0.6000000000000 0.0450000000000 0.6000000000000 0.0100000000000 0.8077652165648 0.1862918527202 22779.848500000  2684.531531348 14289.672000000   440.168725000   135.524617080   148.628337500    -368381  0.334621621607  0.334621621607  0.127990800000  0.078023375000  0.584898800000 20025.572   198.965     0.875193500     0.994877640  -57.73286
   0  7 0.9896033300000 0.6000000000000 0.0450000000000 0.6000000000000 0.0100000000000 0.7509691486200 0.1645620155296 23524.616500000  2616.278330886 14157.788000000   995.739850000   104.937607877   124.950722500    -277462  0.348389445571  0.348389445571  0.115177800000  0.052436250000  0.318358900000 20161.446   200.787     0.849620875     0.997658504  -57.91271
 
  COND2           1      673786  9.105965856446393E+044  7.609162219631075E+042
  8.356238470018330E-003         100
    673786  15235160    651867         0     21281         0         0         0         0         0    880234       833         0   7036839    673786
 PARAMETER FILE GB01C.PAR   
