  Aa Am            MSYL            MSYR           MORTJ           MORTA             K1+           PInit      ISEED   PTarget           CVADD              AR        PREG-MAX           GAMMA              P0   SSTILDA     LIKEL
   0  6 0.9611773100000 0.6000000000000 0.0450000000000 0.6000000000000 0.0200000000000 0.7637453319879 0.3971472561557 23702.290000000  2581.280412960 13272.380000000   289.131600000    94.724260372   134.787335000    -872637  0.475947091727  0.475947091727  0.133161800000  0.052677500000  0.208291500000 20021.838   209.687     0.843391000     0.991981083  -58.91259
   0  9 0.9788075800000 0.6000000000000 0.0450000000000 0.6000000000000 0.0200000000000 0.6746784138720 0.2579546772353 21693.436000000  2625.289054163 13713.746000000   291.334400000    81.607106295   121.010877500    -367798  0.589122146936  0.589122146936  0.156631600000  0.069728687500  0.259914900000 19991.906   204.553     0.931098750     0.992668878  -56.66160
   0  7 0.9757072100000 0.6000000000000 0.0450000000000 0.6000000000000 0.0200000000000 0.5784970762412 0.2573301980511 21311.615500000  3056.117571111 15225.608000000   309.366400000    75.259222317   118.480687500    -532205  0.570316362830  0.570316362830  0.181452750000  0.055798312500  0.549349500000 18780.375   211.937     0.883465625     0.993227801  -55.16420
   0  9 0.9830410300000 0.6000000000000 0.0450000000000 0.6000000000000 0.0200000000000 0.8240230485488 0.3016654485548 25883.579500000  2218.249008177 12257.606000000   268.290200000    97.792897654   127.035077500     -83164  0.447144093043  0.447144093043  0.180968200000  0.065103000000  0.574304400000 22177.909   190.978     0.842158000     0.990479471  -54.28056
   0  7 0.9785679100000 0.6000000000000 0.0450000000000 0.6000000000000 0.0200000000000 0.5376437832071 0.2332217294637 25178.501500000  2425.092311809 13070.406000000   309.480300000    85.468876623   122.577280000    -703040  0.585981537978  0.585981537978  0.127141850000  0.068632250000  0.252234600000 20981.177   211.308     0.826048500     0.991991004  -57.47601
   0  6 0.9654324500000 0.6000000000000 0.0450000000000 0.6000000000000 0.0200000000000 0.7047793905602 0.3572416349153 23766.982000000  2615.696908434 13573.124000000   398.518000000    66.377926453   101.388872500    -962725  0.485637540542  0.485637540542  0.111636550000  0.053700312500  0.417281800000 20155.479   218.002     0.845736375     0.994159532  -57.54305
   0  8 0.9854898800000 0.6000000000000 0.0450000000000 0.6000000000000 0.0200000000000 0.9093164528586 0.3456728341821 24439.268500000  2583.947443455 14329.988000000   268.587700000   102.509188376   140.148177500    -916901  0.345166361450  0.345166361450  0.106493550000  0.098079312500  0.553593300000 20691.801   202.668     0.833305625     0.991007164  -55.95923
   0  9 0.9758891500000 0.6000000000000 0.0450000000000 0.6000000000000 0.0200000000000 0.9580903989253 0.3763229019218 23507.768500000  2652.151393342 14422.126000000   293.063800000    81.903680878   119.689167500    -212234  0.436736673904  0.436736673904  0.119490750000  0.051134937500  0.573281500000 19336.861   201.691     0.807562875     0.992113729  -57.75149
   0  8 0.9877732800000 0.6000000000000 0.0450000000000 0.6000000000000 0.0200000000000 0.7437024649077 0.2750624014387 19847.905000000  2794.687603303 13809.578000000   297.650800000    81.673466534   127.230305000    -284747  0.405232353462  0.405232353462  0.141260350000  0.055745875000  0.367802500000 18745.413   215.181     0.986324750     0.993399747  -54.22936
   0 12 0.9820772500000 0.6000000000000 0.0450000000000 0.6000000000000 0.0200000000000 0.9465926194022 0.2795915903479 22461.613000000  2512.962165982 13751.582000000   276.985300000   102.494112388   145.637752500    -900853  0.583780170373  0.583780170373  0.151118700000  0.079160250000  0.397714200000 20616.505   211.638     0.909334375     0.992001967  -56.11958
   0  6 0.9801346800000 0.6000000000000 0.0450000000000 0.6000000000000 0.0200000000000 0.7597100057838 0.3437655955007 26923.984000000  2521.137439916 13844.434000000   362.107400000    72.806266742   107.002142500    -681145  0.361683188201  0.361683188201  0.155260800000  0.052575875000  0.313412500000 21211.703   216.950     0.785258250     0.992674525  -55.55014
   0  6 0.9787486100000 0.6000000000000 0.0450000000000 0.6000000000000 0.0200000000000 0.7635602938074 0.3499654824413 25265.954500000  2508.147956741 13415.446000000   386.776700000    69.133279980   103.804337500    -435368  0.367708516909  0.367708516909  0.146045450000  0.122729750000  0.562195200000 21769.479   221.123     0.855063750     0.993568737  -53.78259
   0  8 0.9734329500000 0.6000000000000 0.0450000000000 0.6000000000000 0.0200000000000 0.6718480988618 0.2869669469401 25297.072000000  2768.542979402 15436.090000000   302.639600000    74.970891179   108.784930000     -35231  0.574139219921  0.574139219921  0.186760550000  0.082740000000  0.575337200000 21107.842   198.606     0.818770250     0.991790788  -53.22764
   0  7 0.9819639200000 0.6000000000000 0.0450000000000 0.6000000000000 0.0200000000000 0.9374017139740 0.3935351655172 22217.857000000  2454.499707069 12662.456000000   254.008200000   114.939206099   149.767007500    -992511  0.317849347924  0.317849347924  0.134729700000  0.051971625000  0.376371000000 20431.425   198.311     0.933100375     0.991373683  -58.18371
   0  9 0.9865575400000 0.6000000000000 0.0450000000000 0.6000000000000 0.0200000000000 0.8474826526422 0.2978894923687 23855.002000000  2300.541188854 12535.338000000   276.953600000    98.668485712   135.526060000    -656844  0.407755055013  0.407755055013  0.178753150000  0.072570500000  0.253550600000 20870.558   203.806     0.863636750     0.991481389  -56.45724
   0  9 0.9853593100000 0.6000000000000 0.0450000000000 0.6000000000000 0.0200000000000 0.8036516563992 0.2865734957945 22802.393500000  2356.462652799 12631.166000000   260.895900000   111.006385059   147.018547500    -107488  0.439551053117  0.439551053117  0.155290500000  0.070476812500  0.276196500000 18869.541   198.436     0.817997500     0.991362827  -57.85919
   0  7 0.9821200500000 0.6000000000000 0.0450000000000 0.6000000000000 0.0200000000000 0.8040221316441 0.3370047021722 26352.515500000  2599.522624161 14614.468000000   397.798400000    65.437332357    98.762677500    -760094  0.369617828957  0.369617828957  0.169986700000  0.053820375000  0.320601100000 19170.454   216.499     0.735420125     0.993466158  -53.45460
   0  9 0.9883223100000 0.6000000000000 0.0450000000000 0.6000000000000 0.0200000000000 0.7018296219722 0.2412657731999 23215.817500000  2481.276609756 13591.838000000   274.609400000   107.666227070   149.565280000    -119451  0.476573667551  0.476573667551  0.145406100000  0.059397875000  0.516298200000 18154.023   209.079     0.774919750     0.991628809  -56.34474
   0  8 0.9789655500000 0.6000000000000 0.0450000000000 0.6000000000000 0.0200000000000 0.6494009240989 0.2642880260487 21465.218500000  2593.685431619 13357.972000000   304.175800000    80.546239170   121.246502500    -266265  0.541240785157  0.541240785157  0.189230650000  0.050825250000  0.418610100000 19102.494   209.749     0.891715250     0.993051685  -56.36767
   0  6 0.9890255300000 0.6000000000000 0.0450000000000 0.6000000000000 0.0200000000000 0.6115300381950 0.2510744596089 20639.423500000  2856.511908703 14250.474000000   346.889700000    67.865197100   107.644375000    -512212  0.389251950942  0.389251950942  0.115553100000  0.061429500000  0.436807400000 18427.275   215.356     0.901924875     0.994105576  -55.52296
   0  6 0.9765234500000 0.6000000000000 0.0450000000000 0.6000000000000 0.0200000000000 0.6641596005911 0.3104028365263 26378.152000000  2438.003928342 13054.566000000   325.347100000    82.442855173   118.271095000    -628238  0.437462418403  0.437462418403  0.149891900000  0.050544187500  0.400908100000 22112.499   214.701     0.831361625     0.992026531  -56.60067
   0  6 0.9658927500000 0.6000000000000 0.0450000000000 0.6000000000000 0.0200000000000 0.8191034119064 0.4139782693069 24815.689000000  2513.375087325 13135.044000000   268.443100000   107.046002315   142.015595000    -564458  0.415109879489  0.415109879489  0.165230450000  0.052547062500  0.572810500000 20013.598   199.895     0.806453625     0.990945678  -58.37101
   0  7 0.9793348900000 0.6000000000000 0.0450000000000 0.6000000000000 0.0200000000000 0.8268673814535 0.3561439722897 22691.518000000  2470.872072377 12841.138000000   279.207500000    87.603931808   123.412530000    -261558  0.376281835145  0.376281835145  0.130269500000  0.057584562500  0.514226900000 19836.313   197.437     0.873506250     0.991996354  -58.47017
   0  6 0.9894338900000 0.6000000000000 0.0450000000000 0.6000000000000 0.0200000000000 0.7171628907843 0.2929125952301 22821.334000000  2564.312084988 13438.360000000   254.640400000   113.288043971   148.817422500    -137589  0.329661282553  0.329661282553  0.161701700000  0.107751562500  0.349428100000 19793.549   197.805     0.865965625     0.991118692  -55.99541
   0  6 0.9716144600000 0.6000000000000 0.0450000000000 0.6000000000000 0.0200000000000 0.8730499885366 0.4242172696614 22531.448500000  2572.934149512 13101.670000000   445.098300000    65.784926922   104.299897500    -785794  0.358296440288  0.358296440288  0.191874100000  0.133895500000  0.477118400000 19892.815   234.169     0.886473500     0.995032101  -50.34972
   0  7 0.9844393500000 0.6000000000000 0.0450000000000 0.6000000000000 0.0200000000000 0.6913255425950 0.2827422785067 22727.212000000  2440.538739403 12745.584000000   297.982300000    81.951702699   118.419100000    -668308  0.413502736309  0.413502736309  0.147523050000  0.115962687500  0.294108800000 19967.693   203.496     0.877748375     0.992467076  -55.48046
   0  6 0.9547191900000 0.6000000000000 0.0450000000000 0.6000000000000 0.0200000000000 0.7874343239808 0.4237406507821 24771.800500000  2356.925810075 11818.378000000   371.650900000    72.376074487   105.322055000    -145561  0.504553093995  0.504553093995  0.124282150000  0.057488625000  0.508430600000 20227.017   209.162     0.819652250     0.993488771  -56.25173
   0  8 0.9625079900000 0.6000000000000 0.0450000000000 0.6000000000000 0.0200000000000 0.9468305679228 0.4367903403916 20103.068500000  2560.634576545 12474.186000000   290.791200000    84.781118361   125.855165000    -181138  0.486138812433  0.486138812433  0.162794100000  0.096795937500  0.519448000000 17061.242   202.847     0.853737375     0.993235310  -53.89270
   0 11 0.9893486500000 0.6000000000000 0.0450000000000 0.6000000000000 0.0200000000000 0.7756972216693 0.2266198092139 21764.243500000  2470.786138574 13348.048000000   250.500100000   108.970815835   144.266870000    -153046  0.540269515871  0.540269515871  0.151044150000  0.091734937500  0.543593700000 18316.681   191.137     0.821370125     0.991390617  -55.90877
   0  7 0.9694211700000 0.6000000000000 0.0450000000000 0.6000000000000 0.0200000000000 0.7297238993503 0.3407960007574 21267.848500000  2513.420645243 12554.266000000   318.660800000    75.344081374   112.314852500    -339120  0.499104974016  0.499104974016  0.140441550000  0.080995437500  0.597521600000 17226.033   202.460     0.816386500     0.993455428  -55.54821
   0  6 0.9775143300000 0.6000000000000 0.0450000000000 0.6000000000000 0.0200000000000 0.7004501346474 0.3245833638180 21499.292500000  2465.111619010 12269.892000000   302.285700000    87.586818450   129.710997500    -158180  0.408547423466  0.408547423466  0.118071150000  0.116607875000  0.548107300000 19086.339   214.652     0.896739125     0.993002201  -54.21838
   0  7 0.9880648900000 0.6000000000000 0.0450000000000 0.6000000000000 0.0200000000000 0.8826227453913 0.3460212983401 20040.550000000  2942.778739707 14408.596000000   249.562000000    97.840563711   138.812460000    -929539  0.304449465239  0.304449465239  0.197834500000  0.053881937500  0.487798400000 16001.311   189.084     0.808019875     0.992049915  -52.86344
   0  6 0.9864307700000 0.6000000000000 0.0450000000000 0.6000000000000 0.0200000000000 0.5883825428677 0.2492828476921 23462.071000000  2505.515419744 13159.660000000   277.103100000    83.215643469   115.445870000    -600031  0.422278895219  0.422278895219  0.134256050000  0.097047812500  0.309752300000 21150.148   192.250     0.903750125     0.991626926  -54.98707
   0  6 0.9757493300000 0.6000000000000 0.0450000000000 0.6000000000000 0.0200000000000 0.6333641697997 0.2979392992648 23021.593000000  2477.597515437 12682.138000000   273.509400000   109.423748949   149.795900000    -120251  0.464175138533  0.464175138533  0.117794500000  0.069283625000  0.543893100000 19658.658   209.299     0.854579250     0.991725192  -57.87078
   0  7 0.9839626500000 0.6000000000000 0.0450000000000 0.6000000000000 0.0200000000000 0.6827770319769 0.2807005027438 21668.258500000  2404.047424615 12235.736000000   262.614200000   100.814977017   137.746882500    -502714  0.422053747413  0.422053747413  0.123163250000  0.060411437500  0.317393800000 18024.300   195.327     0.834879500     0.991853203  -57.98447
   0  6 0.9863553400000 0.6000000000000 0.0450000000000 0.6000000000000 0.0200000000000 0.5642606509730 0.2392715274343 21885.433000000  2840.785785870 14613.438000000   257.675400000    95.663919896   134.586745000    -913284  0.440874483574  0.440874483574  0.161941350000  0.056944125000  0.245211600000 17730.254   192.701     0.814641750     0.991601136  -56.27747
   0  7 0.9782967800000 0.6000000000000 0.0450000000000 0.6000000000000 0.0200000000000 0.8883291637451 0.3862976849547 25263.835000000  2495.472286387 13583.012000000   271.752800000    99.986362954   134.757922500    -251294  0.356219839467  0.356219839467  0.148465850000  0.061219062500  0.362479100000 21282.030   200.178     0.833255625     0.990849446  -58.22850
   0  6 0.9872860100000 0.6000000000000 0.0450000000000 0.6000000000000 0.0200000000000 0.4835934837330 0.2028386332710 22494.229000000  2645.614671859 13795.742000000   290.942100000    85.954043430   126.378187500    -153986  0.506623199919  0.506623199919  0.140595450000  0.051128562500  0.375998800000 18045.817   206.465     0.806730250     0.992349798  -58.04560
   0  9 0.9688228700000 0.6000000000000 0.0450000000000 0.6000000000000 0.0200000000000 0.9469240310617 0.3937733586463 25175.761000000  2407.227234816 13239.882000000   272.442700000    90.012900294   120.764625000    -546743  0.499154175288  0.499154175288  0.119890950000  0.060585000000  0.430909100000 21810.714   190.126     0.851124375     0.990940530  -55.93829
   0 10 0.9692190700000 0.6000000000000 0.0450000000000 0.6000000000000 0.0200000000000 0.8956129084205 0.3476528599974 23828.312500000  2723.143208015 14896.422000000   249.420500000   108.505157766   141.491110000    -181016  0.597992320616  0.597992320616  0.126428250000  0.084996375000  0.524722300000 21362.733   190.874     0.880038000     0.990632655  -56.12944
   0 10 0.9875169200000 0.6000000000000 0.0450000000000 0.6000000000000 0.0200000000000 0.7058144860446 0.2283583313996 21886.175500000  2275.133930580 12074.556000000   383.869200000    68.710852895   105.763177500    -591480  0.542332682628  0.542332682628  0.125808700000  0.070941250000  0.447099300000 20092.336   221.008     0.923963250     0.994357609  -54.52806
   0  6 0.9702277700000 0.6000000000000 0.0450000000000 0.6000000000000 0.0200000000000 0.6072370108854 0.2980469961828 29348.800000000  2502.561614367 13885.184000000   265.246700000   114.174534814   141.026197500     -56274  0.525788453708  0.525788453708  0.143252200000  0.060684062500  0.387462700000 23352.665   196.446     0.788737250     0.989146921  -54.49998
   0  6 0.9859823400000 0.6000000000000 0.0450000000000 0.6000000000000 0.0200000000000 0.4507353374607 0.1919512711720 23369.474500000  2743.595559377 14590.332000000   267.000500000    83.035251238   116.229835000    -325919  0.555286509092  0.555286509092  0.179397050000  0.075869125000  0.334671100000 22223.080   191.944     0.984422750     0.991346948  -51.89395
   0  7 0.9894765700000 0.6000000000000 0.0450000000000 0.6000000000000 0.0200000000000 0.7985771716986 0.3074993178044 22979.621500000  2649.168032915 14187.374000000   466.135300000    56.520707619    87.264860000    -859674  0.328345418792  0.328345418792  0.121138750000  0.087404687500  0.510916300000 21076.552   214.160     0.922041125     0.995114517  -54.43074
   0  8 0.9819136900000 0.6000000000000 0.0450000000000 0.6000000000000 0.0200000000000 0.5747181046129 0.2271830130072 26350.571500000  2279.105709901 12517.388000000   272.821100000    97.364091574   127.562487500    -833224  0.581370720013  0.581370720013  0.150983050000  0.069732375000  0.290007400000 22230.377   194.199     0.831592000     0.990474875  -55.73886
   0  6 0.9798037900000 0.6000000000000 0.0450000000000 0.6000000000000 0.0200000000000 0.8921428761704 0.4049480602582 22099.921000000  2900.402480908 14862.132000000   285.018300000    79.834438204   118.709422500    -891591  0.309589858973  0.309589858973  0.147170900000  0.065918625000  0.440935400000 19114.588   199.602     0.865526125     0.992362069  -56.86776
   0  6 0.9849015700000 0.6000000000000 0.0450000000000 0.6000000000000 0.0200000000000 0.5783293572747 0.2492862959372 24450.122500000  2408.287722145 12655.030000000   462.460200000    60.364255797    89.677790000    -918818  0.440436792987  0.440436792987  0.126810200000  0.066818562500  0.263734000000 19685.594   209.389     0.806119500     0.994776766  -55.64923
   0  6 0.9752274600000 0.6000000000000 0.0450000000000 0.6000000000000 0.0200000000000 0.6035412194403 0.2851334888143 21955.052500000  2666.486011122 13543.462000000   305.867300000    80.883329570   121.240230000    -637628  0.490984052070  0.490984052070  0.167596350000  0.083569812500  0.377047000000 18976.318   210.134     0.867037375     0.992945045  -56.18104
   0  7 0.9503718600000 0.6000000000000 0.0450000000000 0.6000000000000 0.0200000000000 0.8126882384576 0.4232437163850 23614.837000000  2447.868384097 12449.570000000   268.797500000   106.829240051   142.482425000    -791763  0.594092432168  0.594092432168  0.101527350000  0.051485937500  0.221854900000 20004.898   199.872     0.846634250     0.991423353  -58.43024
   0  7 0.9691860000000 0.6000000000000 0.0450000000000 0.6000000000000 0.0200000000000 0.8626872255759 0.4035655231415 20651.573500000  2556.126437335 12603.144000000   386.576200000    71.075376181   113.217865000    -347813  0.423716961289  0.423716961289  0.127786500000  0.075946812500  0.395383200000 18418.962   230.531     0.903141250     0.994761966  -53.01222
   0  8 0.9805433100000 0.6000000000000 0.0450000000000 0.6000000000000 0.0200000000000 0.9454210958352 0.3789335807770 29147.852500000  2195.220541034 12182.906000000   271.680100000   118.167117449   145.297055000    -983037  0.361867887374  0.361867887374  0.166851750000  0.064057562500  0.317164100000 22212.249   199.193     0.760632500     0.989427496  -54.45703
   0  7 0.9622532900000 0.6000000000000 0.0450000000000 0.6000000000000 0.0200000000000 0.7508261029703 0.3674213844101 26073.106000000  2271.660465547 11761.478000000   376.744100000    74.966158168   109.451050000    -739880  0.540900102597  0.540900102597  0.188128150000  0.074055250000  0.506340300000 19771.852   215.515     0.767265875     0.993228506  -53.62441
   0  6 0.9890211500000 0.6000000000000 0.0450000000000 0.6000000000000 0.0200000000000 0.7571317864962 0.3108710928511 25173.398500000  2295.902207096 11993.484000000   267.640400000   113.101939728   146.322495000    -932278  0.314419033960  0.314419033960  0.123531000000  0.125955000000  0.336989300000 19441.512   200.412     0.779574750     0.990681972  -53.46771
   0  8 0.9692929000000 0.6000000000000 0.0450000000000 0.6000000000000 0.0200000000000 0.7723937681450 0.3405387439309 20898.002500000  2737.272463618 13706.596000000   360.723400000    61.761335653    94.231917500    -243523  0.534528848083  0.534528848083  0.152944700000  0.111365812500  0.510813800000 19650.015   199.233     0.975516250     0.994319362  -51.31169
   0  6 0.9812446200000 0.6000000000000 0.0450000000000 0.6000000000000 0.0200000000000 0.8916129899439 0.3991717961289 22441.403500000  2656.056656811 13731.208000000   275.845300000    96.315547339   137.590135000    -500237  0.302853370438  0.302853370438  0.157735900000  0.055631187500  0.583627900000 18425.015   205.083     0.823422375     0.991979892  -58.03789
   0  6 0.9775873900000 0.6000000000000 0.0450000000000 0.6000000000000 0.0200000000000 0.9415035222482 0.4360071417691 21618.187000000  3020.903854307 15164.704000000   299.196000000    80.042778216   123.891092500    -283344  0.303605704944  0.303605704944  0.124207200000  0.107823750000  0.376813200000 19870.738   213.440     0.934638000     0.992890586  -53.18208
   0  6 0.9626918200000 0.6000000000000 0.0450000000000 0.6000000000000 0.0200000000000 0.8051650262090 0.4150188373629 21458.333500000  3269.172691284 15796.950000000   487.396900000    56.819069873    96.406525000    -309756  0.441961863825  0.441961863825  0.151968450000  0.146505812500  0.503234900000 19412.848   232.686     0.915189625     0.995691750  -49.57688
   0  6 0.9865597100000 0.6000000000000 0.0450000000000 0.6000000000000 0.0200000000000 0.5798542100517 0.2453024713626 24303.607000000  2691.572411307 14559.328000000   322.305100000    81.082008438   122.666622500    -457756  0.427586644248  0.427586644248  0.151586600000  0.054244500000  0.246317400000 20377.969   221.729     0.832734750     0.992542375  -55.20874
   0 11 0.9865484700000 0.6000000000000 0.0450000000000 0.6000000000000 0.0200000000000 0.9608289954402 0.2915729552184 21937.408000000  2391.894392232 12915.536000000   293.610200000    73.829253784   105.991522500    -172137  0.460645199812  0.460645199812  0.148031550000  0.095967562500  0.555933600000 18755.720   187.501     0.835969750     0.992610622  -53.05514
   0  6 0.9605879900000 0.6000000000000 0.0450000000000 0.6000000000000 0.0200000000000 0.7429136806589 0.3876069831130 18282.944500000  3236.225759828 13992.918000000   374.481600000    59.153489500    96.256602500    -491401  0.493337334503  0.493337334503  0.171006000000  0.054966437500  0.284720000000 16961.596   201.626     0.970136750     0.995224981  -49.62563
   0  6 0.9862155400000 0.6000000000000 0.0450000000000 0.6000000000000 0.0200000000000 0.8145357919904 0.3459558034015 22372.783000000  2516.498672146 12963.178000000   307.458800000    87.851142461   131.315490000    -952945  0.306109197908  0.306109197908  0.114958000000  0.205751812500  0.566179600000 18673.716   218.984     0.836620875     0.992804987  -50.70617
   0  6 0.9872651000000 0.6000000000000 0.0450000000000 0.6000000000000 0.0200000000000 0.4229118867696 0.1774305215650 25745.650000000  2423.416224263 13047.044000000   299.631600000    97.718072467   138.196000000     -53320  0.579515524667  0.579515524667  0.172879450000  0.053325750000  0.292377000000 18041.613   215.450     0.723687000     0.991498052  -53.16227
   0  6 0.9890973200000 0.6000000000000 0.0450000000000 0.6000000000000 0.0200000000000 0.6309401477036 0.2588077112769 24666.932500000  2548.898661403 13776.474000000   278.159500000   100.874936045   139.870010000    -896793  0.376825469780  0.376825469780  0.103358600000  0.060839000000  0.323568400000 22077.016   210.557     0.890798250     0.991214250  -56.23878
   0 10 0.9866799300000 0.6000000000000 0.0450000000000 0.6000000000000 0.0200000000000 0.6662479804591 0.2178742831540 21902.659000000  2277.587434981 12077.952000000   284.114000000    88.437959288   125.992965000    -570746  0.583749075339  0.583749075339  0.160399100000  0.061374250000  0.562037500000 20740.151   203.833     0.981603500     0.992375071  -54.35495
   0  7 0.9601211600000 0.6000000000000 0.0450000000000 0.6000000000000 0.0200000000000 0.9000274400017 0.4459366263488 24885.308500000  2743.828401458 14761.240000000   315.228200000    76.686853551   112.611285000    -654699  0.465764116478  0.465764116478  0.164901750000  0.070889562500  0.369139300000 19725.093   204.606     0.788808875     0.992279777  -55.67084
   0  9 0.9581086300000 0.6000000000000 0.0450000000000 0.6000000000000 0.0200000000000 0.9500986749153 0.4235262957316 23542.355500000  2470.471173902 13075.436000000   303.838400000    84.612403594   122.556057500    -505757  0.594779678413  0.594779678413  0.133178350000  0.079581187500  0.330374500000 20066.675   206.742     0.841070625     0.992425970  -57.76946
   0 11 0.9813745200000 0.6000000000000 0.0450000000000 0.6000000000000 0.0200000000000 0.9241989150195 0.2983539083951 22744.181500000  2570.575783535 14053.298000000   375.924100000    62.023727192    94.768037500    -647362  0.529032354492  0.529032354492  0.180990000000  0.109723000000  0.496474500000 20960.285   206.868     0.917506875     0.994035181  -52.85753
   0  6 0.9768699100000 0.6000000000000 0.0450000000000 0.6000000000000 0.0200000000000 0.7540566035091 0.3513776288476 24657.077500000  2650.626222289 14207.484000000   260.803400000   102.951123295   137.200167500    -875775  0.383273342834  0.383273342834  0.140297900000  0.070873875000  0.518168200000 20456.242   195.112     0.824839750     0.990700726  -57.78519
   0  8 0.9748802700000 0.6000000000000 0.0450000000000 0.6000000000000 0.0200000000000 0.9426676055523 0.3978657713793 22420.100500000  2743.213099604 14386.578000000   276.820900000    91.355211847   132.395497500     -17594  0.399458954489  0.399458954489  0.119244500000  0.056705062500  0.482512300000 18902.610   202.893     0.835997875     0.992040887  -58.02978
   0 10 0.9891278600000 0.6000000000000 0.0450000000000 0.6000000000000 0.0200000000000 0.6803780315386 0.2154590548847 23025.400000000  2663.003612744 14693.970000000   296.229900000    81.125082716   121.235517500    -519022  0.545561421304  0.545561421304  0.132439100000  0.062393812500  0.508924700000 21812.584   211.050     0.967552125     0.992299030  -55.01343
   0  7 0.9592275200000 0.6000000000000 0.0450000000000 0.6000000000000 0.0200000000000 0.8623003266903 0.4293966827123 24578.656000000  2538.166218534 13391.744000000   263.708500000   112.496205723   146.944772500     -75893  0.492599097043  0.492599097043  0.104054650000  0.094265062500  0.594754300000 20445.077   199.679     0.826549375     0.990887069  -56.58841
   0  8 0.9522573700000 0.6000000000000 0.0450000000000 0.6000000000000 0.0200000000000 0.9195641460400 0.4487746734963 22360.214500000  2466.763076829 12494.658000000   268.253800000   103.799345961   141.358022500    -356162  0.586687851331  0.586687851331  0.143051600000  0.087973437500  0.580924300000 19044.221   199.345     0.850781000     0.991860445  -57.08437
   0  8 0.9755992100000 0.6000000000000 0.0450000000000 0.6000000000000 0.0200000000000 0.6952509229450 0.2916536490383 23336.413000000  2428.266261346 12862.872000000   290.023800000    86.204955339   122.518292500    -423606  0.535139415790  0.535139415790  0.176084000000  0.058135312500  0.591395200000 19201.710   200.252     0.817336125     0.992090196  -57.18193
   0  7 0.9856473800000 0.6000000000000 0.0450000000000 0.6000000000000 0.0200000000000 0.5965216772377 0.2406893188378 19613.639500000  2766.269132109 13479.274000000   307.783600000    79.551876437   124.791407500    -897278  0.469518971492  0.469518971492  0.238321750000  0.054172937500  0.543205500000 16112.188   213.597     0.830792750     0.993701297  -51.14626
   0 10 0.9834831900000 0.6000000000000 0.0450000000000 0.6000000000000 0.0200000000000 0.7021803695814 0.2385850419971 27786.877000000  2178.530663153 12560.944000000   263.924200000   119.679082318   146.447262500    -705959  0.588253632613  0.588253632613  0.154309950000  0.062370500000  0.283841400000 22023.616   196.261     0.773954250     0.989607595  -56.12793
   0  6 0.9823864500000 0.6000000000000 0.0450000000000 0.6000000000000 0.0200000000000 0.8604045406144 0.3808482902373 20960.318500000  2606.811802420 13028.474000000   269.837000000    92.550873651   132.357797500    -744937  0.308220054265  0.308220054265  0.132708150000  0.100140687500  0.218745100000 19054.867   200.315     0.924220500     0.992337468  -55.76336
   0  6 0.9720219900000 0.6000000000000 0.0450000000000 0.6000000000000 0.0200000000000 0.7406150256125 0.3587767287746 25566.019000000  2585.235557296 13889.092000000   418.171400000    63.122910714    94.366370000    -344483  0.419820103753  0.419820103753  0.119999000000  0.054795312500  0.412036500000 21810.045   214.306     0.845638750     0.993999084  -56.43022
   0  6 0.9675753100000 0.6000000000000 0.0450000000000 0.6000000000000 0.0200000000000 0.8822842473825 0.4410410325882 23714.912500000  2578.633615841 13361.596000000   485.309500000    63.107537476    99.537412500    -251202  0.376152331875  0.376152331875  0.101014850000  0.122652500000  0.306720300000 20360.136   233.803     0.856589750     0.995211322  -52.62139
   0  6 0.9833068500000 0.6000000000000 0.0450000000000 0.6000000000000 0.0200000000000 0.6072985653503 0.2662822252915 25243.747000000  2522.317070906 13598.966000000   296.619800000    82.558177663   116.214592500    -195084  0.430320303225  0.430320303225  0.151814000000  0.071453187500  0.275954600000 20606.075   200.363     0.812258250     0.991600304  -57.01205
   0  9 0.9747194800000 0.6000000000000 0.0450000000000 0.6000000000000 0.0200000000000 0.9202234240553 0.3651554786748 21897.731500000  2615.974600269 13667.978000000   337.676200000    67.716277838   102.448275000    -369214  0.464088256655  0.464088256655  0.101499250000  0.069210562500  0.213128100000 19672.567   203.087     0.896558625     0.993627732  -55.33475
   0  6 0.9627820200000 0.6000000000000 0.0450000000000 0.6000000000000 0.0200000000000 0.8519538420091 0.4389015534202 22565.873500000  2738.829704746 13926.268000000   250.982600000   108.422693977   143.225017500    -188105  0.417158575418  0.417158575418  0.148142900000  0.082042062500  0.444839500000 21032.569   194.196     0.954507250     0.991201542  -55.75355
   0  6 0.9771943200000 0.6000000000000 0.0450000000000 0.6000000000000 0.0200000000000 0.5330929345924 0.2477193517225 26890.760500000  2397.996632305 12835.324000000   305.242600000    88.109793940   122.320530000     -36856  0.539449486546  0.539449486546  0.150907700000  0.067443125000  0.200478000000 20490.641   205.970     0.767398625     0.991333459  -56.06111
   0  6 0.9897013300000 0.6000000000000 0.0450000000000 0.6000000000000 0.0200000000000 0.6025087971321 0.2452349229523 21557.747500000  2663.320056077 13652.632000000   469.019000000    53.523462068    80.416070000    -200181  0.390640116369  0.390640116369  0.134894600000  0.097537812500  0.598672600000 17872.499   192.305     0.832916750     0.995444240  -49.59473
   0  6 0.9709414300000 0.6000000000000 0.0450000000000 0.6000000000000 0.0200000000000 0.6986228056518 0.3411431211364 24761.689000000  2507.177136395 13167.632000000   330.107400000    77.336630333   112.813207500    -430231  0.452232242021  0.452232242021  0.184288650000  0.094317062500  0.269447200000 16939.263   206.164     0.713768375     0.992640423  -52.23390
   0  9 0.9871232500000 0.6000000000000 0.0450000000000 0.6000000000000 0.0200000000000 0.8295835224890 0.2895675294242 22158.038500000  2533.106515107 13540.080000000   258.528600000   101.672555481   138.948115000    -433749  0.412232652034  0.412232652034  0.157909500000  0.056047437500  0.537158600000 20084.309   196.780     0.904863875     0.991520246  -58.17262
   0  8 0.9744954500000 0.6000000000000 0.0450000000000 0.6000000000000 0.0200000000000 0.8267809040236 0.3500793858124 24312.665500000  2378.531605453 12731.518000000   370.393400000    71.242270648   106.547922500    -180244  0.458382448214  0.458382448214  0.119035450000  0.101317500000  0.300170300000 19613.708   215.142     0.801369625     0.993550555  -55.44224
   0  8 0.9610915500000 0.6000000000000 0.0450000000000 0.6000000000000 0.0200000000000 0.8248281117774 0.3837814821328 23918.614000000  2562.841121731 13620.060000000   330.254400000    71.710426639   104.942812500    -834696  0.570636911923  0.570636911923  0.131906050000  0.056789375000  0.475357700000 20157.884   201.007     0.834017625     0.992915661  -57.46318
   0  6 0.9839976000000 0.6000000000000 0.0450000000000 0.6000000000000 0.0200000000000 0.4487474913147 0.1953335474835 20499.725500000  2715.990015337 13464.016000000   361.797600000    62.694748203    95.963290000    -376785  0.575949594502  0.575949594502  0.168336800000  0.083717250000  0.337061100000 18188.354   200.365     0.897422625     0.994405353  -53.29878
   0  8 0.9753837100000 0.6000000000000 0.0450000000000 0.6000000000000 0.0200000000000 0.6338415475259 0.2663833489744 23014.627000000  2331.779637615 12135.164000000   255.456900000   116.009925241   148.440065000    -601083  0.589108265223  0.589108265223  0.141395450000  0.084927187500  0.444100400000 20790.806   196.660     0.907847250     0.991144575  -56.15402
   0  7 0.9518997700000 0.6000000000000 0.0450000000000 0.6000000000000 0.0200000000000 0.9072422314575 0.4691236975935 24174.749500000  2384.920284080 12149.390000000   330.412500000    82.016082533   119.577107500    -749063  0.520715399377  0.520715399377  0.108493150000  0.059899500000  0.499276300000 19898.932   213.194     0.823502125     0.992855801  -56.84077
   0  6 0.9511997700000 0.6000000000000 0.0450000000000 0.6000000000000 0.0200000000000 0.9092609541286 0.4975563146634 21617.579500000  2609.826207205 12771.638000000   279.763900000    99.785546542   142.149332500    -250749  0.458123288919  0.458123288919  0.201509800000  0.050809625000  0.411583500000 17876.338   207.379     0.833320500     0.992455666  -55.60268
   0  7 0.9729314400000 0.6000000000000 0.0450000000000 0.6000000000000 0.0200000000000 0.9205709982985 0.4188205257933 23424.257500000  2703.082711045 14324.058000000   488.310500000    56.749418053    88.379545000    -276137  0.374539042845  0.374539042845  0.121800350000  0.085554312500  0.365563300000 20801.186   217.092     0.885269875     0.995289826  -55.40065
   0  7 0.9666247600000 0.6000000000000 0.0450000000000 0.6000000000000 0.0200000000000 0.9298157598360 0.4426669281271 23889.562000000  2410.567352339 12498.490000000   356.947500000    71.537851540   105.341620000    -521325  0.408889376493  0.408889376493  0.172849950000  0.077495875000  0.254237500000 19987.415   208.519     0.834363250     0.993443318  -55.73886
   0  8 0.9714871100000 0.6000000000000 0.0450000000000 0.6000000000000 0.0200000000000 0.6947346225092 0.3013260607040 20828.828500000  2399.846552426 11953.508000000   335.765300000    79.376187193   121.936575000    -421607  0.573344146411  0.573344146411  0.241601200000  0.074973687500  0.408171400000 17778.030   220.325     0.857124375     0.993912384  -49.88366
   0  8 0.9779580100000 0.6000000000000 0.0450000000000 0.6000000000000 0.0200000000000 0.7487438069060 0.3075892914572 25232.015500000  2277.248139742 12230.396000000   268.962900000    97.838241422   128.511455000     -43611  0.477539148040  0.477539148040  0.134603350000  0.061330875000  0.501355300000 21763.795   192.710     0.853996375     0.990767725  -56.17798
   0  7 0.9827032000000 0.6000000000000 0.0450000000000 0.6000000000000 0.0200000000000 0.5298660290227 0.2207635466632 26343.160000000  2374.755224866 12987.368000000   407.282300000    65.596449101    96.131477500    -774380  0.555442259807  0.555442259807  0.143700150000  0.075880437500  0.575138300000 22484.873   213.951     0.842851250     0.993618424  -54.94395
   0  6 0.9852356400000 0.6000000000000 0.0450000000000 0.6000000000000 0.0200000000000 0.6090709828460 0.2615696658179 25089.199000000  2427.987986155 12924.594000000   354.739500000    71.653558457   104.662695000    -677036  0.415950797735  0.415950797735  0.115177650000  0.051276187500  0.375453600000 19946.543   209.329     0.795838625     0.993011217  -57.17084
   0  8 0.9743044000000 0.6000000000000 0.0450000000000 0.6000000000000 0.0200000000000 0.8710457540746 0.3694074927624 23213.023000000  2447.725664847 12935.494000000   299.493100000    87.916321561   127.721997500    -232391  0.436475131396  0.436475131396  0.133388950000  0.071223625000  0.348924000000 18657.392   209.026     0.800562750     0.992385138  -57.45102
   0  6 0.9738644700000 0.6000000000000 0.0450000000000 0.6000000000000 0.0200000000000 0.9514855964354 0.4544564387970 23656.228000000  2577.449285447 13446.622000000   333.491100000    74.290517437   110.271870000    -549243  0.317907784308  0.317907784308  0.167888400000  0.055434937500  0.532160800000 20231.863   210.309     0.852899500     0.993032181  -57.43353
   0  8 0.9748033700000 0.6000000000000 0.0450000000000 0.6000000000000 0.0200000000000 0.7716682206842 0.3259036254380 24011.588500000  2364.277747065 12571.666000000   271.132400000    95.953827698   129.690685000    -958350  0.488604667891  0.488604667891  0.149821950000  0.168543125000  0.365851000000 21418.331   196.557     0.889089500     0.991297364  -51.94251
 
  COND2           1     1151295  8.840898080730948E+044  9.061297899236718E+042
  1.024929573499568E-002         100
   1151295  18781500    803503         0     26212         0         0         0         0         0   1839501         5         0   7597984   1151295
 PARAMETER FILE GB01B.PAR   
