  Aa Am            MSYL            MSYR           MORTJ           MORTA             K1+           PInit      ISEED   PTarget           CVADD              AR        PREG-MAX           GAMMA              P0   SSTILDA     LIKEL
   0  7 0.9834670000000 0.6000000000000 0.0450000000000 0.6000000000000 0.0450000000000 0.6030872680235 0.6030872680235 21894.505000000  2504.290082735 12953.628000000   209.380100000    36.971754545   146.547947500    -198130  0.481814053555  0.481814053555  0.122269800000  0.061795187500  0.442162600000 19145.195   194.213     0.874482500     1.000000000  -59.35766
   0  6 0.9663231100000 0.6000000000000 0.0450000000000 0.6000000000000 0.0450000000000 0.5748423854298 0.5748423854298 22081.250500000  2477.375628407 12357.762000000   224.943700000    28.672570735    97.731290000    -985427  0.587853521138  0.587853521138  0.140925450000  0.063744062500  0.260017600000 19074.898   208.482     0.867733000     1.000000000  -57.38720
   0  9 0.9667903100000 0.6000000000000 0.0450000000000 0.6000000000000 0.0450000000000 0.8402598483076 0.8402598483076 20807.782000000  3137.993803489 15242.704000000   212.283900000    33.167129029   130.183092500    -488548  0.582218308154  0.582218308154  0.208972250000  0.076557125000  0.242227700000 19178.748   196.984     0.933297750     1.000000000  -53.71989
   0 10 0.9819187000000 0.6000000000000 0.0450000000000 0.6000000000000 0.0450000000000 0.8902614811230 0.8902614811230 19334.473000000  2475.803488789 12279.348000000   224.071500000    25.174193028    81.219795000    -867845  0.477712612274  0.477712612274  0.179947950000  0.093472250000  0.386123100000 17089.694   205.786     0.885279750     1.000000000  -52.89329
   0  6 0.9708362000000 0.6000000000000 0.0450000000000 0.6000000000000 0.0450000000000 0.8611082091503 0.8611082091503 23409.907000000  2683.325047491 14030.020000000   217.589400000    28.503900905    95.724675000     -12547  0.367469136172  0.367469136172  0.122989300000  0.079085062500  0.410645500000 19376.979   201.178     0.825771375     1.000000000  -57.97179
   0 11 0.9871306800000 0.6000000000000 0.0450000000000 0.6000000000000 0.0450000000000 0.7999127658644 0.7999127658644 23995.685500000  2415.964288583 13763.192000000   207.189600000    29.043840479   110.376195000    -651623  0.547090030227  0.547090030227  0.106596000000  0.083878500000  0.305980000000 21466.063   191.914     0.872467875     1.000000000  -57.18382
   0 11 0.9891249600000 0.6000000000000 0.0450000000000 0.6000000000000 0.0450000000000 0.9506877083347 0.9506877083347 21556.775500000  2392.663773508 12889.238000000   200.516900000    29.763786163   112.902582500    -380729  0.442758830534  0.442758830534  0.130932000000  0.111971437500  0.531075700000 19642.248   185.392     0.906244750     1.000000000  -55.07052
   0  6 0.9630989000000 0.6000000000000 0.0450000000000 0.6000000000000 0.0450000000000 0.7937945715500 0.7937945715500 24420.314500000  2332.397045508 11754.116000000   205.856300000    32.149628426   117.679107500    -801372  0.445724199416  0.445724199416  0.106774950000  0.060581625000  0.231316400000 20689.749   190.064     0.847417250     1.000000000  -56.62720
   0  7 0.9888682900000 0.6000000000000 0.0450000000000 0.6000000000000 0.0450000000000 0.7348362319793 0.7348362319793 22491.502000000  2641.539276502 14027.568000000   198.281500000    36.001919563   138.290347500    -465706  0.360624992262  0.360624992262  0.134648950000  0.090651250000  0.573833300000 20692.769   183.012     0.927159375     1.000000000  -55.52425
   0  8 0.9881993700000 0.6000000000000 0.0450000000000 0.6000000000000 0.0450000000000 0.7070943698923 0.7070943698923 24861.818500000  2217.839548885 11949.062000000   214.464700000    35.132297742   142.294477500    -756986  0.422968006355  0.422968006355  0.231456300000  0.085657062500  0.339379600000 22212.453   199.508     0.887092250     1.000000000  -52.21838
   0  7 0.9707934500000 0.6000000000000 0.0450000000000 0.6000000000000 0.0450000000000 0.7238405551575 0.7238405551575 22946.897500000  2293.392793117 11591.840000000   210.265100000    29.368675204   103.512910000    -515335  0.492557547734  0.492557547734  0.177649650000  0.060285937500  0.279430700000 19270.130   194.255     0.841110875     1.000000000  -56.77159
   0  8 0.9825776300000 0.6000000000000 0.0450000000000 0.6000000000000 0.0450000000000 0.9331219903148 0.9331219903148 27096.001000000  2434.728916124 13922.742000000   209.526700000    31.574807499   121.085107500    -861043  0.353970826072  0.353970826072  0.141980050000  0.057672312500  0.202454900000 22269.576   194.244     0.805121250     1.000000000  -57.38532
   0  6 0.9781473800000 0.6000000000000 0.0450000000000 0.6000000000000 0.0450000000000 0.7411903592043 0.7411903592043 24257.450500000  2256.946837668 11392.440000000   215.182100000    27.507753108    87.966827500    -593782  0.382344910407  0.382344910407  0.152131100000  0.091029375000  0.376619400000 19517.710   198.448     0.809458750     1.000000000  -55.50386
   0  7 0.9842978000000 0.6000000000000 0.0450000000000 0.6000000000000 0.0450000000000 0.6924215960259 0.6924215960259 24343.918000000  2502.873987367 13592.812000000   216.424200000    29.151590115   104.710177500    -249730  0.413834342509  0.413834342509  0.160606400000  0.082733812500  0.465537800000 19688.086   200.736     0.803655750     1.000000000  -57.01313
   0  6 0.9845380300000 0.6000000000000 0.0450000000000 0.6000000000000 0.0450000000000 0.6683929768726 0.6683929768726 24492.958000000  2531.494965793 13579.328000000   210.843300000    26.000971029    74.870140000    -700917  0.383333394583  0.383333394583  0.165541350000  0.066502687500  0.509799900000 21372.803   192.804     0.866277750     1.000000000  -56.96271
   0  8 0.9713809700000 0.6000000000000 0.0450000000000 0.6000000000000 0.0450000000000 0.7822162461118 0.7822162461118 22968.659500000  2770.841937823 14703.952000000   206.771900000    27.802732791    93.663525000    -175331  0.510110842428  0.510110842428  0.165535300000  0.084652625000  0.217757000000 19554.095   190.235     0.841267625     1.000000000  -56.03420
   0 12 0.9899050000000 0.6000000000000 0.0450000000000 0.6000000000000 0.0450000000000 0.9211979237027 0.9211979237027 23537.941000000  2677.509606168 15197.410000000   215.597600000    28.443066091   111.128570000    -315417  0.514084164400  0.514084164400  0.126773250000  0.074300750000  0.595792000000 21367.713   200.437     0.883162375     1.000000000  -57.10086
   0 11 0.9826312400000 0.6000000000000 0.0450000000000 0.6000000000000 0.0450000000000 0.8625302022632 0.8625302022632 25124.542000000  2463.206211492 14286.038000000   219.184500000    31.732056527   129.392725000    -956418  0.553398514583  0.553398514583  0.135991300000  0.062382000000  0.554714700000 22050.279   204.302     0.847391750     1.000000000  -57.65827
   0  7 0.9814782100000 0.6000000000000 0.0450000000000 0.6000000000000 0.0450000000000 0.6069500480077 0.6069500480077 22703.263000000  2642.431193787 13961.042000000   209.526600000    31.719830084   120.045107500    -290676  0.494869337883  0.494869337883  0.136576350000  0.069122562500  0.299964200000 18408.693   194.112     0.809262500     1.000000000  -58.00046
   0 11 0.9899566100000 0.6000000000000 0.0450000000000 0.6000000000000 0.0450000000000 0.9509802383362 0.9509802383362 21821.497000000  2375.555686957 12899.970000000   218.969200000    30.257372081   122.040477500    -291646  0.435465030773  0.435465030773  0.155314200000  0.066246625000  0.434672500000 20113.936   204.127     0.921740625     1.000000000  -57.08353
   0  6 0.9649675600000 0.6000000000000 0.0450000000000 0.6000000000000 0.0450000000000 0.6396572960787 0.6396572960787 27201.989500000  2448.992008139 13109.248000000   214.323700000    34.259219717   132.285095000    -841164  0.538645481690  0.538645481690  0.133299050000  0.057784375000  0.537630300000 20928.166   198.794     0.771635750     1.000000000  -57.03565
   0  7 0.9741797900000 0.6000000000000 0.0450000000000 0.6000000000000 0.0450000000000 0.6288855064424 0.6288855064424 22627.069000000  2730.399221434 14291.114000000   212.430300000    27.183598074    87.397460000    -557023  0.537541878701  0.537541878701  0.112035100000  0.084099937500  0.482845800000 20631.774   195.491     0.917455500     1.000000000  -56.71743
   0  7 0.9650701200000 0.6000000000000 0.0450000000000 0.6000000000000 0.0450000000000 0.6973299914154 0.6973299914154 20184.230500000  2406.408216385 11603.056000000   237.053400000    24.429331159    63.830377500    -409980  0.558242740397  0.558242740397  0.132464550000  0.073233187500  0.446626400000 18170.127   211.231     0.917803125     1.000000000  -54.05174
   0  7 0.9818743100000 0.6000000000000 0.0450000000000 0.6000000000000 0.0450000000000 0.9634111167093 0.9634111167093 22240.591000000  2294.231946908 11639.362000000   208.646600000    29.015596769   101.822975000    -432755  0.309728572591  0.309728572591  0.104898500000  0.090637375000  0.283273400000 18799.601   192.811     0.846873875     1.000000000  -55.78059
   0  6 0.9734597700000 0.6000000000000 0.0450000000000 0.6000000000000 0.0450000000000 0.8714965795818 0.8714965795818 22259.869000000  2826.708007333 14501.466000000   215.798200000    33.503421744   129.545280000    -691147  0.349200210805  0.349200210805  0.131946650000  0.051391812500  0.493730700000 20467.805   200.331     0.932115625     1.000000000  -58.20310
   0 10 0.9878431700000 0.6000000000000 0.0450000000000 0.6000000000000 0.0450000000000 0.7846753040779 0.7846753040779 24028.369000000  2422.767802140 13670.508000000   215.950900000    34.474071720   141.699207500    -996120  0.484805784307  0.484805784307  0.103381800000  0.073096500000  0.299882200000 20245.251   201.267     0.819697250     1.000000000  -57.41603
   0 10 0.9767275500000 0.6000000000000 0.0450000000000 0.6000000000000 0.0450000000000 0.8571624647736 0.8571624647736 25577.048500000  2371.833655730 13496.032000000   212.550700000    29.736861218   113.237202500    -177920  0.545899683709  0.545899683709  0.120626500000  0.057532062500  0.382379700000 20967.773   197.032     0.795504875     1.000000000  -58.52801
   0  9 0.9839310400000 0.6000000000000 0.0450000000000 0.6000000000000 0.0450000000000 0.7370976035745 0.7370976035745 21838.925500000  2357.324759207 12391.098000000   209.515700000    30.883296882   118.776405000    -549215  0.491877883722  0.491877883722  0.140857250000  0.053593687500  0.397204900000 19303.564   194.299     0.879409125     1.000000000  -59.14286
   0  9 0.9807944800000 0.6000000000000 0.0450000000000 0.6000000000000 0.0450000000000 0.8566737459792 0.8566737459792 25459.895500000  2762.977237367 15809.390000000   225.057200000    25.497748549    81.122490000    -237484  0.447836587894  0.447836587894  0.251044200000  0.050611812500  0.368016800000 22419.645   206.924     0.858230875     1.000000000  -51.43897
   0 10 0.9895216000000 0.6000000000000 0.0450000000000 0.6000000000000 0.0450000000000 0.7708082869677 0.7708082869677 24894.191500000  2451.011654486 14133.718000000   209.811500000    29.974748007   115.760892500    -411522  0.477953770427  0.477953770427  0.111906250000  0.056433437500  0.552957500000 20768.806   194.730     0.808620625     1.000000000  -58.41662
   0  8 0.9699630300000 0.6000000000000 0.0450000000000 0.6000000000000 0.0450000000000 0.8794384463349 0.8794384463349 24411.593500000  2306.404214567 12200.566000000   222.435200000    28.294228158   100.265315000    -547011  0.464369933130  0.464369933130  0.197617400000  0.050241687500  0.335893400000 20056.292   206.118     0.815600375     1.000000000  -55.92156
   0  9 0.9825160000000 0.6000000000000 0.0450000000000 0.6000000000000 0.0450000000000 0.6709882910582 0.6709882910582 22922.584000000  2513.161479037 13623.392000000   206.889900000    29.562270620   109.550305000    -782730  0.554357421167  0.554357421167  0.126054900000  0.066008437500  0.430258000000 19212.376   191.402     0.824285375     1.000000000  -58.69581
   0 11 0.9813567400000 0.6000000000000 0.0450000000000 0.6000000000000 0.0450000000000 0.8948748340977 0.8948748340977 25781.222500000  2164.892472575 12338.066000000   212.358200000    32.091213052   128.627057500    -705049  0.546553570718  0.546553570718  0.176513350000  0.061014062500  0.313807700000 21839.015   197.425     0.821680750     1.000000000  -57.03011
   0  6 0.9834576600000 0.6000000000000 0.0450000000000 0.6000000000000 0.0450000000000 0.6669088810971 0.6669088810971 25324.342000000  2771.147934643 15306.386000000   206.965600000    30.269141848   108.115820000    -422659  0.390912877000  0.390912877000  0.155666450000  0.059908250000  0.537043100000 21431.804   191.257     0.836139625     1.000000000  -56.80853
   0  7 0.9624171800000 0.6000000000000 0.0450000000000 0.6000000000000 0.0450000000000 0.9439080812717 0.9439080812717 20773.816000000  3017.285482012 14682.740000000   208.433200000    28.975990211    99.468707500    -970172  0.429203328503  0.429203328503  0.178781350000  0.051227437500  0.492435700000 19493.709   192.069     0.971524375     1.000000000  -55.94282
   0  7 0.9873220300000 0.6000000000000 0.0450000000000 0.6000000000000 0.0450000000000 0.5722027271605 0.5722027271605 23104.091500000  2414.386614692 12763.142000000   221.688300000    31.976612009   125.790132500    -394248  0.475662983123  0.475662983123  0.162221100000  0.055094125000  0.429570000000 21244.005   206.491     0.926609125     1.000000000  -56.44619
   0  6 0.9728541800000 0.6000000000000 0.0450000000000 0.6000000000000 0.0450000000000 0.8775054751366 0.8775054751366 21913.621000000  2286.411192945 11131.874000000   207.740700000    34.239776266   130.902740000    -237549  0.349964436357  0.349964436357  0.152615400000  0.055836000000  0.480057000000 18777.425   192.229     0.864242500     1.000000000  -56.78134
   0  7 0.9896548600000 0.6000000000000 0.0450000000000 0.6000000000000 0.0450000000000 0.6630741124632 0.6630741124632 21240.619000000  2678.478684922 13818.616000000   202.594900000    29.478244276   104.650605000    -808639  0.394215966201  0.394215966201  0.158995250000  0.090003437500  0.327968000000 18231.117   186.984     0.857771250     1.000000000  -55.82540
   0  7 0.9793040300000 0.6000000000000 0.0450000000000 0.6000000000000 0.0450000000000 0.6450281689812 0.6450281689812 24193.690000000  2389.765835265 12680.852000000   217.823500000    31.505542383   120.725072500    -538521  0.482602280286  0.482602280286  0.165435500000  0.059705562500  0.380259600000 18805.230   202.425     0.780198875     1.000000000  -57.31923
   0  6 0.9758117600000 0.6000000000000 0.0450000000000 0.6000000000000 0.0450000000000 0.4927906022664 0.4927906022664 26712.317500000  2573.914996166 14159.940000000   231.400500000    24.920726138    65.720967500    -795586  0.596019937589  0.596019937589  0.113668550000  0.050800562500  0.363830200000 22158.939   208.654     0.819723625     1.000000000  -56.36270
   0  9 0.9753949000000 0.6000000000000 0.0450000000000 0.6000000000000 0.0450000000000 0.8987979125242 0.8987979125242 23434.382500000  2203.625944167 11571.750000000   207.234400000    34.879661403   137.360522500    -828203  0.469587593235  0.469587593235  0.101183450000  0.050958062500  0.581621300000 19182.556   192.156     0.812112000     1.000000000  -56.96734
   0  6 0.9748550200000 0.6000000000000 0.0450000000000 0.6000000000000 0.0450000000000 0.6008154561639 0.6008154561639 24237.173500000  2517.827458507 13250.924000000   217.049900000    31.694944589   119.035072500    -527195  0.495998792927  0.495998792927  0.123792850000  0.060563000000  0.473962900000 21196.306   201.467     0.870666500     1.000000000  -58.86255
   0 10 0.9806171100000 0.6000000000000 0.0450000000000 0.6000000000000 0.0450000000000 0.8620661546871 0.8620661546871 29051.368000000  2240.309255979 13276.404000000   213.286000000    31.237720943   123.070597500     -96590  0.505388382594  0.505388382594  0.164157250000  0.068240812500  0.340498700000 23146.132   198.158     0.772110125     1.000000000  -54.90848
   0  8 0.9817801800000 0.6000000000000 0.0450000000000 0.6000000000000 0.0450000000000 0.7963608567050 0.7963608567050 23350.831000000  2436.534067697 13079.808000000   206.463600000    28.478445009    99.788475000     -60250  0.420534656855  0.420534656855  0.180560550000  0.099613937500  0.364926700000 20158.445   190.574     0.854614000     1.000000000  -55.49653
   0  7 0.9842352300000 0.6000000000000 0.0450000000000 0.6000000000000 0.0450000000000 0.5761736142478 0.5761736142478 27056.392000000  2545.593548742 14483.904000000   212.194600000    32.462680435   125.593637500    -143036  0.497853404022  0.497853404022  0.161324500000  0.055753187500  0.512713500000 19849.289   196.903     0.738114125     1.000000000  -55.31238
   0  8 0.9844811200000 0.6000000000000 0.0450000000000 0.6000000000000 0.0450000000000 0.6220396004733 0.6220396004733 22378.952500000  2271.818368763 11782.072000000   211.344700000    34.787998118   138.928257500    -722180  0.513622214066  0.513622214066  0.156087450000  0.068514875000  0.270994200000 19996.774   196.302     0.895092875     1.000000000  -57.11365
   0  9 0.9868382300000 0.6000000000000 0.0450000000000 0.6000000000000 0.0450000000000 0.6292729488805 0.6292729488805 22350.832000000  2414.284690551 12945.720000000   206.430400000    33.167998342   130.587457500     -26703  0.546318936113  0.546318936113  0.146447450000  0.064240562500  0.338054500000 18083.219   191.434     0.800643000     1.000000000  -57.96475
   0  6 0.9805019400000 0.6000000000000 0.0450000000000 0.6000000000000 0.0450000000000 0.9003070521001 0.9003070521001 25111.906000000  2656.417335805 14473.412000000   217.728000000    30.558001881   112.160282500    -772298  0.303450550023  0.303450550023  0.132356800000  0.061365812500  0.310939500000 22225.450   202.097     0.877558625     1.000000000  -57.65297
   0  6 0.9524346700000 0.6000000000000 0.0450000000000 0.6000000000000 0.0450000000000 0.7328350945980 0.7328350945980 20726.282500000  2719.774333223 13141.944000000   236.037600000    25.184583143    66.902667500    -809280  0.559102843197  0.559102843197  0.114861050000  0.092077125000  0.322358800000 19110.963   211.749     0.946042375     1.000000000  -54.17548
   0  7 0.9800444000000 0.6000000000000 0.0450000000000 0.6000000000000 0.0450000000000 0.9149966077990 0.9149966077990 25280.480500000  2785.686943840 15525.064000000   207.594200000    31.896209577   120.367345000    -267685  0.336112687440  0.336112687440  0.142049050000  0.050697562500  0.494470300000 21954.616   192.155     0.855157500     1.000000000  -57.40732
   0  8 0.9859098400000 0.6000000000000 0.0450000000000 0.6000000000000 0.0450000000000 0.9199269730566 0.9199269730566 24886.496500000  2206.642051290 11817.404000000   230.444800000    28.641544976   106.457767500    -568662  0.338659768150  0.338659768150  0.152206700000  0.089262937500  0.462509900000 20704.220   214.867     0.824128000     1.000000000  -53.39225
   0  6 0.9746689500000 0.6000000000000 0.0450000000000 0.6000000000000 0.0450000000000 0.5214487702613 0.5214487702613 24977.527000000  2647.326955937 14272.428000000   214.441700000    26.208692928    76.289772500     -74404  0.573100319667  0.573100319667  0.175402550000  0.050092812500  0.356474500000 21204.000   196.112     0.841177750     1.000000000  -57.31675
   0  7 0.9836843100000 0.6000000000000 0.0450000000000 0.6000000000000 0.0450000000000 0.6765037951689 0.6765037951689 25634.518000000  2669.893385884 14990.080000000   195.211700000    35.847014510   135.661910000    -231865  0.427963515382  0.427963515382  0.128633650000  0.068146000000  0.371466400000 19873.085   179.857     0.771582500     1.000000000  -53.01101
   0  7 0.9589623900000 0.6000000000000 0.0450000000000 0.6000000000000 0.0450000000000 0.8061444911696 0.8061444911696 21984.779500000  2997.504292852 15077.944000000   207.084400000    38.841431956   149.706720000    -253231  0.528974872001  0.528974872001  0.160531600000  0.074101062500  0.203723600000 18623.390   191.719     0.844366000     1.000000000  -56.22841
   0  8 0.9896111200000 0.6000000000000 0.0450000000000 0.6000000000000 0.0450000000000 0.6620077188785 0.6620077188785 22235.717500000  2267.190472535 11813.638000000   197.241800000    31.557790198   117.913237500      -2166  0.440417961877  0.440417961877  0.117343450000  0.075692750000  0.290804600000 17968.743   181.946     0.808064000     1.000000000  -54.96225
   0 11 0.9834288400000 0.6000000000000 0.0450000000000 0.6000000000000 0.0450000000000 0.9755680749248 0.9755680749248 20870.597500000  2469.771644621 12937.372000000   209.058400000    29.274465195   111.824460000    -183115  0.481848005764  0.481848005764  0.192276750000  0.089429937500  0.364436200000 19693.906   193.703     0.973857625     1.000000000  -53.86444
   0  7 0.9816360800000 0.6000000000000 0.0450000000000 0.6000000000000 0.0450000000000 0.8756494820894 0.8756494820894 29357.818000000  2397.708329629 13675.510000000   208.678500000    32.807233665   126.130830000    -644864  0.342119562663  0.342119562663  0.162959800000  0.052056500000  0.587583200000 24143.928   193.339     0.807113875     1.000000000  -54.90125
   0  9 0.9717461100000 0.6000000000000 0.0450000000000 0.6000000000000 0.0450000000000 0.8544918544014 0.8544918544014 22671.808000000  2603.333435714 13855.712000000   213.804800000    27.681940496    96.522452500    -141572  0.526178180656  0.526178180656  0.149514400000  0.068731937500  0.584856100000 20676.092   197.295     0.911698250     1.000000000  -58.06912
   0  9 0.9835852800000 0.6000000000000 0.0450000000000 0.6000000000000 0.0450000000000 0.8431813838414 0.8431813838414 23701.925500000  2524.364601781 13944.622000000   217.554400000    25.098345102    76.746625000    -301148  0.432699213905  0.432699213905  0.138494050000  0.085003250000  0.319289900000 20658.310   199.047     0.855715875     1.000000000  -57.77318
   0  7 0.9804824200000 0.6000000000000 0.0450000000000 0.6000000000000 0.0450000000000 0.7452119622629 0.7452119622629 24835.655500000  2336.650720630 12436.020000000   226.301200000    24.995721133    69.896925000    -483501  0.409731554607  0.409731554607  0.143163550000  0.052249125000  0.547098500000 21450.342   205.835     0.856789375     1.000000000  -57.87905
   0  6 0.9682494500000 0.6000000000000 0.0450000000000 0.6000000000000 0.0450000000000 0.6922816905253 0.6922816905253 21944.927500000  2492.126582964 12447.440000000   216.056000000    28.718742977    96.912550000    -375357  0.474725817105  0.474725817105  0.164132350000  0.099835875000  0.575900000000 18157.196   199.665     0.832224625     1.000000000  -55.82524
   0  6 0.9714217200000 0.6000000000000 0.0450000000000 0.6000000000000 0.0450000000000 0.8159043422483 0.8159043422483 21880.816000000  2611.183519872 13193.716000000   212.768900000    26.446304562    77.940220000    -953120  0.384487325906  0.384487325906  0.144252400000  0.106914062500  0.273782900000 19048.148   194.651     0.873606750     1.000000000  -56.40049
   0  9 0.9865487600000 0.6000000000000 0.0450000000000 0.6000000000000 0.0450000000000 0.6849188815552 0.6849188815552 24659.399500000  2350.382133993 13121.722000000   204.646100000    30.236752063   113.716025000    -221912  0.504616212459  0.504616212459  0.120855200000  0.053523562500  0.393622600000 21447.837   189.361     0.853116750     1.000000000  -58.82909
   0  6 0.9742373000000 0.6000000000000 0.0450000000000 0.6000000000000 0.0450000000000 0.7290573834525 0.7290573834525 22649.155000000  2976.053595667 15370.502000000   211.007600000    33.689041429   129.202242500    -995635  0.412578605953  0.412578605953  0.198024600000  0.091207250000  0.206055400000 20998.219   195.516     0.941664750     1.000000000  -53.50418
   0  7 0.9801017500000 0.6000000000000 0.0450000000000 0.6000000000000 0.0450000000000 0.9733816028822 0.9733816028822 26813.365000000  2354.958649227 12909.830000000   210.287200000    26.569541994    82.479560000    -794467  0.315654910501  0.315654910501  0.101793950000  0.072685875000  0.222831700000 22906.128   193.085     0.842371125     1.000000000  -54.30882
   0  6 0.9675290500000 0.6000000000000 0.0450000000000 0.6000000000000 0.0450000000000 0.7924605810629 0.7924605810629 21426.244000000  2676.164617496 13356.670000000   201.448800000    30.064607120   103.814607500     -76254  0.419068897552  0.419068897552  0.122621350000  0.085312437500  0.414546700000 18952.910   185.374     0.890984125     1.000000000  -56.55721
   0  6 0.9832705700000 0.6000000000000 0.0450000000000 0.6000000000000 0.0450000000000 0.5057429735890 0.5057429735890 23389.265500000  2492.037457024 13042.298000000   224.044600000    25.063485375    67.165397500    -686815  0.517030407901  0.517030407901  0.134427700000  0.062301000000  0.470415100000 21594.136   203.138     0.933765125     1.000000000  -56.78637
   0  7 0.9892326500000 0.6000000000000 0.0450000000000 0.6000000000000 0.0450000000000 0.7604159396735 0.7604159396735 22833.767500000  2612.537374753 13974.190000000   218.069100000    27.270627899    90.583337500    -109078  0.346292424249  0.346292424249  0.110467100000  0.078614625000  0.475722600000 19343.620   201.834     0.841291625     1.000000000  -57.82410
   0  6 0.9539736800000 0.6000000000000 0.0450000000000 0.6000000000000 0.0450000000000 0.9420869733617 0.9420869733617 27210.859000000  2595.612674750 14013.592000000   204.404000000    32.872691984   120.517202500    -269733  0.426001373755  0.426001373755  0.187782300000  0.054175937500  0.334355900000 23456.478   188.557     0.851550375     1.000000000  -55.17817
   0  7 0.9831923600000 0.6000000000000 0.0450000000000 0.6000000000000 0.0450000000000 0.8699904999874 0.8699904999874 21929.443000000  2584.768061859 13428.470000000   210.737900000    28.624100718    99.483657500    -743834  0.335538337932  0.335538337932  0.131208400000  0.055390625000  0.222718000000 20628.580   194.841     0.967971750     1.000000000  -57.39388
   0  8 0.9746046900000 0.6000000000000 0.0450000000000 0.6000000000000 0.0450000000000 0.8391452301977 0.8391452301977 23943.751000000  2562.718302112 13901.902000000   209.842600000    28.469658046    99.635562500    -494190  0.450806827330  0.450806827330  0.142248800000  0.060279687500  0.220078700000 20477.708   193.735     0.843710750     1.000000000  -59.12288
   0 12 0.9821293900000 0.6000000000000 0.0450000000000 0.6000000000000 0.0450000000000 0.9416095445868 0.9416095445868 21479.164000000  2457.513656312 13150.014000000   215.766100000    34.141468845   140.468855000    -360142  0.586271821437  0.586271821437  0.108517150000  0.051508562500  0.391013800000 18389.201   201.151     0.830940500     1.000000000  -57.73220
   0  6 0.9546442000000 0.6000000000000 0.0450000000000 0.6000000000000 0.0450000000000 0.8096316915000 0.8096316915000 23568.829000000  2676.430319712 13772.884000000   217.466400000    31.782130160   117.497497500    -642261  0.491218892326  0.491218892326  0.107613200000  0.051562937500  0.259048800000 21367.330   201.593     0.911633000     1.000000000  -57.99350
   0  9 0.9811908100000 0.6000000000000 0.0450000000000 0.6000000000000 0.0450000000000 0.8987106266125 0.8987106266125 23873.483500000  2583.348989550 14297.492000000   217.238300000    25.830552310    83.024747500    -309735  0.423870214678  0.423870214678  0.146402100000  0.132623625000  0.561877200000 21592.718   199.683     0.894635625     1.000000000  -54.52538
   0 10 0.9829791500000 0.6000000000000 0.0450000000000 0.6000000000000 0.0450000000000 0.9753839219247 0.9753839219247 23576.632000000  2413.111655734 13376.420000000   223.829700000    29.894807513   118.312012500     -97697  0.427492739546  0.427492739546  0.146460550000  0.053926937500  0.399987000000 21148.748   208.628     0.882993250     1.000000000  -57.45081
   0  6 0.9870189300000 0.6000000000000 0.0450000000000 0.6000000000000 0.0450000000000 0.4548606689686 0.4548606689686 24712.967500000  2557.005464065 13850.658000000   212.568900000    36.806753880   146.664915000    -717728  0.540996299203  0.540996299203  0.162734200000  0.052847312500  0.538362300000 22647.084   197.298     0.917291000     1.000000000  -57.35321
   0  6 0.9857112300000 0.6000000000000 0.0450000000000 0.6000000000000 0.0450000000000 0.5083445493989 0.5083445493989 25716.233500000  2560.639304967 14065.304000000   203.727800000    37.930537950   147.128982500     -51846  0.494535803803  0.494535803803  0.133093650000  0.060239750000  0.473964700000 21288.331   188.367     0.819548875     1.000000000  -57.84046
   0 11 0.9851067000000 0.6000000000000 0.0450000000000 0.6000000000000 0.0450000000000 0.9215298408584 0.9215298408584 20498.456500000  2615.060727469 13503.808000000   229.472500000    23.460995406    69.085725000    -343286  0.493883294098  0.493883294098  0.184108350000  0.051293062500  0.547018200000 17921.812   207.239     0.859739750     1.000000000  -55.84731
   0  7 0.9760241000000 0.6000000000000 0.0450000000000 0.6000000000000 0.0450000000000 0.9325666069663 0.9325666069663 23173.616500000  2695.962499661 14308.868000000   220.215900000    30.879378565   116.813502500    -137727  0.351992594440  0.351992594440  0.132136450000  0.130815687500  0.461523600000 20119.918   204.695     0.862419250     1.000000000  -54.84627
   0 10 0.9887821100000 0.6000000000000 0.0450000000000 0.6000000000000 0.0450000000000 0.6565968490187 0.6565968490187 24580.843000000  2297.889209410 13001.300000000   205.186100000    33.584330621   133.277905000    -364777  0.569077022058  0.569077022058  0.113366000000  0.075951250000  0.213426600000 20482.671   190.363     0.811602500     1.000000000  -57.71856
   0  8 0.9646466000000 0.6000000000000 0.0450000000000 0.6000000000000 0.0450000000000 0.7466571422025 0.7466571422025 25542.299500000  2544.041377946 14012.156000000   216.248900000    29.389267863   106.561150000    -465318  0.595899925123  0.595899925123  0.159824800000  0.063778062500  0.437972700000 21062.278   200.181     0.811324875     1.000000000  -57.70145
   0  7 0.9743781800000 0.6000000000000 0.0450000000000 0.6000000000000 0.0450000000000 0.9688473745421 0.9688473745421 23426.215000000  2166.853568723 10771.248000000   209.152500000    30.565647473   111.840190000     -19379  0.347825230103  0.347825230103  0.151328850000  0.112174125000  0.334685300000 17005.341   193.471     0.749387750     1.000000000  -51.25635
   0  8 0.9805920400000 0.6000000000000 0.0450000000000 0.6000000000000 0.0450000000000 0.6877612383994 0.6877612383994 21164.533000000  2549.386463368 13091.908000000   208.386500000    32.464942356   125.544400000     -19615  0.497019966579  0.497019966579  0.131080250000  0.111483875000  0.205558300000 18750.646   193.135     0.887124375     1.000000000  -55.99786
   0  8 0.9594953300000 0.6000000000000 0.0450000000000 0.6000000000000 0.0450000000000 0.9396448222801 0.9396448222801 22826.153500000  2374.887256837 12174.062000000   214.121700000    34.344610793   134.834687500    -317019  0.513588362320  0.513588362320  0.112194400000  0.081559812500  0.337713700000 19266.122   198.740     0.841182375     1.000000000  -57.42163
   0  7 0.9876970200000 0.6000000000000 0.0450000000000 0.6000000000000 0.0450000000000 0.7372391517346 0.7372391517346 21201.172000000  2423.577713713 12344.416000000   207.334600000    29.015907334   102.211675000    -861190  0.366807566130  0.366807566130  0.116262700000  0.070300750000  0.222906300000 18104.565   191.634     0.855996750     1.000000000  -57.82518
   0  6 0.9672706900000 0.6000000000000 0.0450000000000 0.6000000000000 0.0450000000000 0.8661065726694 0.8661065726694 25583.987500000  2692.353818534 14570.456000000   206.284300000    30.154684254   105.469410000    -916676  0.384870449794  0.384870449794  0.156060100000  0.060724000000  0.528844600000 20910.211   190.260     0.810873125     1.000000000  -57.23363
   0  6 0.9780822900000 0.6000000000000 0.0450000000000 0.6000000000000 0.0450000000000 0.8432484466655 0.8432484466655 23762.594500000  2450.789820790 12747.444000000   222.257100000    28.441475483    96.679655000    -640547  0.336407554992  0.336407554992  0.130242100000  0.063426812500  0.399525600000 18688.751   206.040     0.791607000     1.000000000  -57.64825
   0  7 0.9658626000000 0.6000000000000 0.0450000000000 0.6000000000000 0.0450000000000 0.7018344012845 0.7018344012845 25510.493500000  2315.801665607 12133.486000000   214.498600000    33.158564585   128.083495000    -978323  0.548033437512  0.548033437512  0.296048950000  0.055975625000  0.312757000000 24254.059   199.021     0.983740250     1.000000000  -48.93761
   0  8 0.9842475000000 0.6000000000000 0.0450000000000 0.6000000000000 0.0450000000000 0.7511631385789 0.7511631385789 22105.780000000  2270.976115844 11709.398000000   226.907700000    24.752588838    71.378892500    -465230  0.427079455620  0.427079455620  0.134794750000  0.108124187500  0.290235400000 17671.139   206.892     0.801713125     1.000000000  -54.47119
   0  8 0.9725989200000 0.6000000000000 0.0450000000000 0.6000000000000 0.0450000000000 0.8783912212242 0.8783912212242 20954.797000000  2473.453010797 12476.082000000   218.174200000    27.988964807    97.395077500    -438167  0.445239412271  0.445239412271  0.136346750000  0.051462312500  0.404159200000 18515.113   201.802     0.887476750     1.000000000  -58.47524
   0  7 0.9720167100000 0.6000000000000 0.0450000000000 0.6000000000000 0.0450000000000 0.7936311623328 0.7936311623328 22525.319500000  2563.530856845 13289.086000000   214.395500000    34.818327297   137.492342500    -887495  0.440736610289  0.440736610289  0.103764200000  0.052663875000  0.412973100000 18299.323   199.099     0.812449250     1.000000000  -58.06529
   0  7 0.9558197800000 0.6000000000000 0.0450000000000 0.6000000000000 0.0450000000000 0.7533809127547 0.7533809127547 23187.238000000  2631.144577110 13618.042000000   214.386800000    24.937826927    66.248215000    -504454  0.592632977361  0.592632977361  0.158042850000  0.062843375000  0.516611800000 20629.944   191.658     0.889821375     1.000000000  -55.44180
   0  6 0.9731032900000 0.6000000000000 0.0450000000000 0.6000000000000 0.0450000000000 0.6561862202334 0.6561862202334 24260.798500000  2474.811933177 12928.716000000   194.007100000    28.889545821    94.598192500    -251627  0.466262316723  0.466262316723  0.156112400000  0.089496750000  0.261713100000 16858.445   177.685     0.721972250     1.000000000  -50.35789
   0  7 0.9783717200000 0.6000000000000 0.0450000000000 0.6000000000000 0.0450000000000 0.8048261001022 0.8048261001022 21407.101000000  2931.491091547 14855.930000000   224.271200000    28.333912916    99.114100000    -583169  0.392700448801  0.392700448801  0.165719700000  0.110752562500  0.431256100000 17134.693   208.172     0.803524250     1.000000000  -52.14030
   0  9 0.9672554600000 0.6000000000000 0.0450000000000 0.6000000000000 0.0450000000000 0.8706137589060 0.8706137589060 22931.791000000  2727.274964746 14514.260000000   212.527000000    28.856842777   104.347477500    -361895  0.557523171940  0.557523171940  0.106276750000  0.053301000000  0.252009200000 19141.586   196.384     0.819455750     1.000000000  -57.66686
   0  9 0.9895101600000 0.6000000000000 0.0450000000000 0.6000000000000 0.0450000000000 0.8397115945261 0.8397115945261 22461.275500000  2460.956163916 13314.140000000   211.684600000    31.930002161   126.335547500    -152307  0.389601560698  0.389601560698  0.106044000000  0.065998125000  0.482913900000 20211.820   196.710     0.893662750     1.000000000  -58.44617
   0  8 0.9812735000000 0.6000000000000 0.0450000000000 0.6000000000000 0.0450000000000 0.7441097032535 0.7441097032535 23478.433000000  2247.572826670 11781.924000000   208.613700000    24.801745113    69.496200000    -446435  0.454022163242  0.454022163242  0.133848450000  0.093580000000  0.377358100000 20413.624   188.817     0.865027250     1.000000000  -54.26678
   0  6 0.9817817900000 0.6000000000000 0.0450000000000 0.6000000000000 0.0450000000000 0.8666086811906 0.8666086811906 23394.922000000  2291.929921290 11588.868000000   219.489800000    31.763418807   120.904115000    -389404  0.308960341232  0.308960341232  0.116514550000  0.075188875000  0.234651600000 20208.016   204.031     0.864839250     1.000000000  -56.04856
   0  7 0.9682602700000 0.6000000000000 0.0450000000000 0.6000000000000 0.0450000000000 0.6591597163106 0.6591597163106 24335.440000000  2783.589605036 15016.012000000   216.637700000    28.910315719   101.155197500    -606678  0.562515995543  0.562515995543  0.156401450000  0.069119375000  0.549219000000 21205.095   200.437     0.862256000     1.000000000  -57.20329
   0  6 0.9732133400000 0.6000000000000 0.0450000000000 0.6000000000000 0.0450000000000 0.8107325643048 0.8107325643048 23039.399500000  2696.022284343 14040.704000000   209.045500000    32.294584849   120.506607500    -740232  0.376760164892  0.376760164892  0.139144050000  0.061001812500  0.567422300000 19551.436   193.429     0.846277500     1.000000000  -59.20896
 
  COND2           1     1135420  1.435016892033541E+045  1.414108369266692E+043
  9.854297723720727E-003         100
   1135420  22699270    970806         0     31180         0         0         0         0         0    481381         0         0  11181943   1135420
 PARAMETER FILE GB02A.PAR   
