  Aa Am            MSYL            MSYR           MORTJ           MORTA             K1+           PInit      ISEED   PTarget           CVADD              AR        PREG-MAX           GAMMA              P0   SSTILDA     LIKEL
   0  7 0.9674613200000 0.6000000000000 0.0200000000000 0.6000000000000 0.0200000000000 0.5307307332097 0.5307307332097 33611.978500000 13585.959464515 24082.828000000   403.452900000    76.628087503   121.596397500    -776750  0.334827534533  0.334827534533  0.138853000000  0.050053187500  0.440947600000 17264.782   210.394     0.723114375     1.000000000  -53.82742
   0  8 0.9652008900000 0.6000000000000 0.0200000000000 0.6000000000000 0.0200000000000 0.6321615538382 0.6321615538382 30405.080500000 30154.287953184 28208.420000000   305.709300000    87.835658596   140.474315000    -635515  0.316376119884  0.316376119884  0.164201300000  0.072438625000  0.222235400000 22398.933   210.558     0.859023750     1.000000000  -54.90159
   0  8 0.9891198100000 0.6000000000000 0.0200000000000 0.6000000000000 0.0200000000000 0.2993551045184 0.2993551045184 30217.619500000 13747.457192149 23006.792000000   461.713300000    73.541380850   116.862545000    -636619  0.357237361844  0.357237361844  0.155356800000  0.066620437500  0.201321100000 17436.959   211.725     0.765676375     1.000000000  -53.01140
   0 12 0.9575250200000 0.6000000000000 0.0200000000000 0.6000000000000 0.0200000000000 0.7053145418064 0.7053145418064 35027.804500000 13162.028901870 23860.720000000   395.434900000    74.239463565   117.330512500    -393166  0.456522706618  0.456522706618  0.176172600000  0.087659937500  0.581276900000 23819.445   200.368     0.842374125     1.000000000  -50.73323
   0  9 0.9581289800000 0.6000000000000 0.0200000000000 0.6000000000000 0.0200000000000 0.6727633080899 0.6727633080899 31519.114000000 14778.480447089 24170.676000000   485.650200000    73.197102114   115.827322500    -124368  0.374264832964  0.374264832964  0.124137050000  0.093219500000  0.463440000000 16808.352   209.030     0.730313875     1.000000000  -51.39591
   0  7 0.9542845500000 0.6000000000000 0.0200000000000 0.6000000000000 0.0200000000000 0.7570164032680 0.7570164032680 36965.756500000 13242.341656632 24675.776000000   315.682600000    82.708623069   130.103565000    -720828  0.308223695814  0.308223695814  0.182526000000  0.065675687500  0.394270800000 22077.179   201.119     0.787541125     1.000000000  -53.45037
   0  8 0.9862447400000 0.6000000000000 0.0200000000000 0.6000000000000 0.0200000000000 0.2321720752922 0.2321720752922 31294.933000000 17025.564963770 25911.996000000   357.460800000    76.619200300   120.727217500      -6831  0.502618853404  0.502618853404  0.122451850000  0.098761562500  0.497601800000 19660.992   201.131     0.789642625     1.000000000  -53.79367
   0  7 0.9633947100000 0.6000000000000 0.0200000000000 0.6000000000000 0.0200000000000 0.3490546790200 0.3490546790200 32864.767000000 21826.131781844 28893.944000000   293.692800000    83.336248027   129.466890000    -381815  0.555858666197  0.555858666197  0.173131450000  0.143039000000  0.312086800000 22341.759   192.768     0.819271000     1.000000000  -50.52418
   0 10 0.9732385400000 0.6000000000000 0.0200000000000 0.6000000000000 0.0200000000000 0.5316907080279 0.5316907080279 33807.688000000 17020.874329579 27180.800000000   437.407400000    75.797378920   122.606335000    -204918  0.352287967522  0.352287967522  0.154932200000  0.069929937500  0.345625200000 22304.464   219.725     0.807049000     1.000000000  -54.03421
   0 11 0.9771962600000 0.6000000000000 0.0200000000000 0.6000000000000 0.0200000000000 0.5539870275679 0.5539870275679 31395.278500000 20913.343916969 27521.496000000   429.034300000    73.850697848   117.972322500    -373904  0.322097414567  0.322097414567  0.144889950000  0.096664250000  0.560520200000 20768.202   209.222     0.802349875     1.000000000  -54.38291
   0  6 0.9750048300000 0.6000000000000 0.0200000000000 0.6000000000000 0.0200000000000 0.4574859451824 0.4574859451824 29004.847000000 14786.784269394 23085.016000000   275.252800000    84.102902231   128.874317500    -175762  0.307602318010  0.307602318010  0.199991900000  0.066120125000  0.534515300000 22640.201   185.275     0.913776750     1.000000000  -47.75792
   0 10 0.9889189800000 0.6000000000000 0.0200000000000 0.6000000000000 0.0200000000000 0.1995259801109 0.1995259801109 31714.297000000 22135.948438366 28244.236000000   268.657300000    95.191606107   148.885932500    -103455  0.593175491895  0.593175491895  0.151904800000  0.054520437500  0.442049600000 18955.960   200.603     0.757226500     1.000000000  -56.66353
   0 12 0.9770731500000 0.6000000000000 0.0200000000000 0.6000000000000 0.0200000000000 0.4631666649831 0.4631666649831 32899.975000000 17772.835950194 27105.552000000   384.526400000    72.458074170   113.108990000    -642019  0.410226258063  0.410226258063  0.135953600000  0.106900562500  0.529183000000 19333.979   191.658     0.751172375     1.000000000  -50.94280
   0  9 0.9873309800000 0.6000000000000 0.0200000000000 0.6000000000000 0.0200000000000 0.3942031172270 0.3942031172270 36679.394500000 13898.912654034 25801.784000000   391.695700000    74.487717224   117.596265000    -403612  0.300869063254  0.300869063254  0.147061800000  0.095899000000  0.536695800000 23879.969   202.664     0.812925625     1.000000000  -51.18281
   0  9 0.9681465100000 0.6000000000000 0.0200000000000 0.6000000000000 0.0200000000000 0.3868282680741 0.3868282680741 28418.960500000 24565.920873473 25862.076000000   300.838600000    88.229869864   140.930225000     -44738  0.516527019606  0.516527019606  0.128096550000  0.081304250000  0.330537300000 17189.847   208.897     0.770727875     1.000000000  -54.28443
   0  8 0.9802776300000 0.6000000000000 0.0200000000000 0.6000000000000 0.0200000000000 0.2714706396274 0.2714706396274 29196.061000000 28360.349239337 26963.616000000   358.390100000    77.135938451   121.784832500    -553992  0.508756407203  0.508756407203  0.147874050000  0.080982437500  0.504547400000 18968.903   202.674     0.800530750     1.000000000  -54.94951
   0  6 0.9789625500000 0.6000000000000 0.0200000000000 0.6000000000000 0.0200000000000 0.3573285824002 0.3573285824002 31141.816000000 14654.659594064 24156.664000000   326.345100000    86.470816933   140.024125000    -222936  0.358241730418  0.358241730418  0.154757300000  0.055996687500  0.454447300000 19524.401   219.921     0.799702375     1.000000000  -53.79961
   0  7 0.9655901800000 0.6000000000000 0.0200000000000 0.6000000000000 0.0200000000000 0.5777630396068 0.5777630396068 33032.693500000 18638.081269958 27711.440000000   362.222500000    77.404268605   121.602150000      -7760  0.320413616175  0.320413616175  0.139268950000  0.071359625000  0.568863900000 23392.787   201.803     0.843591500     1.000000000  -53.97023
   0 10 0.9684677000000 0.6000000000000 0.0200000000000 0.6000000000000 0.0200000000000 0.5524937519822 0.5524937519822 32625.047500000 21741.406927644 28661.248000000   370.806000000    75.433404133   118.686380000    -213592  0.383510169749  0.383510169749  0.155855450000  0.120382750000  0.209439300000 18296.738   198.883     0.730082750     1.000000000  -51.15007
   0  7 0.9862756000000 0.6000000000000 0.0200000000000 0.6000000000000 0.0200000000000 0.2431362621120 0.2431362621120 33112.208500000 14629.815709476 25151.276000000   266.315400000    94.045870586   146.217877500     -52330  0.456522880289  0.456522880289  0.170448100000  0.073971750000  0.215006800000 20172.270   197.506     0.782797375     1.000000000  -55.11111
   0 12 0.9640090800000 0.6000000000000 0.0200000000000 0.6000000000000 0.0200000000000 0.5857206466933 0.5857206466933 31827.535000000 15831.506447480 25085.772000000   261.993900000    96.329800741   147.984902500    -718181  0.465865733038  0.465865733038  0.151036700000  0.076919812500  0.418287100000 24118.657   194.321     0.884143625     1.000000000  -53.25544
   0 12 0.9621790000000 0.6000000000000 0.0200000000000 0.6000000000000 0.0200000000000 0.7286296868683 0.7286296868683 33049.163500000 15831.579083555 25702.552000000   305.153800000    84.677573220   134.565782500    -423772  0.392721460694  0.392721460694  0.135156000000  0.053453187500  0.508489100000 20966.728   202.517     0.790886375     1.000000000  -56.61306
   0  9 0.9716852000000 0.6000000000000 0.0200000000000 0.6000000000000 0.0200000000000 0.3192866677127 0.3192866677127 33238.730500000 19867.300644523 28435.920000000   270.424200000    95.868480852   149.605872500    -663474  0.573535821216  0.573535821216  0.140033850000  0.076478937500  0.591233100000 23938.879   201.356     0.846423625     1.000000000  -54.62232
   0  6 0.9878314700000 0.6000000000000 0.0200000000000 0.6000000000000 0.0200000000000 0.2262599387260 0.2262599387260 28920.863500000 18436.757527302 24991.808000000   355.541400000    80.142618987   128.311320000    -946986  0.447167752660  0.447167752660  0.116591700000  0.105283125000  0.450564200000 18494.231   213.696     0.801401500     1.000000000  -53.08812
   0  7 0.9690944100000 0.6000000000000 0.0200000000000 0.6000000000000 0.0200000000000 0.4340256349582 0.4340256349582 34276.934500000 12837.451375620 23456.828000000   302.359700000    83.530606496   131.069530000    -990998  0.394793474531  0.394793474531  0.123765750000  0.050594875000  0.412039100000 18948.188   198.523     0.756502000     1.000000000  -54.12032
   0  9 0.9672341300000 0.6000000000000 0.0200000000000 0.6000000000000 0.0200000000000 0.5428981176632 0.5428981176632 30502.186000000 18891.006237853 26103.456000000   262.747100000    97.211591074   149.811597500    -695304  0.376213475087  0.376213475087  0.171506600000  0.070991187500  0.512387700000 18018.101   196.822     0.761084500     1.000000000  -55.36363
   0  7 0.9644961500000 0.6000000000000 0.0200000000000 0.6000000000000 0.0200000000000 0.4267175042925 0.4267175042925 30994.706500000 30832.590040584 28792.552000000   460.322200000    76.296934915   122.402397500    -479614  0.444163563274  0.444163563274  0.168021900000  0.096936437500  0.217840000000 26506.672   220.772     0.948295625     1.000000000  -48.93423
   0  8 0.9843740700000 0.6000000000000 0.0200000000000 0.6000000000000 0.0200000000000 0.3833158145958 0.3833158145958 35800.288000000 12288.560359770 23380.368000000   339.375100000    79.493200787   126.365772500    -934776  0.321496528010  0.321496528010  0.132622850000  0.055003875000  0.398213400000 20341.978   205.616     0.768688125     1.000000000  -53.85698
   0 10 0.9743006300000 0.6000000000000 0.0200000000000 0.6000000000000 0.0200000000000 0.4934694644325 0.4934694644325 28000.501000000 16130.514301469 23192.912000000   382.414600000    78.650369546   127.459852500    -276026  0.368981801669  0.368981801669  0.131254650000  0.071858375000  0.344040200000 21546.077   218.026     0.899883875     1.000000000  -50.80009
   0  9 0.9752172900000 0.6000000000000 0.0200000000000 0.6000000000000 0.0200000000000 0.3669693614693 0.3669693614693 33899.380000000 23835.297388999 30318.012000000   314.389000000    86.756321100   139.982232500     -47732  0.455839295624  0.455839295624  0.145362800000  0.063784937500  0.334819700000 20503.507   214.270     0.759418750     1.000000000  -53.88569
   0 10 0.9818104100000 0.6000000000000 0.0200000000000 0.6000000000000 0.0200000000000 0.3612332494143 0.3612332494143 35953.445500000 15915.233562003 27506.232000000   259.720200000    96.165164563   148.003850000    -368363  0.408345152171  0.408345152171  0.233435400000  0.057809312500  0.221365100000 24197.902   194.320     0.817910875     1.000000000  -51.77753
   0 12 0.9842105300000 0.6000000000000 0.0200000000000 0.6000000000000 0.0200000000000 0.4243290804622 0.4243290804622 31497.284500000 21020.350091129 27677.548000000   376.067000000    73.533018200   115.761250000    -359113  0.359496437591  0.359496437591  0.188297900000  0.112587937500  0.561696700000 22985.477   196.041     0.849496125     1.000000000  -50.60875
   0 10 0.9660387000000 0.6000000000000 0.0200000000000 0.6000000000000 0.0200000000000 0.6213993167436 0.6213993167436 34535.041000000 12618.743933562 23171.792000000   446.773100000    73.163433963   115.690660000    -890548  0.362279024349  0.362279024349  0.199407450000  0.075386687500  0.564874200000 23547.480   205.330     0.850095875     1.000000000  -50.30514
   0  6 0.9795426100000 0.6000000000000 0.0200000000000 0.6000000000000 0.0200000000000 0.3245625676121 0.3245625676121 36713.347000000 12729.417038194 24213.396000000   372.831400000    79.846132441   128.199747500    -579245  0.388787619182  0.388787619182  0.153039450000  0.055240375000  0.267446300000 20453.989   217.249     0.759457500     1.000000000  -53.61521
   0 10 0.9563707200000 0.6000000000000 0.0200000000000 0.6000000000000 0.0200000000000 0.8437436848869 0.8437436848869 29526.541000000 22035.433308764 26286.312000000   368.233800000    81.588648294   132.884395000    -546067  0.335421059662  0.335421059662  0.117534200000  0.081191187500  0.360903800000 20825.841   221.666     0.838227250     1.000000000  -53.51606
   0  8 0.9524497100000 0.6000000000000 0.0200000000000 0.6000000000000 0.0200000000000 0.5182114943115 0.5182114943115 31410.371500000 16968.865538247 25650.748000000   370.736300000    80.241791808   128.871880000    -229802  0.506113180723  0.506113180723  0.182151900000  0.068006062500  0.380755700000 17078.817   215.527     0.732598125     1.000000000  -53.29446
   0 12 0.9770120600000 0.6000000000000 0.0200000000000 0.6000000000000 0.0200000000000 0.4375603289316 0.4375603289316 30339.214000000 28009.971720298 28011.952000000   279.283000000    88.969902294   139.646442500    -528633  0.435016168300  0.435016168300  0.142379500000  0.074850000000  0.415185000000 19672.434   197.363     0.788460250     1.000000000  -56.06768
   0 11 0.9545718800000 0.6000000000000 0.0200000000000 0.6000000000000 0.0200000000000 0.6151690650260 0.6151690650260 32771.455000000 13801.439912976 23730.580000000   354.976500000    76.807644366   121.024982500    -995248  0.519311671010  0.519311671010  0.181183350000  0.051935937500  0.573049900000 18338.874   198.369     0.749850625     1.000000000  -52.84007
   0  7 0.9587404200000 0.6000000000000 0.0200000000000 0.6000000000000 0.0200000000000 0.5226524213355 0.5226524213355 31154.276500000 19211.497217321 26676.212000000   367.193500000    77.726625571   122.386602500    -407682  0.408718780867  0.408718780867  0.160775100000  0.069197062500  0.339964800000 21103.519   203.752     0.824231000     1.000000000  -55.15683
   0  7 0.9793958300000 0.6000000000000 0.0200000000000 0.6000000000000 0.0200000000000 0.2533814017731 0.2533814017731 27555.892000000 20624.944143632 24493.576000000   380.202000000    80.300551264   130.200707500    -248586  0.528060333490  0.528060333490  0.144716150000  0.074526937500  0.331071200000 19783.430   222.658     0.858285000     1.000000000  -52.61124
   0 10 0.9710598600000 0.6000000000000 0.0200000000000 0.6000000000000 0.0200000000000 0.4453625806802 0.4453625806802 32889.445000000 13011.227175038 23131.328000000   497.276400000    74.087188095   119.634567500    -141996  0.445268405327  0.445268405327  0.159116300000  0.077122187500  0.430567100000 20732.622   221.240     0.807756000     1.000000000  -52.35179
   0  9 0.9852731500000 0.6000000000000 0.0200000000000 0.6000000000000 0.0200000000000 0.2230326796766 0.2230326796766 32333.353000000 18981.976132672 27555.600000000   290.931100000    83.886988755   131.565122500    -945721  0.566240265104  0.566240265104  0.176639300000  0.073891312500  0.261584500000 18738.308   195.395     0.748969875     1.000000000  -53.89247
   0  9 0.9856658000000 0.6000000000000 0.0200000000000 0.6000000000000 0.0200000000000 0.3596213984292 0.3596213984292 28109.702500000 20881.895607918 25030.824000000   273.381200000    86.402076253   133.971227500    -912105  0.347047926053  0.347047926053  0.126847400000  0.056226750000  0.384515900000 16993.909   190.132     0.773129250     1.000000000  -53.47786
   0 12 0.9829952900000 0.6000000000000 0.0200000000000 0.6000000000000 0.0200000000000 0.4552888151486 0.4552888151486 30749.047000000 16467.935695084 25112.668000000   444.134700000    73.651923254   118.812285000    -558234  0.348291972002  0.348291972002  0.122919500000  0.108117562500  0.558979800000 17715.550   214.321     0.749556875     1.000000000  -52.20012
   0  7 0.9694381400000 0.6000000000000 0.0200000000000 0.6000000000000 0.0200000000000 0.3708456116657 0.3708456116657 27552.571000000 16507.896569190 23107.376000000   308.833200000    88.680478517   142.537415000     -98160  0.458486737071  0.458486737071  0.184754500000  0.099264062500  0.280208600000 18500.697   214.639     0.832456000     1.000000000  -50.50865
   0  9 0.9799910000000 0.6000000000000 0.0200000000000 0.6000000000000 0.0200000000000 0.4861683907843 0.4861683907843 39056.042500000 12301.642156320 24191.484000000   377.154200000    78.506737502   126.628275000    -371878  0.302546164610  0.302546164610  0.136480800000  0.067039062500  0.333472600000 21007.661   215.839     0.748303875     1.000000000  -52.11023
   0  7 0.9832413600000 0.6000000000000 0.0200000000000 0.6000000000000 0.0200000000000 0.3969451748128 0.3969451748128 32971.943500000 17292.010395886 27074.388000000   335.021900000    82.313961735   132.117622500    -850026  0.304426758919  0.304426758919  0.169452650000  0.076055437500  0.322085300000 19989.710   212.833     0.772881375     1.000000000  -54.52171
   0  9 0.9598082100000 0.6000000000000 0.0200000000000 0.6000000000000 0.0200000000000 0.6977369319376 0.6977369319376 29594.095000000 14771.634488188 23196.192000000   413.775500000    76.015498556   121.226515000    -641310  0.347640484664  0.347640484664  0.152182200000  0.111809875000  0.301035000000 20765.792   211.243     0.854124875     1.000000000  -51.31135
   0  8 0.9596711300000 0.6000000000000 0.0200000000000 0.6000000000000 0.0200000000000 0.3930305634785 0.3930305634785 32359.813000000 19480.831120607 27601.584000000   364.903900000    80.822214139   130.177470000    -604097  0.574502171489  0.574502171489  0.107464000000  0.080791750000  0.359021900000 18837.684   216.765     0.753030500     1.000000000  -52.72393
   0 11 0.9594718200000 0.6000000000000 0.0200000000000 0.6000000000000 0.0200000000000 0.9455901532249 0.9455901532249 32430.715000000 31739.300652568 30244.988000000   284.127300000    85.735921984   133.588605000    -983367  0.300540613491  0.300540613491  0.108947000000  0.066457062500  0.478447700000 23071.565   192.636     0.828170125     1.000000000  -53.09879
   0  6 0.9718456300000 0.6000000000000 0.0200000000000 0.6000000000000 0.0200000000000 0.3257700399719 0.3257700399719 41587.333000000 11781.511938478 23722.252000000   280.517200000    94.819159748   149.699017500    -357226  0.464178908938  0.464178908938  0.234861350000  0.055438750000  0.200106100000 19419.850   207.582     0.708943875     1.000000000  -51.05170
   0  6 0.9592362200000 0.6000000000000 0.0200000000000 0.6000000000000 0.0200000000000 0.5765807558829 0.5765807558829 30885.532000000 20101.336557942 26841.504000000   270.507400000    90.096806344   138.910512500    -579196  0.340477736494  0.340477736494  0.217156800000  0.109343875000  0.274256900000 23093.697   192.378     0.874904875     1.000000000  -50.31398
   0  6 0.9880085700000 0.6000000000000 0.0200000000000 0.6000000000000 0.0200000000000 0.1771737956650 0.1771737956650 35018.368000000 14122.262169247 25494.868000000   322.873600000    84.988533586   136.890507500    -916135  0.568158274607  0.568158274607  0.187343800000  0.057430125000  0.586964000000 19415.575   215.381     0.745735250     1.000000000  -53.52590
   0  8 0.9810593400000 0.6000000000000 0.0200000000000 0.6000000000000 0.0200000000000 0.4109646381789 0.4109646381789 33613.328500000 16098.268677698 26555.172000000   409.823000000    74.660913419   117.920160000    -521639  0.329014550454  0.329014550454  0.151125100000  0.107493312500  0.376475100000 19236.857   205.637     0.750646875     1.000000000  -52.84138
   0  6 0.9831623300000 0.6000000000000 0.0200000000000 0.6000000000000 0.0200000000000 0.3452921865626 0.3452921865626 29001.647500000 23794.830003059 26298.204000000   264.304900000    95.972997268   148.781152500    -192423  0.333122086949  0.333122086949  0.165591350000  0.059587062500  0.501113200000 16905.325   198.173     0.758644750     1.000000000  -55.61400
   0  8 0.9743384300000 0.6000000000000 0.0200000000000 0.6000000000000 0.0200000000000 0.5189010156106 0.5189010156106 30699.245500000 12521.942103577 21831.128000000   338.543100000    79.904297239   126.829970000    -782456  0.310464686360  0.310464686360  0.178367200000  0.072706500000  0.427249300000 16717.350   205.203     0.752663000     1.000000000  -51.31168
   0  7 0.9505394100000 0.6000000000000 0.0200000000000 0.6000000000000 0.0200000000000 0.7809397386282 0.7809397386282 31919.740000000 21612.315304171 28047.676000000   298.333000000    84.444110244   131.844232500    -943031  0.320964910411  0.320964910411  0.196895600000  0.051304937500  0.282722600000 20558.735   196.709     0.796383625     1.000000000  -54.46777
   0  6 0.9502710500000 0.6000000000000 0.0200000000000 0.6000000000000 0.0200000000000 0.5229848651670 0.5229848651670 30650.510500000 23028.495398191 27435.940000000   349.977000000    82.762342343   132.437357500    -458690  0.443132905491  0.443132905491  0.160792200000  0.121511562500  0.577434700000 21544.496   215.233     0.840620875     1.000000000  -52.63122
   0 11 0.9540108200000 0.6000000000000 0.0200000000000 0.6000000000000 0.0200000000000 0.8327217031079 0.8327217031079 31746.224500000 13266.528226988 22758.408000000   314.276500000    80.297275282   125.827540000    -723891  0.388715584476  0.388715584476  0.160826750000  0.114651500000  0.558759100000 20700.303   194.240     0.822309500     1.000000000  -50.57292
   0 10 0.9837665000000 0.6000000000000 0.0200000000000 0.6000000000000 0.0200000000000 0.3054914886517 0.3054914886517 34107.725500000 17017.081718419 27473.352000000   367.937600000    77.763814865   124.906035000     -36323  0.455510718966  0.455510718966  0.151430900000  0.068482687500  0.201870300000 24237.881   210.933     0.842158625     1.000000000  -53.76057
   0 10 0.9830088100000 0.6000000000000 0.0200000000000 0.6000000000000 0.0200000000000 0.3008165108158 0.3008165108158 31357.384000000 14691.872141381 24247.492000000   359.807000000    78.336849928   125.754285000    -665184  0.473243955447  0.473243955447  0.143269650000  0.051507562500  0.581341500000 22635.115   210.193     0.862577625     1.000000000  -54.34752
   0  8 0.9603646000000 0.6000000000000 0.0200000000000 0.6000000000000 0.0200000000000 0.4798066938106 0.4798066938106 40424.470000000 13061.881832326 25443.120000000   449.131400000    76.403056763   122.841537500    -256441  0.463652274585  0.463652274585  0.147489750000  0.054101312500  0.565882900000 21383.802   220.110     0.739211125     1.000000000  -52.06454
   0 11 0.9703670700000 0.6000000000000 0.0200000000000 0.6000000000000 0.0200000000000 0.6161669106715 0.6161669106715 34340.600500000 13872.763043455 24604.104000000   439.611000000    75.201374535   121.549825000    -818066  0.349672945106  0.349672945106  0.107115550000  0.061598687500  0.447589800000 21924.620   217.774     0.805354125     1.000000000  -52.40754
   0  9 0.9625920700000 0.6000000000000 0.0200000000000 0.6000000000000 0.0200000000000 0.4571777527680 0.4571777527680 31950.898000000 20997.663721189 27897.448000000   258.004600000    91.752423095   139.729480000    -838536  0.498118742827  0.498118742827  0.150954700000  0.056272750000  0.229118200000 19861.541   186.267     0.777174375     1.000000000  -54.43508
   0 12 0.9881321200000 0.6000000000000 0.0200000000000 0.6000000000000 0.0200000000000 0.3789138607008 0.3789138607008 31555.793500000 28592.097559713 29197.116000000   373.243800000    78.581223617   128.303292500    -868373  0.353662671535  0.353662671535  0.147620500000  0.052677437500  0.447448400000 17676.098   218.517     0.724588250     1.000000000  -53.45149
   0 11 0.9881322200000 0.6000000000000 0.0200000000000 0.6000000000000 0.0200000000000 0.3112929147289 0.3112929147289 31069.186000000 18820.026561796 26612.928000000   290.253100000    86.057339208   136.308205000    -549683  0.409657424011  0.409657424011  0.119745250000  0.068008875000  0.476781600000 19805.793   200.246     0.788534500     1.000000000  -56.13294
   0  7 0.9611256000000 0.6000000000000 0.0200000000000 0.6000000000000 0.0200000000000 0.6704936987094 0.6704936987094 30947.834500000 17207.070402718 25597.328000000   299.955200000    87.948190894   139.563795000    -222960  0.303437352672  0.303437352672  0.177980100000  0.053854750000  0.486500700000 20445.139   206.927     0.816636625     1.000000000  -55.90182
   0  6 0.9597340400000 0.6000000000000 0.0200000000000 0.6000000000000 0.0200000000000 0.4298850088488 0.4298850088488 29899.721500000 22645.677898220 26772.352000000   481.203200000    76.575147170   122.737635000    -716095  0.452284311789  0.452284311789  0.132070900000  0.062668312500  0.309769700000 18353.634   223.112     0.780035125     1.000000000  -54.52764
   0 12 0.9832527200000 0.6000000000000 0.0200000000000 0.6000000000000 0.0200000000000 0.3938646870029 0.3938646870029 30884.803000000 14143.856047693 23493.432000000   296.162900000    84.245938169   133.416452500    -724292  0.399337193329  0.399337193329  0.130509050000  0.067188687500  0.436684600000 17969.072   199.041     0.762527500     1.000000000  -54.28906
   0  6 0.9728926300000 0.6000000000000 0.0200000000000 0.6000000000000 0.0200000000000 0.4019059012353 0.4019059012353 33086.801500000 12163.316196253 22255.220000000   407.419700000    78.141999834   125.228435000    -208876  0.367509086346  0.367509086346  0.159016700000  0.070446250000  0.298293500000 20569.993   218.641     0.812610000     1.000000000  -51.91233
   0  9 0.9827342000000 0.6000000000000 0.0200000000000 0.6000000000000 0.0200000000000 0.2844289365230 0.2844289365230 29325.944500000 16437.390212937 24298.528000000   288.265200000    91.752482908   146.397277500    -509241  0.478472394293  0.478472394293  0.136096750000  0.056579312500  0.294505800000 19182.703   209.124     0.812069000     1.000000000  -55.91125
   0  8 0.9639392900000 0.6000000000000 0.0200000000000 0.6000000000000 0.0200000000000 0.5998498501038 0.5998498501038 32194.991500000 15196.087029870 24932.656000000   371.481300000    79.151764377   126.739490000    -402566  0.342969632475  0.342969632475  0.198649350000  0.070927250000  0.472702500000 19707.910   213.052     0.785524250     1.000000000  -53.34043
   0 11 0.9710113700000 0.6000000000000 0.0200000000000 0.6000000000000 0.0200000000000 0.7058510593206 0.7058510593206 36120.440500000 12620.664417303 23703.240000000   327.324100000    82.905075473   133.437415000    -601048  0.300030414487  0.300030414487  0.192381300000  0.099260062500  0.402647600000 19984.660   210.421     0.753828000     1.000000000  -51.50712
   0 10 0.9810909600000 0.6000000000000 0.0200000000000 0.6000000000000 0.0200000000000 0.3867978045560 0.3867978045560 33727.012000000 17232.164074098 27371.816000000   286.391500000    90.025780694   142.878600000    -602644  0.389468985164  0.389468985164  0.200502000000  0.082321437500  0.239314800000 23671.998   204.650     0.836008750     1.000000000  -52.76769
   0 11 0.9841513700000 0.6000000000000 0.0200000000000 0.6000000000000 0.0200000000000 0.3191903014738 0.3191903014738 32533.652500000 16246.544739311 26035.936000000   380.908200000    72.066290198   111.795210000    -878007  0.454115627117  0.454115627117  0.103998100000  0.060004937500  0.200598800000 21117.704   188.864     0.801057875     1.000000000  -48.74427
   0  9 0.9855150400000 0.6000000000000 0.0200000000000 0.6000000000000 0.0200000000000 0.2541849419103 0.2541849419103 33508.811500000 15811.005501859 26304.368000000   277.469900000    90.284657852   141.911822500    -213616  0.493242234952  0.493242234952  0.159073350000  0.082069750000  0.507864700000 18454.326   199.705     0.734420875     1.000000000  -54.43595
   0  8 0.9818299500000 0.6000000000000 0.0200000000000 0.6000000000000 0.0200000000000 0.2213365391818 0.2213365391818 28986.878500000 25836.154653729 26548.808000000   297.233400000    85.849421489   136.050415000    -135223  0.598109153071  0.598109153071  0.110664500000  0.068621000000  0.210154200000 19514.690   203.126     0.818111000     1.000000000  -55.79061
   0  8 0.9696099300000 0.6000000000000 0.0200000000000 0.6000000000000 0.0200000000000 0.3059212270649 0.3059212270649 29255.677000000 17505.060911905 24691.296000000   326.799300000    80.159202764   126.315300000    -410564  0.590588026988  0.590588026988  0.210166350000  0.084401812500  0.462106000000 17360.273   200.442     0.769816875     1.000000000  -51.54634
   0  9 0.9796414900000 0.6000000000000 0.0200000000000 0.6000000000000 0.0200000000000 0.3842191447066 0.3842191447066 30061.843000000 14166.776699176 23155.840000000   400.127500000    75.854044735   121.088357500    -480185  0.386551882550  0.386551882550  0.153431000000  0.090474437500  0.348733200000 18334.629   210.444     0.787988375     1.000000000  -52.81387
   0 10 0.9638860800000 0.6000000000000 0.0200000000000 0.6000000000000 0.0200000000000 0.6891527627411 0.6891527627411 39240.965500000 16051.007905535 28831.592000000   354.774200000    75.225789505   117.149455000    -549896  0.344294317482  0.344294317482  0.138123800000  0.078053125000  0.435000300000 20856.481   192.141     0.716229625     1.000000000  -48.33646
   0 12 0.9504114900000 0.6000000000000 0.0200000000000 0.6000000000000 0.0200000000000 0.9477186748245 0.9477186748245 34811.413000000 16177.864593133 26739.656000000   426.972500000    77.001141482   125.379820000    -191441  0.404110855290  0.404110855290  0.181449200000  0.070153125000  0.308143200000 18946.429   221.537     0.722345000     1.000000000  -52.40341
   0  7 0.9840691300000 0.6000000000000 0.0200000000000 0.6000000000000 0.0200000000000 0.2060596706653 0.2060596706653 32068.537000000 23529.231686139 28847.744000000   307.922400000    85.215469871   135.900720000    -957859  0.573243770364  0.573243770364  0.153348700000  0.062806187500  0.200632200000 19326.907   207.775     0.764305125     1.000000000  -55.72874
   0  7 0.9817113600000 0.6000000000000 0.0200000000000 0.6000000000000 0.0200000000000 0.3434981929670 0.3434981929670 34606.577500000 15821.306151959 26864.596000000   415.276000000    75.589904350   119.964215000    -177327  0.366613647338  0.366613647338  0.135412300000  0.054763375000  0.377722200000 21910.800   210.620     0.794434625     1.000000000  -54.97387
   0  8 0.9790117000000 0.6000000000000 0.0200000000000 0.6000000000000 0.0200000000000 0.4197755140033 0.4197755140033 28473.595000000 24245.676257072 25893.348000000   267.574000000    92.561264063   143.690092500    -522475  0.340345300611  0.340345300611  0.177867750000  0.051898125000  0.203009400000 18332.448   195.712     0.799796625     1.000000000  -55.73769
   0  7 0.9777429100000 0.6000000000000 0.0200000000000 0.6000000000000 0.0200000000000 0.3236377982273 0.3236377982273 36453.067000000 14680.064039060 26520.132000000   376.797700000    77.376625885   122.757232500    -171740  0.431169118550  0.431169118550  0.184245100000  0.052814437500  0.310394800000 21985.669   208.337     0.778041875     1.000000000  -53.86275
   0  6 0.9720525800000 0.6000000000000 0.0200000000000 0.6000000000000 0.0200000000000 0.3712733743002 0.3712733743002 30587.614000000 21401.030364672 27081.816000000   441.968100000    75.320025804   119.028897500    -709090  0.405412239607  0.405412239607  0.132536400000  0.059933875000  0.558055200000 23010.054   211.148     0.876382375     1.000000000  -54.42151
   0 10 0.9649833700000 0.6000000000000 0.0200000000000 0.6000000000000 0.0200000000000 0.3977492944503 0.3977492944503 30800.063500000 29300.508712336 28525.596000000   316.086500000    81.499431478   128.764565000    -732470  0.580834674023  0.580834674023  0.112594250000  0.069067875000  0.533707300000 20247.786   199.848     0.797065625     1.000000000  -55.26090
   0  8 0.9873878500000 0.6000000000000 0.0200000000000 0.6000000000000 0.0200000000000 0.3569413643401 0.3569413643401 32770.685500000 20644.743191193 28582.804000000   385.696600000    73.461095136   114.192605000    -834427  0.315943573261  0.315943573261  0.192686200000  0.117480375000  0.486918700000 15858.707   194.379     0.680428375     1.000000000  -47.36723
   0  6 0.9783814000000 0.6000000000000 0.0200000000000 0.6000000000000 0.0200000000000 0.3057422932806 0.3057422932806 30884.789500000 24229.528993908 27969.988000000   479.746200000    73.481623031   115.259515000     -36112  0.424695929835  0.424695929835  0.131922850000  0.063524687500  0.217521000000 23184.837   207.544     0.871798125     1.000000000  -53.83914
   0  7 0.9546892100000 0.6000000000000 0.0200000000000 0.6000000000000 0.0200000000000 0.3870974580368 0.3870974580368 32180.047000000 18664.323168483 27093.712000000   453.069500000    77.238150739   124.260260000    -964310  0.598041790012  0.598041790012  0.139959800000  0.050730062500  0.566143600000 22011.907   222.746     0.828297000     1.000000000  -54.73104
   0 11 0.9630718600000 0.6000000000000 0.0200000000000 0.6000000000000 0.0200000000000 0.7027022727997 0.7027022727997 32832.718000000 16779.994945910 26329.436000000   443.922700000    73.274091904   116.336630000    -975145  0.370088999805  0.370088999805  0.171594250000  0.112071625000  0.415428300000 19946.595   206.410     0.769981500     1.000000000  -52.55397
   0  9 0.9664407000000 0.6000000000000 0.0200000000000 0.6000000000000 0.0200000000000 0.3888278931176 0.3888278931176 31291.895500000 25164.734306013 28426.972000000   288.193600000    92.297988948   146.662770000    -212632  0.535331467042  0.535331467042  0.231883200000  0.067657437500  0.483095400000 19997.081   208.278     0.787340625     1.000000000  -52.47609
   0  8 0.9558562700000 0.6000000000000 0.0200000000000 0.6000000000000 0.0200000000000 0.4106833379303 0.4106833379303 32788.708000000 22203.376029691 28894.812000000   401.465200000    76.236744399   120.641482500    -203036  0.595734561752  0.595734561752  0.135910050000  0.050833750000  0.424957800000 20914.937   207.278     0.787980625     1.000000000  -55.74787
   0 12 0.9799954400000 0.6000000000000 0.0200000000000 0.6000000000000 0.0200000000000 0.5716158005000 0.5716158005000 30602.207500000 13442.066007198 22684.864000000   352.216300000    77.034282646   122.746800000     -69539  0.304502575724  0.304502575724  0.162197550000  0.102416812500  0.434483300000 20237.172   202.716     0.825121000     1.000000000  -51.53376
   0  7 0.9528543400000 0.6000000000000 0.0200000000000 0.6000000000000 0.0200000000000 0.5597130807110 0.5597130807110 38680.634500000 12121.478028620 23476.620000000   296.065300000    92.227236668   147.001777500    -186755  0.428546328956  0.428546328956  0.120710800000  0.077960125000  0.560146400000 22158.581   212.133     0.783490875     1.000000000  -50.63733
   0 11 0.9879698700000 0.6000000000000 0.0200000000000 0.6000000000000 0.0200000000000 0.3065934347758 0.3065934347758 30696.478000000 30172.093749300 28526.588000000   276.789900000    85.722025553   133.559030000    -869411  0.418178247939  0.418178247939  0.141594300000  0.094790812500  0.309798600000 21272.731   191.140     0.821190125     1.000000000  -54.03196
   0 12 0.9702325700000 0.6000000000000 0.0200000000000 0.6000000000000 0.0200000000000 0.4004365681357 0.4004365681357 38363.398000000 16357.219773382 28760.316000000   415.539600000    74.140935736   118.422285000    -880758  0.576614461514  0.576614461514  0.175975100000  0.056896625000  0.425377500000 20569.276   207.361     0.714558875     1.000000000  -51.99614
   0  7 0.9686795500000 0.6000000000000 0.0200000000000 0.6000000000000 0.0200000000000 0.5424844472044 0.5424844472044 29527.756000000 23261.664882875 26612.644000000   263.462600000    89.117482210   136.358125000    -495690  0.318817531922  0.318817531922  0.143975050000  0.083705312500  0.322835400000 18991.161   186.834     0.799228750     1.000000000  -53.90484
   0 11 0.9822359500000 0.6000000000000 0.0200000000000 0.6000000000000 0.0200000000000 0.4119641947927 0.4119641947927 32561.651500000 15332.621081664 25333.744000000   330.854000000    81.380271193   130.905795000    -865466  0.373269614651  0.373269614651  0.215154800000  0.051926437500  0.230719100000 16826.252   209.168     0.710079125     1.000000000  -52.71348
   0  6 0.9800338700000 0.6000000000000 0.0200000000000 0.6000000000000 0.0200000000000 0.2418218080661 0.2418218080661 34215.887500000 15932.551204621 26764.508000000   256.222100000    97.960914233   149.848030000    -954065  0.515457190929  0.515457190929  0.135702100000  0.108779375000  0.481040800000 21687.789   193.862     0.796083750     1.000000000  -53.49088
 
  COND2           1      795019  7.048299621721165E+043  9.559557104484470E+041
  1.356292668805426E-002         100
    795019     92517     49878         0   1218553         0         0         0         0         0    296236    599787         0   3548010    795019
 PARAMETER FILE GB02D.PAR   
