  Aa Am            MSYL            MSYR           MORTJ           MORTA             K1+           PInit      ISEED   PTarget           CVADD              AR        PREG-MAX           GAMMA              P0   SSTILDA     LIKEL
   0  6 0.9611773100000 0.6000000000000 0.0450000000000 0.6000000000000 0.0200000000000 0.7637453319879 0.3971472561557 23702.290000000  2573.799745120 13272.380000000   289.131600000    86.393245906   134.787335000    -872637  0.475947091727  0.475947091727  0.133161800000  0.052677500000  0.208291500000 20045.568   197.066     0.843391000     1.000000000  -58.75673
   0  6 0.9891168500000 0.6000000000000 0.0450000000000 0.6000000000000 0.0200000000000 0.7609900462743 0.3120758890501 25126.054000000  2413.500967142 12951.014000000   277.405700000    84.146978747   129.824260000    -575068  0.312325795978  0.312325795978  0.122057400000  0.134675625000  0.588087800000 21320.450   188.151     0.841203875     1.000000000  -53.08183
   0  7 0.9641096000000 0.6000000000000 0.0450000000000 0.6000000000000 0.0200000000000 0.7707482043190 0.3729223537480 25306.873000000  2399.339408586 12700.664000000   354.795300000    81.881097421   131.750600000    -779030  0.512446944950  0.512446944950  0.167188700000  0.121313562500  0.287685000000 20430.996   216.794     0.803838375     1.000000000  -53.38790
   0  9 0.9883776700000 0.6000000000000 0.0450000000000 0.6000000000000 0.0200000000000 0.8398931861372 0.2885197871914 25279.603000000  2436.433647711 13908.618000000   412.026000000    77.038830037   125.034800000     -12128  0.397824121701  0.397824121701  0.142492250000  0.060124375000  0.213729900000 23774.133   221.546     0.946438750     1.000000000  -52.83642
   0  7 0.9613188200000 0.6000000000000 0.0450000000000 0.6000000000000 0.0200000000000 0.8246437602137 0.4057771634361 21986.008000000  3091.506805905 15489.836000000   321.429500000    81.147564957   127.432910000    -160550  0.499389624440  0.499389624440  0.210812300000  0.053110000000  0.482224300000 19856.465   199.791     0.907905375     1.000000000  -53.53931
   0  8 0.9854898800000 0.6000000000000 0.0450000000000 0.6000000000000 0.0200000000000 0.9093164528586 0.3456728341821 24439.268500000  2576.064529145 14329.988000000   268.587700000    90.271797233   140.148177500    -916901  0.345166361450  0.345166361450  0.106493550000  0.098079312500  0.553593300000 20716.647   193.643     0.833305625     1.000000000  -55.43176
   0  8 0.9847117400000 0.6000000000000 0.0450000000000 0.6000000000000 0.0200000000000 0.5995400002075 0.2299471847272 22162.723000000  2464.454395871 12988.678000000   354.298300000    79.264193895   126.869945000    -302997  0.530741530974  0.530741530974  0.144441250000  0.069889125000  0.256714300000 18823.071   210.743     0.843672750     1.000000000  -57.47482
   0  9 0.9813037800000 0.6000000000000 0.0450000000000 0.6000000000000 0.0200000000000 0.7050187616412 0.2629165868944 22375.280500000  2388.400110494 12686.282000000   393.644900000    75.596094828   120.231007500    -188863  0.539228058208  0.539228058208  0.157683350000  0.081061875000  0.348625000000 19686.534   207.663     0.872337875     1.000000000  -56.21983
   0  9 0.9676414000000 0.6000000000000 0.0450000000000 0.6000000000000 0.0200000000000 0.8403761909806 0.3524717644430 24415.792000000  2617.478475939 14405.960000000   311.771400000    83.705956317   132.932820000    -267759  0.573825700322  0.573825700322  0.133905250000  0.051181812500  0.393497400000 22110.754   204.123     0.896450625     1.000000000  -57.72013
   0  7 0.9704668900000 0.6000000000000 0.0450000000000 0.6000000000000 0.0200000000000 0.9228181303402 0.4277355314443 24376.763500000  2633.781780239 14187.552000000   374.070300000    76.649341944   120.528870000    -228369  0.388321189631  0.388321189631  0.134714550000  0.057917500000  0.217947500000 19559.519   202.861     0.797805750     1.000000000  -56.56213
   0  6 0.9896292700000 0.6000000000000 0.0450000000000 0.6000000000000 0.0200000000000 0.5972089032964 0.2433050673013 25087.849000000  2609.440559207 14342.482000000   341.819900000    81.648828615   131.028385000    -478965  0.394583181475  0.394583181475  0.140232400000  0.080398000000  0.341214400000 19980.113   214.054     0.793658875     1.000000000  -55.54162
   0  7 0.9862066300000 0.6000000000000 0.0450000000000 0.6000000000000 0.0200000000000 0.6555556551934 0.2628078728414 24449.636500000  2326.179451372 12394.866000000   274.729800000    94.104012579   148.072652500    -720577  0.423188833018  0.423188833018  0.150204250000  0.057750625000  0.545133600000 21354.951   203.727     0.867007750     1.000000000  -57.88861
   0 10 0.9872819300000 0.6000000000000 0.0450000000000 0.6000000000000 0.0200000000000 0.7585216247403 0.2461563395090 22466.270500000  2726.526148471 14795.072000000   290.220000000    87.461974725   138.884642500    -310339  0.506908677501  0.506908677501  0.135685800000  0.050798000000  0.479025800000 19440.060   203.047     0.845178750     1.000000000  -58.04428
   0  9 0.9807987300000 0.6000000000000 0.0450000000000 0.6000000000000 0.0200000000000 0.6746256015572 0.2528927876888 24320.171500000  2280.238010318 12423.828000000   378.401800000    76.030980773   120.601345000    -435778  0.568642335051  0.568642335051  0.129509800000  0.059277187500  0.236467100000 20961.750   205.202     0.848585500     1.000000000  -57.19066
   0  6 0.9737124700000 0.6000000000000 0.0450000000000 0.6000000000000 0.0200000000000 0.7054429802142 0.3373420325368 21230.143000000  2582.857813791 12880.440000000   427.934400000    76.079289159   120.681425000    -172755  0.429766515350  0.429766515350  0.130174350000  0.067150000000  0.401763900000 18464.110   212.919     0.875341625     1.000000000  -57.00299
   0  7 0.9516640100000 0.6000000000000 0.0450000000000 0.6000000000000 0.0200000000000 0.8143999064878 0.4215867565834 24070.772500000  2676.989524898 14065.026000000   328.982400000    81.856961354   129.292495000    -167884  0.582034195628  0.582034195628  0.154645850000  0.083161750000  0.261964200000 20970.442   204.220     0.865614125     1.000000000  -56.58624
   0  6 0.9722762300000 0.6000000000000 0.0450000000000 0.6000000000000 0.0200000000000 0.7022585580605 0.3395466965648 22394.761000000  2744.302753155 14099.562000000   259.081000000    93.982480826   143.870695000    -673310  0.441079955704  0.441079955704  0.177342700000  0.064805125000  0.218110400000 20027.477   191.004     0.897902875     1.000000000  -56.04936
   0  7 0.9850784100000 0.6000000000000 0.0450000000000 0.6000000000000 0.0200000000000 0.8928568223575 0.3625850039756 22772.869000000  2666.646849979 14184.784000000   255.031800000    96.432717331   147.413357500     -49284  0.316730166431  0.316730166431  0.182982350000  0.128891187500  0.512835900000 20869.319   191.633     0.921612750     1.000000000  -52.59081
   0  7 0.9822419500000 0.6000000000000 0.0450000000000 0.6000000000000 0.0200000000000 0.7097192187053 0.2971074724797 20542.507000000  2558.491569164 12826.036000000   380.484100000    79.039521652   127.254062500    -101439  0.417882641976  0.417882641976  0.121636550000  0.071339375000  0.288837400000 19236.369   217.850     0.968060250     1.000000000  -53.98657
   0  7 0.9814569800000 0.6000000000000 0.0450000000000 0.6000000000000 0.0200000000000 0.9396261193441 0.3964877487128 24516.583000000  2217.390669996 11470.116000000   336.188400000    85.088451461   138.391390000    -866734  0.319772416518  0.319772416518  0.152578000000  0.117970500000  0.285159600000 19895.516   221.729     0.811803000     1.000000000  -52.08193
   0  9 0.9883223100000 0.6000000000000 0.0450000000000 0.6000000000000 0.0200000000000 0.7018296219722 0.2412657731999 23215.817500000  2473.686631275 13591.838000000   274.609400000    94.850731590   149.565280000    -119451  0.476573667551  0.476573667551  0.145406100000  0.059397875000  0.516298200000 18179.065   204.661     0.774919750     1.000000000  -57.15387
   0  6 0.9889293000000 0.6000000000000 0.0450000000000 0.6000000000000 0.0200000000000 0.4731652894445 0.1945030524809 22459.601500000  2571.220892924 13422.004000000   333.733300000    79.024993546   124.260455000    -287654  0.503886277207  0.503886277207  0.151038300000  0.050302937500  0.324738300000 18213.348   200.998     0.813613875     1.000000000  -57.18701
   0  8 0.9797286100000 0.6000000000000 0.0450000000000 0.6000000000000 0.0200000000000 0.7591547130279 0.3067105842818 23583.193000000  2451.228093728 13196.090000000   470.568400000    74.035832865   117.969820000    -839186  0.456996885015  0.456996885015  0.132447250000  0.075426687500  0.233178000000 20256.684   214.259     0.849457250     1.000000000  -57.19664
   0  6 0.9653063100000 0.6000000000000 0.0450000000000 0.6000000000000 0.0200000000000 0.9191877465838 0.4662927187630 23250.202000000  2395.255173072 12043.172000000   322.891400000    80.159323308   125.101262500     -13657  0.373030825764  0.373030825764  0.109656450000  0.052671000000  0.328446600000 20144.098   197.088     0.868161375     1.000000000  -56.25641
   0  8 0.9840313700000 0.6000000000000 0.0450000000000 0.6000000000000 0.0200000000000 0.8508153261459 0.3288071069356 23027.965000000  2516.362462557 13538.312000000   402.750000000    74.196666421   116.593640000    -487948  0.378489056459  0.378489056459  0.173612200000  0.071955750000  0.379594800000 20182.988   201.979     0.868472750     1.000000000  -55.32328
   0 11 0.9888226100000 0.6000000000000 0.0450000000000 0.6000000000000 0.0200000000000 0.9466980975757 0.2786340983700 28920.026500000  2103.120926021 12596.512000000   285.444400000    88.231296787   139.809625000    -219330  0.447262666214  0.447262666214  0.188448200000  0.077735437500  0.402585000000 23370.464   201.608     0.780478125     1.000000000  -53.33439
   0  8 0.9871554300000 0.6000000000000 0.0450000000000 0.6000000000000 0.0200000000000 0.5164853304292 0.1924889292852 25666.567000000  2474.649964670 14005.534000000   292.322800000    90.546712168   144.893210000    -812402  0.589986558229  0.589986558229  0.202587500000  0.067812750000  0.434398000000 23485.347   210.293     0.907346625     1.000000000  -53.30023
   0  7 0.9744675300000 0.6000000000000 0.0450000000000 0.6000000000000 0.0200000000000 0.7807423929359 0.3508799048699 22054.777000000  2482.143826921 12709.822000000   432.946400000    78.391786191   127.461575000    -198650  0.431014954669  0.431014954669  0.153678650000  0.082527437500  0.399718800000 20005.210   228.313     0.915641000     1.000000000  -53.61222
   0  9 0.9824062200000 0.6000000000000 0.0450000000000 0.6000000000000 0.0200000000000 0.9495429613309 0.3500138232175 26323.085500000  2215.857015383 12352.126000000   482.925900000    71.181234241   111.291882500    -257992  0.392509260407  0.392509260407  0.210808850000  0.063371062500  0.322298300000 22804.699   200.404     0.849991125     1.000000000  -51.01993
   0  6 0.9869452900000 0.6000000000000 0.0450000000000 0.6000000000000 0.0200000000000 0.5708198902999 0.2403934842501 20658.836500000  2498.437224696 12445.790000000   329.103500000    81.666418670   129.948767500    -222396  0.431617213950  0.431617213950  0.187231850000  0.056930562500  0.522006900000 16446.817   208.077     0.808423875     1.000000000  -54.60128
   0  8 0.9765575100000 0.6000000000000 0.0450000000000 0.6000000000000 0.0200000000000 0.7626628814829 0.3172776753677 22643.647000000  2282.965528945 11778.432000000   406.354500000    74.661766748   117.609655000    -821253  0.480049442961  0.480049442961  0.118566650000  0.073837125000  0.450983400000 19321.925   203.931     0.850730250     1.000000000  -55.65249
   0  7 0.9861789100000 0.6000000000000 0.0450000000000 0.6000000000000 0.0200000000000 0.6842328855391 0.2743928866797 20975.344000000  2295.830625351 11439.096000000   331.702300000    81.361251988   129.804077500    -693492  0.405644109184  0.405644109184  0.149328400000  0.076223312500  0.315556800000 19737.660   208.633     0.976764000     1.000000000  -52.84973
   0  6 0.9844628900000 0.6000000000000 0.0450000000000 0.6000000000000 0.0200000000000 0.6923404938788 0.2998623618319 24436.528000000  2588.001889908 13943.856000000   320.560000000    82.637197651   131.290400000     -75135  0.370522816158  0.370522816158  0.139875600000  0.113980875000  0.543379400000 20033.190   206.818     0.815659750     1.000000000  -55.32051
   0  9 0.9896319200000 0.6000000000000 0.0450000000000 0.6000000000000 0.0200000000000 0.8630190823920 0.2915615790869 23678.921500000  2399.504910168 13278.644000000   460.294600000    73.112595950   116.355480000    -294229  0.378217676401  0.378217676401  0.137496300000  0.124469375000  0.471266100000 20515.759   210.885     0.851075750     1.000000000  -55.01016
   0 10 0.9826680200000 0.6000000000000 0.0450000000000 0.6000000000000 0.0200000000000 0.7241456055970 0.2483137023839 22654.204000000  2096.979074676 10965.226000000   344.773700000    82.256323936   133.830210000    -653905  0.579161306207  0.579161306207  0.127651000000  0.076298125000  0.295606800000 19126.613   218.219     0.836550250     1.000000000  -53.51034
   0  8 0.9780479600000 0.6000000000000 0.0450000000000 0.6000000000000 0.0200000000000 0.7134387447862 0.2928436623838 22098.935500000  2428.220871959 12629.624000000   349.516800000    80.922869512   130.162975000    -502842  0.500406563870  0.500406563870  0.137741900000  0.097844437500  0.431448400000 20082.639   213.996     0.914809375     1.000000000  -55.32548
   0 10 0.9738788700000 0.6000000000000 0.0450000000000 0.6000000000000 0.0200000000000 0.8879141882049 0.3318402307272 22434.073000000  2398.948431805 12783.628000000   278.303900000    88.866861504   139.027805000    -872968  0.554925226473  0.554925226473  0.168202400000  0.054609000000  0.239284700000 18781.917   196.537     0.820992250     1.000000000  -57.25329
   0  6 0.9757493300000 0.6000000000000 0.0450000000000 0.6000000000000 0.0200000000000 0.6333641697997 0.2979392992648 23021.593000000  2470.506398837 12682.138000000   273.509400000    95.579035119   149.795900000    -120251  0.464175138533  0.464175138533  0.117794500000  0.069283625000  0.543893100000 19681.775   203.922     0.854579250     1.000000000  -58.56564
   0  6 0.9730190200000 0.6000000000000 0.0450000000000 0.6000000000000 0.0200000000000 0.9432884372798 0.4535144853530 22251.566500000  2734.116228992 14012.124000000   295.917400000    87.376823165   138.140945000    -549132  0.324758078538  0.324758078538  0.177285450000  0.106903187500  0.539287600000 20454.664   204.494     0.932354250     1.000000000  -54.15790
   0 10 0.9760930200000 0.6000000000000 0.0450000000000 0.6000000000000 0.0200000000000 0.8630419010029 0.3162470773033 23660.804500000  2572.738574423 14209.916000000   303.193800000    82.032827972   128.994047500     -78779  0.548479287411  0.548479287411  0.132332650000  0.088625062500  0.380295100000 21060.439   196.304     0.872049375     1.000000000  -56.25697
   0  9 0.9631059900000 0.6000000000000 0.0450000000000 0.6000000000000 0.0200000000000 0.9372064249097 0.4053305846296 25276.808500000  2408.295573209 13217.398000000   437.773800000    71.878911198   111.377325000    -156515  0.555233584021  0.555233584021  0.152823450000  0.152281750000  0.542676600000 21419.805   193.665     0.830620625     1.000000000  -51.64328
   0  6 0.9517258200000 0.6000000000000 0.0450000000000 0.6000000000000 0.0200000000000 0.7268316257231 0.3967666606836 24801.986500000  2571.184085552 13348.404000000   492.431900000    75.291851281   119.255845000    -125443  0.569097127568  0.569097127568  0.106399900000  0.052658437500  0.284836700000 21690.551   215.349     0.870880625     1.000000000  -56.62600
   0  8 0.9803946600000 0.6000000000000 0.0450000000000 0.6000000000000 0.0200000000000 0.5792251239286 0.2324999946179 24639.649000000  2516.037142388 13898.366000000   452.390000000    74.294500631   118.236580000    -528496  0.592157337351  0.592157337351  0.112455150000  0.132756375000  0.298500500000 21600.123   212.629     0.864076125     1.000000000  -53.90020
   0  6 0.9896901100000 0.6000000000000 0.0450000000000 0.6000000000000 0.0200000000000 0.5934644491123 0.2415888640205 23869.622500000  2332.092438792 12122.378000000   299.286100000    85.368872112   135.203205000    -866151  0.396668055506  0.396668055506  0.152975550000  0.052165625000  0.340198200000 18349.830   203.838     0.778100000     1.000000000  -57.31573
   0  6 0.9506414200000 0.6000000000000 0.0450000000000 0.6000000000000 0.0200000000000 0.9147703351698 0.5018457218527 26373.832000000  2549.174719392 13479.554000000   330.726200000    77.278390666   118.500610000     -50254  0.458763669786  0.458763669786  0.144887900000  0.067960875000  0.458879600000 23683.573   187.492     0.894788875     1.000000000  -50.64801
   0  6 0.9599621000000 0.6000000000000 0.0450000000000 0.6000000000000 0.0200000000000 0.9082480735618 0.4755283854184 26867.392000000  2583.184908829 13964.800000000   267.956800000    95.810286267   148.348902500     -61183  0.407064387706  0.407064387706  0.172062800000  0.055714062500  0.340555100000 21918.000   198.891     0.808475500     1.000000000  -56.58244
   0  7 0.9770829100000 0.6000000000000 0.0450000000000 0.6000000000000 0.0200000000000 0.6360395150432 0.2795998131647 23382.151000000  2418.871769235 12669.978000000   296.098100000    89.366982433   142.528672500    -548485  0.507385010326  0.507385010326  0.152892500000  0.063009312500  0.323673600000 17900.826   209.310     0.772787625     1.000000000  -56.58603
   0  7 0.9802860700000 0.6000000000000 0.0450000000000 0.6000000000000 0.0200000000000 0.8179155388148 0.3491187562753 21933.938500000  2691.394603593 13959.796000000   374.069700000    76.805749018   121.317872500    -919165  0.374518002945  0.374518002945  0.154728100000  0.089398562500  0.339613100000 19908.208   205.304     0.913770250     1.000000000  -55.58954
   0  7 0.9763229200000 0.6000000000000 0.0450000000000 0.6000000000000 0.0200000000000 0.9278623615476 0.4105811166118 21918.008500000  2600.173881938 13393.798000000   331.532900000    82.151593248   131.145157500    -403094  0.352085590998  0.352085590998  0.154165900000  0.094975062500  0.569145700000 19338.492   209.665     0.883413000     1.000000000  -56.09496
   0  8 0.9763184300000 0.6000000000000 0.0450000000000 0.6000000000000 0.0200000000000 0.8094961012392 0.3374688377232 21222.502000000  3058.015403453 15297.728000000   339.510100000    79.703908354   126.517612500    -591227  0.454099302528  0.454099302528  0.151809000000  0.059950000000  0.264883100000 19633.408   205.173     0.939620000     1.000000000  -55.40053
   0  6 0.9817067300000 0.6000000000000 0.0450000000000 0.6000000000000 0.0200000000000 0.7575629722817 0.3376187877634 23420.113000000  2462.155535237 12818.484000000   287.885300000    89.797623014   142.156742500    -972131  0.353852674974  0.353852674974  0.118966350000  0.077818312500  0.224828200000 19406.038   205.393     0.827915750     1.000000000  -57.93588
   0  7 0.9791228000000 0.6000000000000 0.0450000000000 0.6000000000000 0.0200000000000 0.7396528349100 0.3192108814772 18510.797500000  3387.553481344 14737.234000000   302.834400000    86.614464119   137.987545000    -569526  0.422109417955  0.422109417955  0.112358150000  0.054037312500  0.314584400000 16683.992   207.678     0.921498250     1.000000000  -50.07515
   0  7 0.9503718600000 0.6000000000000 0.0450000000000 0.6000000000000 0.0200000000000 0.8126882384576 0.4232437163850 23614.837000000  2440.961629674 12449.570000000   268.797500000    92.393327483   142.482425000    -791763  0.594092432168  0.594092432168  0.101527350000  0.051485937500  0.221854900000 20029.041   194.095     0.846634250     1.000000000  -57.68264
   0  6 0.9872442900000 0.6000000000000 0.0450000000000 0.6000000000000 0.0200000000000 0.6349790976051 0.2664682472850 22903.022500000  2624.396703097 13833.624000000   317.592400000    81.104865463   127.712735000    -478122  0.386103966261  0.386103966261  0.178382400000  0.091516250000  0.568302100000 19546.908   201.000     0.850622250     1.000000000  -55.22763
   0 10 0.9893429700000 0.6000000000000 0.0450000000000 0.6000000000000 0.0200000000000 0.7665788285068 0.2420409551080 22481.552500000  2443.624501939 13363.904000000   283.955800000    91.114018041   144.880437500    -851365  0.482220439705  0.482220439705  0.135717700000  0.127683812500  0.364129000000 20673.051   205.806     0.917654375     1.000000000  -54.49900
   0  8 0.9858525800000 0.6000000000000 0.0450000000000 0.6000000000000 0.0200000000000 0.5732542908717 0.2170024109704 23048.350000000  2601.053928727 14079.410000000   392.786300000    75.212891790   118.898052500    -109846  0.544013954900  0.544013954900  0.128516750000  0.071416937500  0.546617500000 20585.610   205.137     0.886631500     1.000000000  -56.92360
   0 11 0.9806630200000 0.6000000000000 0.0450000000000 0.6000000000000 0.0200000000000 0.8618855336648 0.2804087454504 23661.074500000  2240.724961579 12390.104000000   286.970300000    85.001937014   133.387462500    -473639  0.575026587524  0.575026587524  0.154139200000  0.106178812500  0.325303300000 21914.100   195.055     0.928368250     1.000000000  -53.38120
   0  6 0.9866929300000 0.6000000000000 0.0450000000000 0.6000000000000 0.0200000000000 0.5931304618683 0.2505297176273 22623.059500000  2637.830815110 13823.704000000   447.100200000    72.811830060   113.130830000    -863744  0.417104782929  0.417104782929  0.137140400000  0.140793187500  0.216636500000 20752.115   199.910     0.925775875     1.000000000  -52.76802
   0  8 0.9863975900000 0.6000000000000 0.0450000000000 0.6000000000000 0.0200000000000 0.6965073254216 0.2619672240775 23473.397500000  2425.022056090 13124.494000000   325.502000000    85.308296704   138.409167500     -37410  0.443439027648  0.443439027648  0.120451600000  0.055331625000  0.441047800000 19472.304   217.992     0.820790500     1.000000000  -57.20856
   0  7 0.9877657300000 0.6000000000000 0.0450000000000 0.6000000000000 0.0200000000000 0.4894896389554 0.1926083766747 22293.632500000  2669.516665289 14097.282000000   355.336600000    80.180841096   128.839542500    -686401  0.551809125487  0.551809125487  0.169267450000  0.147673125000  0.265038400000 19233.201   214.538     0.858498250     1.000000000  -52.52097
   0 10 0.9822750000000 0.6000000000000 0.0450000000000 0.6000000000000 0.0200000000000 0.7644544276811 0.2632753631788 24604.022500000  2497.415011034 14180.374000000   269.016900000    93.372280422   145.596542500    -695727  0.552654847357  0.552654847357  0.207651500000  0.057350812500  0.248243200000 20536.340   197.892     0.809335500     1.000000000  -55.41009
   0  6 0.9560759400000 0.6000000000000 0.0450000000000 0.6000000000000 0.0200000000000 0.7506707333478 0.4012210848689 23976.947500000  2747.629641410 14320.490000000   395.008200000    78.318605507   124.472582500    -265471  0.519588683822  0.519588683822  0.167809900000  0.066601437500  0.501037200000 20989.036   213.036     0.871748125     1.000000000  -56.23929
   0  6 0.9501514700000 0.6000000000000 0.0450000000000 0.6000000000000 0.0200000000000 0.8954582291037 0.4923366884981 24468.766000000  2881.532690666 15119.814000000   386.770200000    77.492213561   121.864847500    -361075  0.471719298800  0.471719298800  0.180388400000  0.065128687500  0.505626800000 20525.858   205.869     0.832577000     1.000000000  -54.87555
   0  7 0.9862080800000 0.6000000000000 0.0450000000000 0.6000000000000 0.0200000000000 0.5409720753906 0.2168684220099 20038.673500000  2492.391003563 12369.672000000   395.339200000    74.130816656   115.687507500    -642203  0.512811987979  0.512811987979  0.118450950000  0.054639187500  0.337735800000 17450.848   198.770     0.878283750     1.000000000  -54.02572
   0  6 0.9744974800000 0.6000000000000 0.0450000000000 0.6000000000000 0.0200000000000 0.7046705323344 0.3348830757962 24781.426000000  2433.824018302 12761.082000000   429.215900000    81.533287443   134.709205000    -603858  0.425186773493  0.425186773493  0.147576000000  0.141756375000  0.392500900000 19386.821   241.464     0.786235750     1.000000000  -49.17223
   0  8 0.9866187400000 0.6000000000000 0.0450000000000 0.6000000000000 0.0200000000000 0.7427895489493 0.2786364663508 25537.790500000  2423.231538830 13601.448000000   429.219500000    73.341051387   115.338587500    -524978  0.414177630551  0.414177630551  0.161119800000  0.126301375000  0.530849400000 23673.544   203.627     0.926496750     1.000000000  -51.05149
   0  7 0.9580581200000 0.6000000000000 0.0450000000000 0.6000000000000 0.0200000000000 0.9491087040473 0.4756709799713 22162.790500000  2661.430306821 13523.706000000   276.215600000    90.674304566   141.065035000    -583847  0.455303418086  0.455303418086  0.141646350000  0.086382250000  0.555405100000 17369.066   197.043     0.788886500     1.000000000  -55.35858
   0 10 0.9842458800000 0.6000000000000 0.0450000000000 0.6000000000000 0.0200000000000 0.9113384194583 0.3069440601853 23362.981000000  2589.300287824 14366.458000000   290.286800000    87.520105758   138.861600000    -510621  0.446813370644  0.446813370644  0.117107850000  0.114583312500  0.523371600000 19697.553   202.831     0.820203125     1.000000000  -54.98539
   0  8 0.9850377700000 0.6000000000000 0.0450000000000 0.6000000000000 0.0200000000000 0.6240455398443 0.2384629667841 23813.813500000  2520.238747546 13800.500000000   270.407300000    95.429467709   149.436515000    -482102  0.506981382270  0.506981382270  0.110540150000  0.062294312500  0.558949000000 21799.275   202.101     0.914202500     1.000000000  -57.23468
   0  9 0.9793040700000 0.6000000000000 0.0450000000000 0.6000000000000 0.0200000000000 0.7484975520687 0.2848039646544 21785.992000000  2281.954430656 11809.856000000   283.701400000    87.876552358   138.176435000    -348512  0.526362467380  0.526362467380  0.157799500000  0.057740687500  0.561489900000 19777.872   198.865     0.913907625     1.000000000  -56.36659
   0  6 0.9615099400000 0.6000000000000 0.0450000000000 0.6000000000000 0.0200000000000 0.8750893155816 0.4541799718882 23073.595000000  2684.360394064 13792.924000000   262.212900000    96.128199453   147.659935000    -725455  0.413458785470  0.413458785470  0.137382150000  0.152963062500  0.223965900000 20220.189   195.145     0.875813000     1.000000000  -53.92768
   0  6 0.9739841900000 0.6000000000000 0.0450000000000 0.6000000000000 0.0200000000000 0.5134261159574 0.2449954838976 24401.657500000  2570.375176754 13624.060000000   327.354300000    85.595870435   137.975325000    -128345  0.588090467776  0.588090467776  0.123237450000  0.054088187500  0.245983300000 21984.537   217.319     0.900386875     1.000000000  -56.36118
   0  9 0.9815660300000 0.6000000000000 0.0450000000000 0.6000000000000 0.0200000000000 0.8273838123593 0.3077082231991 21866.101000000  2356.668582917 12350.850000000   485.115000000    72.609703815   115.190842500    -453249  0.457322294418  0.457322294418  0.178757800000  0.067674687500  0.566081700000 15097.343   210.061     0.710737375     1.000000000  -50.27035
   0  6 0.9871806300000 0.6000000000000 0.0450000000000 0.6000000000000 0.0200000000000 0.6123483614677 0.2571658482641 28494.938500000  2388.055483032 13235.094000000   437.818000000    76.489379122   122.654110000    -408503  0.400792803250  0.400792803250  0.165454000000  0.083765937500  0.250371700000 20860.140   220.272     0.740706500     1.000000000  -51.91904
   0  7 0.9785223800000 0.6000000000000 0.0450000000000 0.6000000000000 0.0200000000000 0.8815024414773 0.3825417309058 25962.595000000  2302.386292794 12324.896000000   362.689800000    80.777422365   130.295737500    -820148  0.357665112536  0.357665112536  0.180837550000  0.051996500000  0.512903700000 22793.516   218.072     0.870475000     1.000000000  -54.25558
   0  6 0.9765175100000 0.6000000000000 0.0450000000000 0.6000000000000 0.0200000000000 0.9636443110618 0.4503932514027 24251.173000000  2469.861682069 12952.462000000   371.812400000    80.726461907   130.139607500    -983996  0.301533689884  0.301533689884  0.161539500000  0.050242312500  0.333766100000 21032.420   220.008     0.863358500     1.000000000  -56.39153
   0  6 0.9864051900000 0.6000000000000 0.0450000000000 0.6000000000000 0.0200000000000 0.5538856121103 0.2347368194828 21466.879000000  3130.025291867 15712.224000000   274.878000000    88.925802038   138.609270000     -41294  0.448766809998  0.448766809998  0.184470200000  0.060751500000  0.320699500000 19652.470   195.801     0.926685125     1.000000000  -54.49385
   0  6 0.9505103100000 0.6000000000000 0.0450000000000 0.6000000000000 0.0200000000000 0.9349100328093 0.5131986133192 22023.538000000  2715.296336948 13503.932000000   417.984600000    78.417638560   125.365975000    -193151  0.449664507400  0.449664507400  0.124272450000  0.057643187500  0.597951800000 20042.746   218.541     0.922186000     1.000000000  -56.57928
   0  9 0.9767365600000 0.6000000000000 0.0450000000000 0.6000000000000 0.0200000000000 0.8767071505092 0.3417497031831 26540.948500000  2316.213420654 13064.466000000   379.461100000    79.824428066   129.825170000    -706672  0.470239442092  0.470239442092  0.194483250000  0.058344812500  0.573428400000 18895.108   221.628     0.715435250     1.000000000  -52.14931
   0  6 0.9527588300000 0.6000000000000 0.0450000000000 0.6000000000000 0.0200000000000 0.9414747263907 0.5114574103009 24635.383000000  2741.439355238 14404.492000000   377.676800000    80.141870530   128.010565000    -934643  0.433311042721  0.433311042721  0.139860400000  0.099920875000  0.339254300000 19080.108   215.505     0.777656250     1.000000000  -54.11586
   0  6 0.9538795200000 0.6000000000000 0.0450000000000 0.6000000000000 0.0200000000000 0.9133284238532 0.4935105724031 21892.804000000  3000.676641854 14881.166000000   378.549200000    77.501406886   121.674170000    -570992  0.439974240468  0.439974240468  0.141598500000  0.052259875000  0.493573700000 18910.682   204.210     0.864818000     1.000000000  -56.41497
   0  6 0.9772461500000 0.6000000000000 0.0450000000000 0.6000000000000 0.0200000000000 0.9556993810677 0.4438982440488 24860.590000000  2421.549272808 12735.030000000   283.566700000    90.324905395   142.273905000    -644113  0.300667907159  0.300667907159  0.123238550000  0.076656437500  0.575716500000 21750.173   203.073     0.870405375     1.000000000  -56.99024
   0  9 0.9784540000000 0.6000000000000 0.0450000000000 0.6000000000000 0.0200000000000 0.9627216754332 0.3693330448362 25153.283500000  2331.230714184 12928.088000000   293.642800000    90.318381689   144.386535000    -627990  0.415452627027  0.415452627027  0.201661600000  0.091152687500  0.454355800000 20161.638   209.690     0.788240500     1.000000000  -53.69909
   0  8 0.9758162100000 0.6000000000000 0.0450000000000 0.6000000000000 0.0200000000000 0.8062153178707 0.3375715974758 22249.042000000  2718.951029342 14264.552000000   255.135000000    96.918581747   147.814960000    -155618  0.459809117770  0.459809117770  0.168146250000  0.062181312500  0.338983800000 19772.025   191.444     0.885002875     1.000000000  -56.78822
   0  6 0.9708703700000 0.6000000000000 0.0450000000000 0.6000000000000 0.0200000000000 0.6742549823730 0.3294141280664 23163.950500000  2798.304730637 14606.682000000   476.728200000    74.430832802   117.430157500    -841801  0.469067688907  0.469067688907  0.170713450000  0.081362375000  0.565772900000 20054.549   211.542     0.862680000     1.000000000  -55.14192
   0  6 0.9729352600000 0.6000000000000 0.0450000000000 0.6000000000000 0.0200000000000 0.8247983919940 0.3968020284383 25837.166500000  2293.705727495 11822.748000000   494.252600000    74.726874486   118.645950000    -996666  0.371877688784  0.371877688784  0.138493750000  0.071832750000  0.535637400000 18289.692   216.535     0.731488875     1.000000000  -53.01463
   0 11 0.9836787400000 0.6000000000000 0.0450000000000 0.6000000000000 0.0200000000000 0.8446845830148 0.2655972883177 21786.721000000  2564.382355944 13757.760000000   286.759600000    90.121870676   143.331585000     -83407  0.553844321632  0.553844321632  0.127602000000  0.085919375000  0.254377500000 19518.526   205.228     0.881354875     1.000000000  -57.03559
   0  6 0.9747792800000 0.6000000000000 0.0450000000000 0.6000000000000 0.0200000000000 0.9746526732546 0.4621390839575 22553.507500000  2524.868428925 12908.204000000   292.445400000    93.429716961   149.447207500    -622815  0.306103888384  0.306103888384  0.109440800000  0.055797687500  0.256210200000 17607.290   213.963     0.789680500     1.000000000  -55.43816
   0  8 0.9852398200000 0.6000000000000 0.0450000000000 0.6000000000000 0.0200000000000 0.9165491182139 0.3494274324956 22490.300500000  3012.769506362 15860.524000000   375.654100000    80.658183134   131.583485000     -77942  0.343957862338  0.343957862338  0.118066400000  0.066325937500  0.475229300000 20620.445   224.466     0.918583625     1.000000000  -52.48045
   0  7 0.9637101200000 0.6000000000000 0.0450000000000 0.6000000000000 0.0200000000000 0.7022543470561 0.3406256491360 22416.361000000  2461.103455151 12501.828000000   320.971700000    82.918319289   131.408147500    -807443  0.565820570482  0.565820570482  0.119513150000  0.082761437500  0.522769700000 19882.668   205.417     0.890562625     1.000000000  -56.84532
   0  6 0.9566765100000 0.6000000000000 0.0450000000000 0.6000000000000 0.0200000000000 0.7475300117038 0.3983163691136 22281.158500000  2784.369054518 14034.210000000   344.668600000    81.668579080   129.813697500    -329804  0.517508442893  0.517508442893  0.173408450000  0.096240187500  0.261945600000 19600.620   210.149     0.881900625     1.000000000  -55.05861
   0  6 0.9820551000000 0.6000000000000 0.0450000000000 0.6000000000000 0.0200000000000 0.6530270948288 0.2900218245305 25705.906000000  2391.191206825 12741.948000000   248.173400000    98.911233584   149.192992500    -657691  0.408239855802  0.408239855802  0.135577300000  0.120514875000  0.529248500000 21293.156   188.468     0.822834000     1.000000000  -54.18893
   0 11 0.9892482900000 0.6000000000000 0.0450000000000 0.6000000000000 0.0200000000000 0.9408145438874 0.2752503268327 22383.907000000  2400.557491394 13213.130000000   300.012900000    89.040628889   143.707285000    -217271  0.446326212649  0.446326212649  0.145564850000  0.053887562500  0.371301800000 19716.934   212.523     0.861665125     1.000000000  -57.99744
   0  7 0.9858879500000 0.6000000000000 0.0450000000000 0.6000000000000 0.0200000000000 0.4654162788800 0.1872722195442 24041.963500000  2493.379056085 13488.700000000   425.151100000    75.425336047   120.049332500    -166062  0.599322642200  0.599322642200  0.163199850000  0.066655625000  0.559601900000 21355.646   212.887     0.882122000     1.000000000  -56.37194
   0  6 0.9696170300000 0.6000000000000 0.0450000000000 0.6000000000000 0.0200000000000 0.5499488628871 0.2710981406059 21822.388000000  2767.794740036 13994.432000000   455.722300000    75.932878475   120.881365000    -294630  0.585785458852  0.585785458852  0.135212500000  0.080755000000  0.363972900000 18403.087   216.850     0.845066250     1.000000000  -55.92181
   0  6 0.9597031500000 0.6000000000000 0.0450000000000 0.6000000000000 0.0200000000000 0.7206263009286 0.3778366236916 24885.065500000  2784.043627990 14833.590000000   407.608000000    81.994808196   134.237955000    -520714  0.514896651267  0.514896651267  0.155553900000  0.196089500000  0.285844600000 20664.979   234.170     0.823901375     1.000000000  -48.41657
   0  9 0.9801796500000 0.6000000000000 0.0450000000000 0.6000000000000 0.0200000000000 0.8020359381163 0.3025429932471 24739.805500000  2358.854571548 13067.812000000   346.153200000    74.988726639   116.277090000    -815869  0.483628032216  0.483628032216  0.134412400000  0.097048750000  0.300419900000 20770.588   189.924     0.822988250     1.000000000  -53.58638
   0  7 0.9897674800000 0.6000000000000 0.0450000000000 0.6000000000000 0.0200000000000 0.5948390321693 0.2281759948260 25624.636000000  2566.058258699 14432.792000000   336.340600000    77.127996247   120.388437500    -104866  0.438573319515  0.438573319515  0.146611350000  0.082255750000  0.232358400000 22260.534   195.453     0.854639000     1.000000000  -54.21567
   0 10 0.9843885300000 0.6000000000000 0.0450000000000 0.6000000000000 0.0200000000000 0.7588455400333 0.2551580764636 22201.873000000  2318.044863069 12416.810000000   276.039100000    83.097404996   128.045372500    -713909  0.535166860293  0.535166860293  0.129769100000  0.073440187500  0.523708600000 19077.616   184.766     0.845592000     1.000000000  -54.09393
   0  7 0.9779537400000 0.6000000000000 0.0450000000000 0.6000000000000 0.0200000000000 0.7959889243304 0.3472175173325 23428.334500000  2350.682820864 12220.240000000   276.073900000    94.026551734   147.825847500    -322323  0.399762084450  0.399762084450  0.173420050000  0.056201500000  0.573959300000 20498.934   203.827     0.873024250     1.000000000  -57.33449
 
  COND2           1      845263  6.693121139648850E+044  9.438212388576776E+042
  1.410136196798605E-002         100
    845263  17723813    758174         0     24399         0         0         0         0         0    571046   1152368         0   7424937    845263
 PARAMETER FILE GB02B.PAR   
