  Aa Am            MSYL            MSYR           MORTJ           MORTA             K1+           PInit      ISEED   PTarget           CVADD              AR        PREG-MAX           GAMMA              P0   SSTILDA     LIKEL
   0  7 0.9744705000000 0.6000000000000 0.0450000000000 0.6000000000000 0.0200000000000 0.5936319068132 0.2667825830232 23857.540000000  2722.642304296 14614.538000000   330.164300000    80.743355043   125.697800000    -968292  0.566842459147  0.566842459147  0.131766350000  0.084035687500  0.365873600000 21410.302   216.712     0.894300125     0.996450118  -55.60759
   0  9 0.9763477900000 0.6000000000000 0.0450000000000 0.6000000000000 0.0200000000000 0.9341701023016 0.3654293871969 22425.109000000  2262.476095704 11763.042000000   489.012300000    70.566695501   112.701440000    -585670  0.444335339719  0.444335339719  0.184692300000  0.052368875000  0.414594700000 20178.726   232.097     0.902254750     0.997745246  -51.69329
   0  7 0.9832672000000 0.6000000000000 0.0450000000000 0.6000000000000 0.0200000000000 0.9106293380646 0.3771687927120 24499.910500000  2765.851412079 15217.412000000   285.039900000    98.862698832   149.746825000     -41026  0.320163020591  0.320163020591  0.165779200000  0.124028687500  0.490221200000 21690.753   216.465     0.876130875     0.995758412  -51.74165
   0  8 0.9885529000000 0.6000000000000 0.0450000000000 0.6000000000000 0.0200000000000 0.7163088432290 0.2623293416641 23491.339000000  2484.646879559 13535.216000000   355.572000000    74.708217047   115.449217500    -262539  0.414882125442  0.414882125442  0.157302100000  0.066735500000  0.440387300000 18706.685   210.093     0.791277625     0.996728557  -56.57580
   0  7 0.9894636500000 0.6000000000000 0.0450000000000 0.6000000000000 0.0200000000000 0.4435061861525 0.1708048218989 24007.741000000  2592.067509274 14164.600000000   390.870300000    70.899752564   109.672245000    -368438  0.591351970728  0.591351970728  0.163549700000  0.083308375000  0.365089700000 21387.732   212.948     0.884066375     0.996956585  -55.39610
   0  9 0.9671861300000 0.6000000000000 0.0450000000000 0.6000000000000 0.0200000000000 0.9350729585411 0.3934599252811 24470.264500000  2566.459794751 14086.922000000   364.797500000    73.006758223   111.958555000    -594163  0.519698829003  0.519698829003  0.168778350000  0.061599937500  0.517084000000 21580.662   207.331     0.867396250     0.996713643  -56.16460
   0  9 0.9793561800000 0.6000000000000 0.0450000000000 0.6000000000000 0.0200000000000 0.7976231340755 0.3033417321831 23863.412500000  2870.770450607 15749.700000000   311.220500000    79.268478848   122.416697500    -547517  0.493486647835  0.493486647835  0.117038900000  0.107308000000  0.234577000000 20588.478   205.517     0.843574250     0.996224360  -53.69714
   0  7 0.9820317400000 0.6000000000000 0.0450000000000 0.6000000000000 0.0200000000000 0.7696111158157 0.3228716404969 26400.143500000  2433.919120348 13461.558000000   289.829800000    87.065423427   127.496545000    -675599  0.386711138838  0.386711138838  0.185969400000  0.056089750000  0.319043100000 19070.588   197.282     0.733220625     0.995508194  -54.57761
   0  6 0.9574027500000 0.6000000000000 0.0450000000000 0.6000000000000 0.0200000000000 0.7847904010200 0.4165962046128 25518.418000000  2650.600256094 14090.210000000   312.511700000    86.542691737   131.176487500    -381078  0.488056316021  0.488056316021  0.151290750000  0.057243250000  0.458523000000 20328.755   211.661     0.794780125     0.996009617  -56.92722
   0  6 0.9847913600000 0.6000000000000 0.0450000000000 0.6000000000000 0.0200000000000 0.4429730003256 0.1911725735599 23089.876000000  2427.623975246 12542.504000000   283.819600000    95.355306613   142.600530000    -106084  0.576043454574  0.576043454574  0.132995100000  0.052351000000  0.493001500000 20359.383   209.330     0.882414125     0.995981610  -58.45969
   0  6 0.9624970900000 0.6000000000000 0.0450000000000 0.6000000000000 0.0200000000000 0.6413951951158 0.3309843564614 21598.841500000  3184.513005784 15584.582000000   366.551500000    72.721342880   115.638627500     -89690  0.556334237456  0.556334237456  0.195959750000  0.082868937500  0.550230900000 18927.386   213.778     0.879329125     0.997117090  -52.83926
   0  6 0.9722762300000 0.6000000000000 0.0450000000000 0.6000000000000 0.0200000000000 0.7022585580605 0.3395466965648 22394.761000000  2748.579854287 14099.562000000   259.081000000    99.243770755   143.870695000    -673310  0.441079955704  0.441079955704  0.177342700000  0.064805125000  0.218110400000 20017.176   195.693     0.897902875     0.995757388  -56.85655
   0  6 0.9630772000000 0.6000000000000 0.0450000000000 0.6000000000000 0.0200000000000 0.6002740632057 0.3087012560940 26661.166000000  2252.453293570 11395.422000000   303.500400000    94.634793625   140.129587500    -521986  0.589600597974  0.589600597974  0.166951600000  0.071401187500  0.542048700000 20508.572   212.559     0.779007750     0.995701450  -53.85874
   0  7 0.9592280400000 0.6000000000000 0.0450000000000 0.6000000000000 0.0200000000000 0.7552042643557 0.3760653481902 22549.201000000  2521.098688280 12818.822000000   263.584300000   103.830425691   149.361927500    -449967  0.562450611416  0.562450611416  0.152828700000  0.108212437500  0.393047300000 19285.020   199.504     0.855098750     0.995817791  -56.04244
   0  8 0.9863681500000 0.6000000000000 0.0450000000000 0.6000000000000 0.0200000000000 0.8969957207874 0.3374923721792 24514.787500000  2228.060592130 11905.906000000   290.707300000   100.271735396   149.902792500    -620651  0.344505634887  0.344505634887  0.132360200000  0.173460187500  0.358876300000 18849.342   215.694     0.771337000     0.995830498  -50.18929
   0  9 0.9731732600000 0.6000000000000 0.0450000000000 0.6000000000000 0.0200000000000 0.9008720709081 0.3621529726805 23275.244500000  2685.649133940 14498.050000000   310.938000000    75.127905017   112.798192500    -823876  0.486951835728  0.486951835728  0.176933950000  0.078320062500  0.489801100000 19190.680   191.179     0.809330500     0.996324633  -52.88792
   0  6 0.9656606700000 0.6000000000000 0.0450000000000 0.6000000000000 0.0200000000000 0.6776943369570 0.3430163502154 22606.387000000  2993.625892960 15273.818000000   477.832500000    67.577964572   107.907040000     -45899  0.503399382775  0.503399382775  0.198150700000  0.060292000000  0.522139200000 17334.560   221.108     0.776120000     0.997683263  -51.88011
   0  6 0.9658927500000 0.6000000000000 0.0450000000000 0.6000000000000 0.0200000000000 0.8191034119064 0.4139782693069 24815.689000000  2509.815159232 13135.044000000   268.443100000    98.874926686   142.015595000    -564458  0.415109879489  0.415109879489  0.165230450000  0.052547062500  0.572810500000 20026.479   197.600     0.806453625     0.995472839  -58.16281
   0  6 0.9715700400000 0.6000000000000 0.0450000000000 0.6000000000000 0.0200000000000 0.5723803408219 0.2782125240314 22151.828500000  2520.854169251 12707.368000000   296.529000000    84.402413273   126.983987500    -365938  0.546868267345  0.546868267345  0.117853550000  0.101543625000  0.470754200000 16888.476   199.597     0.777096250     0.996334404  -53.54455
   0 10 0.9858716600000 0.6000000000000 0.0450000000000 0.6000000000000 0.0200000000000 0.9707372979020 0.3206542261220 23289.271000000  2441.481338241 13504.732000000   272.646100000    96.567890646   142.511740000    -365739  0.406823237616  0.406823237616  0.123778200000  0.071743937500  0.514960900000 21039.220   202.946     0.892216875     0.995777906  -58.05060
   0  7 0.9529347600000 0.6000000000000 0.0450000000000 0.6000000000000 0.0200000000000 0.8220888128106 0.4229847261764 25674.046000000  2778.410405619 15086.100000000   420.608000000    69.803901024   107.712950000    -303161  0.566197653206  0.566197653206  0.125718600000  0.081806375000  0.344063300000 21409.417   212.303     0.823054375     0.997019415  -54.98323
   0  7 0.9771889300000 0.6000000000000 0.0450000000000 0.6000000000000 0.0200000000000 0.6203647516675 0.2724554732922 24142.646500000  2488.408838522 13290.594000000   353.659600000    76.038859216   116.566795000    -728011  0.519316390345  0.519316390345  0.197585350000  0.067983937500  0.532095500000 22119.163   211.956     0.920487875     0.996642190  -54.14701
   0  9 0.9869900000000 0.6000000000000 0.0450000000000 0.6000000000000 0.0200000000000 0.6675689770579 0.2334026808662 21748.394500000  2533.826998198 13426.808000000   393.708800000    68.814642547   106.742435000    -841814  0.513539680782  0.513539680782  0.159050650000  0.054371250000  0.508398500000 20161.936   207.041     0.937867000     0.997267604  -55.59204
   0  8 0.9786757800000 0.6000000000000 0.0450000000000 0.6000000000000 0.0200000000000 0.6790337749950 0.2771020579598 26931.206500000  2750.553658625 15927.172000000   474.488300000    64.092180912    97.794177500     -96748  0.520182151584  0.520182151584  0.112609400000  0.085190437500  0.356331000000 24190.656   207.710     0.881457625     0.997206137  -50.10126
   0  6 0.9757493300000 0.6000000000000 0.0450000000000 0.6000000000000 0.0200000000000 0.6333641697997 0.2979392992648 23021.593000000  2474.048155680 12682.138000000   273.509400000   102.000700978   149.795900000    -120251  0.464175138533  0.464175138533  0.117794500000  0.069283625000  0.543893100000 19670.221   206.975     0.854579250     0.995862596  -58.27424
   0  8 0.9569465300000 0.6000000000000 0.0450000000000 0.6000000000000 0.0200000000000 0.9550381138251 0.4549504510682 23944.682500000  2533.439736974 13404.046000000   264.162300000   101.494162063   145.299687500     -63834  0.525719121872  0.525719121872  0.161606700000  0.090891562500  0.366271500000 22085.676   198.571     0.931841250     0.995570791  -55.16403
   0  8 0.9843443300000 0.6000000000000 0.0450000000000 0.6000000000000 0.0200000000000 0.9076838356750 0.3495693612818 23613.568000000  2587.797357746 14119.484000000   325.716000000    79.332428257   122.454332500    -560405  0.352833981559  0.352833981559  0.102238850000  0.059955937500  0.513261000000 20900.277   211.029     0.876040500     0.996420066  -57.23265
   0  6 0.9718168700000 0.6000000000000 0.0450000000000 0.6000000000000 0.0200000000000 0.9092869164375 0.4411615079435 22943.549500000  2556.810681404 13132.466000000   323.661500000    82.770541128   127.603600000    -422716  0.342986688726  0.342986688726  0.114373550000  0.081783750000  0.356912700000 18587.666   213.119     0.813230000     0.996521329  -56.51099
   0  6 0.9844184800000 0.6000000000000 0.0450000000000 0.6000000000000 0.0200000000000 0.6248625623016 0.2707668594547 23957.480500000  2874.116755557 15484.286000000   281.645200000    95.133503566   144.127185000    -161587  0.410828949461  0.410828949461  0.191951550000  0.062980125000  0.455055700000 21318.675   211.212     0.885415125     0.995799402  -54.11628
   0  8 0.9692355200000 0.6000000000000 0.0450000000000 0.6000000000000 0.0200000000000 0.9325797050568 0.4113337243559 25437.445000000  2319.010637681 12452.160000000   420.636000000    72.476910660   111.756340000    -459942  0.443127996572  0.443127996572  0.129468650000  0.098881937500  0.586633400000 19826.323   216.415     0.777309500     0.997035203  -54.53706
   0  9 0.9775195100000 0.6000000000000 0.0450000000000 0.6000000000000 0.0200000000000 0.8922853295796 0.3453323495748 25804.955500000  2364.117284261 13263.644000000   279.873400000    92.767576551   135.196737500    -471994  0.455708171501  0.455708171501  0.129728450000  0.090880625000  0.469808600000 22885.297   200.511     0.871582875     0.995464058  -55.54813
   0  6 0.9689735900000 0.6000000000000 0.0450000000000 0.6000000000000 0.0200000000000 0.6930800386840 0.3431893997490 23795.696500000  2707.735982431 14223.046000000   308.784300000    87.283686738   134.318847500    -468125  0.469205055587  0.469205055587  0.183090400000  0.098223687500  0.509347700000 19393.239   214.518     0.813715125     0.996222267  -53.78623
   0  6 0.9570710500000 0.6000000000000 0.0450000000000 0.6000000000000 0.0200000000000 0.8927772316797 0.4747402898235 29077.895500000  2181.980383596 10922.624000000   263.805400000   108.152750285   146.284340000    -137990  0.430979507152  0.430979507152  0.185221100000  0.072283500000  0.349303700000 19830.314   191.565     0.716837125     0.994613857  -51.27057
   0  9 0.9854970900000 0.6000000000000 0.0450000000000 0.6000000000000 0.0200000000000 0.6811086361929 0.2424817007868 21243.602500000  2700.401729418 14047.592000000   317.243000000    75.302586074   115.970225000    -429330  0.517327961142  0.517327961142  0.130055950000  0.051289812500  0.241417500000 18969.191   199.218     0.889310250     0.996690955  -56.73168
   0  7 0.9895376900000 0.6000000000000 0.0450000000000 0.6000000000000 0.0200000000000 0.5089458948145 0.1958178289171 23492.486500000  2710.167175552 14716.834000000   327.560800000    75.248593559   115.046575000    -241486  0.514651322429  0.514651322429  0.121674100000  0.115137125000  0.471512100000 20435.444   203.074     0.861735750     0.996446118  -54.89545
   0  6 0.9788794600000 0.6000000000000 0.0450000000000 0.6000000000000 0.0200000000000 0.7169418263771 0.3282087009770 20665.438000000  3003.856135462 14724.774000000   353.504400000    72.701436270   114.664700000    -276722  0.390824841932  0.390824841932  0.159916450000  0.059046500000  0.431103900000 18073.724   208.967     0.881095125     0.997122141  -55.50613
   0  9 0.9755079100000 0.6000000000000 0.0450000000000 0.6000000000000 0.0200000000000 0.7232983740897 0.2850567802320 21444.982000000  2542.902740657 13166.016000000   452.605700000    67.351284635   105.824342500    -748854  0.582376534622  0.582376534622  0.162706150000  0.063516312500  0.450315400000 19779.123   214.302     0.934719500     0.997671249  -55.26358
   0 10 0.9789811900000 0.6000000000000 0.0450000000000 0.6000000000000 0.0200000000000 0.7887889365763 0.2811691097039 24615.457000000  2333.640775330 13022.614000000   334.861700000    81.431235283   125.753472500    -624319  0.569250731962  0.569250731962  0.151478400000  0.090518500000  0.286886100000 20801.498   215.569     0.823698500     0.996381032  -55.87229
   0  6 0.9897725100000 0.6000000000000 0.0450000000000 0.6000000000000 0.0200000000000 0.4434723465939 0.1803364136575 25966.361500000  2781.595030353 15646.472000000   353.244900000    73.290256600   111.913997500    -879925  0.530096809199  0.530096809199  0.197776550000  0.066777062500  0.544363600000 22679.623   208.689     0.860935125     0.996356861  -52.51329
   0  6 0.9529712800000 0.6000000000000 0.0450000000000 0.6000000000000 0.0200000000000 0.8230441766021 0.4466694653709 22811.627500000  2792.606039728 14166.180000000   301.363600000    84.352851627   128.153142500    -142787  0.494248515737  0.494248515737  0.135053850000  0.074874750000  0.440485300000 19848.508   204.491     0.870066375     0.996303824  -57.71409
   0  6 0.9688599700000 0.6000000000000 0.0450000000000 0.6000000000000 0.0200000000000 0.7654193315670 0.3793064451011 21395.963500000  2369.211352537 11514.402000000   272.292600000   100.509029845   147.689705000    -659110  0.425565536201  0.425565536201  0.141094150000  0.081050625000  0.374402600000 19411.087   204.781     0.924488250     0.996148171  -54.93890
   0  9 0.9739400100000 0.6000000000000 0.0450000000000 0.6000000000000 0.0200000000000 0.9041434009926 0.3611575201210 23046.986500000  2841.934444337 15201.068000000   292.886100000    89.298964948   137.689065000    -858914  0.478786134039  0.478786134039  0.132722000000  0.094590562500  0.363741700000 19603.099   210.481     0.834116250     0.996135130  -54.95084
   0 10 0.9764844100000 0.6000000000000 0.0450000000000 0.6000000000000 0.0200000000000 0.9604248012493 0.3506627994972 26111.554000000  2260.806380245 12776.598000000   278.883300000    90.671745633   130.762665000      -7616  0.489368586677  0.489368586677  0.186533550000  0.065983250000  0.236618500000 21141.016   193.921     0.788989875     0.995396140  -55.06537
   0  8 0.9642904000000 0.6000000000000 0.0450000000000 0.6000000000000 0.0200000000000 0.9551963584726 0.4357466258485 21621.265000000  3087.846508743 15391.996000000   261.186500000    94.496549177   140.273042500    -139187  0.468452635837  0.468452635837  0.154068200000  0.057357375000  0.473314700000 19803.077   195.173     0.925102625     0.995947923  -56.14517
   0  6 0.9812446200000 0.6000000000000 0.0450000000000 0.6000000000000 0.0200000000000 0.8916129899439 0.3991717961289 22441.403500000  2652.005060476 13731.208000000   275.845300000    92.174409994   137.590135000    -500237  0.302853370438  0.302853370438  0.157735900000  0.055631187500  0.583627900000 18436.334   200.787     0.823422375     0.995989946  -58.13575
   0  7 0.9771204500000 0.6000000000000 0.0450000000000 0.6000000000000 0.0200000000000 0.6489321749364 0.2851734271406 21289.354000000  3233.745727622 15878.692000000   260.839700000    90.712805421   136.186395000    -292079  0.497003602111  0.497003602111  0.172563500000  0.060264312500  0.586008200000 18203.244   192.316     0.854119625     0.995985501  -54.16683
   0  6 0.9545347400000 0.6000000000000 0.0450000000000 0.6000000000000 0.0200000000000 0.9135766608865 0.4920682861720 25189.585000000  2407.665055839 12285.188000000   471.671600000    70.301598682   107.852830000     -92080  0.435974920756  0.435974920756  0.153421250000  0.156041937500  0.438121300000 20841.854   215.759     0.826592125     0.997391576  -52.24212
   0  8 0.9566320400000 0.6000000000000 0.0450000000000 0.6000000000000 0.0200000000000 0.9214556811912 0.4396993083446 23645.806000000  2750.599483143 14566.700000000   405.021000000    71.134872866   111.449377500    -735964  0.547532971820  0.547532971820  0.137617350000  0.109596000000  0.342472300000 20111.934   215.332     0.840373000     0.997147418  -54.98151
   0  8 0.9623174000000 0.6000000000000 0.0450000000000 0.6000000000000 0.0200000000000 0.9195842629766 0.4247172964944 21958.414000000  2423.311823177 12288.312000000   298.997900000    89.794157714   136.797135000    -519289  0.502051425376  0.502051425376  0.231172500000  0.103087875000  0.533598800000 18596.843   209.981     0.846077875     0.996407075  -51.20868
   0  8 0.9786331900000 0.6000000000000 0.0450000000000 0.6000000000000 0.0200000000000 0.6536592105015 0.2668535118588 23871.188500000  2388.827086509 12803.890000000   270.767400000    98.822204299   143.691620000    -119371  0.540767019995  0.540767019995  0.194121150000  0.070355375000  0.212863600000 20037.041   200.880     0.831008625     0.995660465  -56.16360
   0  9 0.9701686800000 0.6000000000000 0.0450000000000 0.6000000000000 0.0200000000000 0.9532869520552 0.3924473210245 22137.073000000  2409.923108367 12535.592000000   273.114200000    99.851924912   147.172532500    -931620  0.484577132344  0.484577132344  0.225377500000  0.107726250000  0.305123300000 19186.490   204.288     0.860268750     0.996024890  -51.88836
   0  6 0.9570178800000 0.6000000000000 0.0450000000000 0.6000000000000 0.0200000000000 0.9432794706802 0.5017337233343 21192.518500000  2710.806438137 13290.004000000   288.918800000    92.171289581   140.542922500      -3265  0.408202640000  0.408202640000  0.114853650000  0.067869437500  0.339433700000 18121.095   209.015     0.860503125     0.996415729  -56.97856
   0  7 0.9758119600000 0.6000000000000 0.0450000000000 0.6000000000000 0.0200000000000 0.9379057722898 0.4168354838399 22736.986000000  2337.472073120 11922.524000000   285.278200000    81.961652425   119.359812500    -255116  0.351180027503  0.351180027503  0.100080450000  0.108669687500  0.297258700000 18971.970   186.678     0.835417375     0.996082207  -52.14824
   0  6 0.9893354100000 0.6000000000000 0.0450000000000 0.6000000000000 0.0200000000000 0.6712002642440 0.2744868324882 24434.759500000  2318.026348290 12081.392000000   267.008400000   100.050707164   143.434285000    -616039  0.352816606127  0.352816606127  0.138895550000  0.072904937500  0.226106000000 19164.522   197.979     0.789689625     0.995465960  -57.13901
   0  9 0.9826754700000 0.6000000000000 0.0450000000000 0.6000000000000 0.0200000000000 0.9686116751587 0.3560095294235 22825.046500000  2702.961758080 14605.870000000   257.182200000    95.316723155   138.152905000    -438428  0.382917703454  0.382917703454  0.205444750000  0.054203187500  0.452421600000 21357.754   192.209     0.948065625     0.995621863  -54.06842
   0  6 0.9771074100000 0.6000000000000 0.0450000000000 0.6000000000000 0.0200000000000 0.9195408237994 0.4276161977745 23151.463000000  2423.177446768 12388.370000000   388.870900000    74.809925009   116.190932500    -578789  0.313156550592  0.313156550592  0.123404650000  0.076666500000  0.474445700000 19321.562   218.120     0.835751750     0.997071719  -56.67989
   0 10 0.9801325900000 0.6000000000000 0.0450000000000 0.6000000000000 0.0200000000000 0.7774214199081 0.2739062739294 22457.131000000  2225.993101877 11775.882000000   292.811500000    88.403782368   132.834442500    -171648  0.565454247372  0.565454247372  0.188576500000  0.069260375000  0.579854000000 16702.198   201.974     0.744551625     0.996221934  -53.38077
   0  6 0.9832154100000 0.6000000000000 0.0450000000000 0.6000000000000 0.0200000000000 0.6640654060770 0.2914502845779 25602.442000000  2723.136209362 15048.604000000   331.224700000    78.332011709   119.709220000    -347792  0.394110387227  0.394110387227  0.208600050000  0.062623125000  0.399771800000 20646.706   209.597     0.800882250     0.996185699  -53.45405
   0  8 0.9755992100000 0.6000000000000 0.0450000000000 0.6000000000000 0.0200000000000 0.6952509229450 0.2916536490383 23336.413000000  2424.722680142 12862.872000000   290.023800000    82.924846677   122.518292500    -423606  0.535139415790  0.535139415790  0.176084000000  0.058135312500  0.591395200000 19214.059   192.818     0.817336125     0.996045098  -55.53822
   0  8 0.9809603900000 0.6000000000000 0.0450000000000 0.6000000000000 0.0200000000000 0.7004717131418 0.2795913067023 20826.074500000  2608.259649873 13266.676000000   378.655600000    72.518101996   114.469407500    -199444  0.484917545935  0.484917545935  0.148260000000  0.097876500000  0.278032000000 18288.001   214.585     0.879439500     0.997289429  -55.03621
   0  8 0.9680073200000 0.6000000000000 0.0450000000000 0.6000000000000 0.0200000000000 0.9087154581828 0.4043334408749 23164.301500000  2706.257007949 14355.412000000   269.587500000   101.001788770   148.588622500     -81028  0.463912617703  0.463912617703  0.167436850000  0.054287875000  0.536168300000 20999.803   204.900     0.906585375     0.995789202  -57.43995
   0  6 0.9803607200000 0.6000000000000 0.0450000000000 0.6000000000000 0.0200000000000 0.5058768162802 0.2284172996572 20367.682000000  2990.448574032 14562.130000000   386.448100000    68.534054687   107.509857500    -285630  0.541246277647  0.541246277647  0.139207350000  0.062364187500  0.284535500000 18454.652   205.680     0.920983000     0.997403389  -54.58691
   0  6 0.9793113600000 0.6000000000000 0.0450000000000 0.6000000000000 0.0200000000000 0.8809616689698 0.4017043865242 22211.755000000  2357.769310683 11777.264000000   311.184600000    82.101367466   123.942507500    -362480  0.315933633529  0.315933633529  0.138383900000  0.057420437500  0.509630900000 19237.711   203.704     0.870685250     0.996485360  -57.34891
   0 10 0.9859854300000 0.6000000000000 0.0450000000000 0.6000000000000 0.0200000000000 0.8364717585381 0.2759173404023 24475.408000000  2238.728840893 12464.896000000   273.231300000    98.129864903   142.524577500    -137915  0.471109852990  0.471109852990  0.183312850000  0.059631875000  0.330984600000 18730.409   200.023     0.755288750     0.995572049  -56.09540
   0  7 0.9799452400000 0.6000000000000 0.0450000000000 0.6000000000000 0.0200000000000 0.8137369534616 0.3484721900997 24371.782000000  2403.869469503 12805.770000000   290.737600000    92.896133035   138.951657500     -18508  0.378552991783  0.378552991783  0.141861300000  0.100305062500  0.246582200000 21966.945   210.272     0.900306250     0.995870987  -54.94302
   0  8 0.9734953500000 0.6000000000000 0.0450000000000 0.6000000000000 0.0200000000000 0.8220468550694 0.3509442213823 24703.490500000  2655.573935247 14630.592000000   250.385100000   107.300784575   148.866562500    -101116  0.468751171702  0.468751171702  0.156204450000  0.055033750000  0.222117100000 20500.232   191.344     0.816577125     0.995155063  -57.36806
   0  8 0.9659916300000 0.6000000000000 0.0450000000000 0.6000000000000 0.0200000000000 0.7670439634952 0.3460403822978 25978.768000000  2313.805941715 12452.382000000   317.857800000    85.110331143   127.760120000       -460  0.567724318040  0.567724318040  0.156910450000  0.053507875000  0.489204300000 20824.329   208.733     0.795399375     0.995997322  -57.14630
   0  8 0.9702738200000 0.6000000000000 0.0450000000000 0.6000000000000 0.0200000000000 0.9485570402006 0.4152049112716 21801.976000000  2975.793507973 15134.346000000   283.663700000    88.599549820   135.946772500    -396046  0.428353894639  0.428353894639  0.165832600000  0.050647687500  0.218550200000 20777.521   206.250     0.998769000     0.996230515  -54.96738
   0  9 0.9816488400000 0.6000000000000 0.0450000000000 0.6000000000000 0.0200000000000 0.7464606703639 0.2773721107158 20705.789500000  2314.360317790 11740.286000000   252.565400000    96.338358455   137.443950000    -170128  0.506146908110  0.506146908110  0.135366000000  0.053814062500  0.565535800000 18486.759   186.188     0.897808375     0.995958136  -54.40211
   0  7 0.9842689100000 0.6000000000000 0.0450000000000 0.6000000000000 0.0200000000000 0.6805373150575 0.2788500746269 26202.179500000  2338.598731065 12737.756000000   275.954100000    94.271153292   135.858210000    -157975  0.421266138419  0.421266138419  0.193426700000  0.068199625000  0.574074200000 22410.538   198.728     0.844789500     0.995311511  -55.00355
   0  6 0.9820082300000 0.6000000000000 0.0450000000000 0.6000000000000 0.0200000000000 0.8735451492957 0.3881402998432 20181.058000000  2773.372930398 13603.086000000   261.980700000    87.697271810   129.828062500    -964938  0.305410357235  0.305410357235  0.112111850000  0.057297062500  0.235317000000 17782.116   187.911     0.891237000     0.996201374  -54.07155
   0  8 0.9827910200000 0.6000000000000 0.0450000000000 0.6000000000000 0.0200000000000 0.5585076801144 0.2187574261090 23862.994000000  2400.842491081 12962.828000000   345.242600000    79.989045209   124.425652500    -930783  0.589203281285  0.589203281285  0.135103550000  0.115313000000  0.418682900000 17901.841   217.275     0.755021375     0.996590047  -52.84220
   0 10 0.9884645400000 0.6000000000000 0.0450000000000 0.6000000000000 0.0200000000000 0.6687848218162 0.2136960988633 25619.830000000  2414.167186242 14034.244000000   334.784700000    71.602990944   105.866170000    -722995  0.562109700324  0.562109700324  0.123205600000  0.202248250000  0.243795300000 21986.862   190.866     0.831539625     0.996210842  -49.74304
   0 10 0.9827420200000 0.6000000000000 0.0450000000000 0.6000000000000 0.0200000000000 0.8536576981838 0.2924834608684 22270.169500000  2391.576202702 12834.290000000   293.424500000    88.147406134   134.039055000    -758429  0.490616717163  0.490616717163  0.199891750000  0.075069812500  0.281265100000 20226.275   207.242     0.905080500     0.996255769  -54.84738
   0  7 0.9569745900000 0.6000000000000 0.0450000000000 0.6000000000000 0.0200000000000 0.8618737954043 0.4344660726779 22738.079500000  2288.672328796 11286.816000000   303.157600000    81.503105496   120.046635000     -52559  0.509396611788  0.509396611788  0.166085450000  0.066014187500  0.430041700000 19229.831   192.808     0.850438625     0.996334986  -53.38772
   0  7 0.9779591500000 0.6000000000000 0.0450000000000 0.6000000000000 0.0200000000000 0.9596672972492 0.4185951270791 21397.813000000  2999.232577658 15100.526000000   312.236400000    75.887862323   117.339190000    -942886  0.331550629369  0.331550629369  0.145530100000  0.068560687500  0.417161900000 18699.411   199.264     0.874198375     0.996627863  -55.27626
   0  8 0.9887406500000 0.6000000000000 0.0450000000000 0.6000000000000 0.0200000000000 0.9085615073432 0.3319337623735 22077.011500000  2982.330552801 15598.098000000   261.833400000    97.544881280   145.216097500    -929898  0.325988738723  0.325988738723  0.172513600000  0.077846562500  0.336433700000 16869.516   197.803     0.767001625     0.995824273  -52.57594
   0  6 0.9628362700000 0.6000000000000 0.0450000000000 0.6000000000000 0.0200000000000 0.7575360096469 0.3901347682918 20211.230500000  2626.118079685 12618.004000000   279.227900000    86.091729066   128.747145000    -576523  0.468793471402  0.468793471402  0.123718350000  0.110184375000  0.301920400000 17391.593   193.795     0.870722625     0.996458329  -53.62788
   0  7 0.9852865400000 0.6000000000000 0.0450000000000 0.6000000000000 0.0200000000000 0.9230065077902 0.3739517645639 25552.829500000  2636.607840607 14762.910000000   406.743500000    71.983622777   112.616517500    -883669  0.305305695569  0.305305695569  0.162657100000  0.084621875000  0.312831800000 21164.737   221.592     0.816684250     0.996895964  -53.86676
   0  6 0.9727040300000 0.6000000000000 0.0450000000000 0.6000000000000 0.0200000000000 0.8937459378589 0.4307330669144 22636.222000000  2512.582697705 12792.804000000   287.319000000    85.596856815   127.176582500    -596214  0.344375878200  0.344375878200  0.132723700000  0.064839687500  0.465676900000 19151.494   196.784     0.847396750     0.996132444  -58.03008
   0  8 0.9819107200000 0.6000000000000 0.0450000000000 0.6000000000000 0.0200000000000 0.8634397665448 0.3413236164240 24450.622000000  2652.057588442 14697.650000000   381.644500000    67.317400768   101.207262500     -55473  0.386988733778  0.386988733778  0.130362450000  0.139348562500  0.230333500000 22332.047   196.081     0.909122625     0.996840933  -51.19121
   0  9 0.9893826300000 0.6000000000000 0.0450000000000 0.6000000000000 0.0200000000000 0.7208249883854 0.2443454669955 24209.957500000  2314.745402178 12801.918000000   329.162000000    78.243707502   118.831590000    -145880  0.454941720406  0.454941720406  0.114965350000  0.059769250000  0.284486600000 20520.116   205.803     0.832490875     0.996355807  -57.90757
   0  8 0.9819732400000 0.6000000000000 0.0450000000000 0.6000000000000 0.0200000000000 0.6937324312065 0.2740600575268 26243.881000000  2483.523380212 14061.998000000   367.767700000    73.415803410   111.679542500    -842416  0.481136302110  0.481136302110  0.157903600000  0.059816062500  0.428122600000 23210.650   209.788     0.869181875     0.996481174  -55.32967
   0  6 0.9785706100000 0.6000000000000 0.0450000000000 0.6000000000000 0.0200000000000 0.6687683248767 0.3070123589995 26719.688500000  2382.901514776 12742.418000000   271.458500000    96.927447142   138.006882500    -646400  0.420986827288  0.420986827288  0.170276650000  0.062539562500  0.482395400000 20170.166   195.841     0.761998250     0.995155157  -55.87431
   0  7 0.9856814400000 0.6000000000000 0.0450000000000 0.6000000000000 0.0200000000000 0.5906343036464 0.2382210372401 25101.281500000  2574.109667331 14250.876000000   266.353800000    91.792196127   132.400730000    -924615  0.473924623979  0.473924623979  0.139189600000  0.075728562500  0.300448200000 21785.911   192.486     0.856444625     0.995342478  -56.37390
   0 10 0.9855318100000 0.6000000000000 0.0450000000000 0.6000000000000 0.0200000000000 0.9452397069357 0.3135297720952 21686.186500000  2416.048909417 12849.868000000   462.152900000    67.106494155   105.785602500    -315538  0.420487283187  0.420487283187  0.160688650000  0.159646437500  0.282839500000 18282.313   215.312     0.829348250     0.997681144  -51.97399
   0  7 0.9777667700000 0.6000000000000 0.0450000000000 0.6000000000000 0.0200000000000 0.9722496263920 0.4248157135297 22139.989000000  2429.931983258 12436.758000000   304.853900000    86.793060822   132.869380000    -517296  0.328281151806  0.328281151806  0.121073650000  0.054011937500  0.578669300000 20589.274   212.284     0.951186375     0.996426745  -55.66068
   0 10 0.9867862700000 0.6000000000000 0.0450000000000 0.6000000000000 0.0200000000000 0.6581712181339 0.2149443499396 24094.033000000  2403.551960967 13519.282000000   357.268900000    75.845053231   118.074307500    -900826  0.589721853623  0.589721853623  0.131501000000  0.058526750000  0.209450300000 21880.977   216.153     0.896257625     0.996664610  -56.89727
   0  8 0.9813918500000 0.6000000000000 0.0450000000000 0.6000000000000 0.0200000000000 0.6475254258549 0.2573349214805 26681.726500000  2260.345826980 12435.068000000   331.514200000    81.854509653   123.284545000    -960423  0.520678911860  0.520678911860  0.134854900000  0.062918187500  0.506159600000 23456.184   211.743     0.867506875     0.996032535  -54.58108
   0  6 0.9782116300000 0.6000000000000 0.0450000000000 0.6000000000000 0.0200000000000 0.7944302279330 0.3658752321853 27880.094500000  2456.537120711 13491.966000000   312.110100000    84.019138215   124.199745000    -214434  0.356367883513  0.356367883513  0.145654050000  0.070433437500  0.385625900000 19280.548   203.205     0.713036250     0.995603975  -52.93923
   0  7 0.9598545500000 0.6000000000000 0.0450000000000 0.6000000000000 0.0200000000000 0.8559342191985 0.4247306814276 23549.038000000  2226.693890240 11010.568000000   363.407300000    77.560850145   118.056270000    -218497  0.491692269313  0.491692269313  0.127764500000  0.071648500000  0.538381500000 19594.868   210.019     0.836856875     0.996831638  -54.45687
   0  6 0.9769905400000 0.6000000000000 0.0450000000000 0.6000000000000 0.0200000000000 0.6655010075291 0.3097912186223 24152.906500000  2852.342217306 15289.030000000   464.857300000    66.487431125   103.628902500    -629086  0.433472568728  0.433472568728  0.115879900000  0.059673125000  0.342719700000 19803.317   213.398     0.815870375     0.997444562  -54.90566
   0  6 0.9874840500000 0.6000000000000 0.0450000000000 0.6000000000000 0.0200000000000 0.6349478367948 0.2656926766587 20940.392500000  2643.231809559 13326.760000000   265.808400000    92.087539876   136.559560000    -232741  0.384601369438  0.384601369438  0.138728850000  0.166525500000  0.468228600000 18850.535   195.687     0.910410375     0.996101900  -52.42279
   0  9 0.9700773600000 0.6000000000000 0.0450000000000 0.6000000000000 0.0200000000000 0.8769958372184 0.3612906852440 22261.529500000  2609.889568279 13704.724000000   352.196200000    72.853509248   112.223235000    -841819  0.527553802022  0.527553802022  0.111115950000  0.089096687500  0.345883700000 19489.194   203.312     0.866502375     0.996900233  -55.92305
   0  7 0.9894528300000 0.6000000000000 0.0450000000000 0.6000000000000 0.0200000000000 0.4868887359394 0.1875389291568 24987.989500000  2765.000874377 15485.684000000   268.832100000    95.900354211   140.915860000     -17701  0.538763250783  0.538763250783  0.126266500000  0.056594750000  0.439544900000 22265.456   201.453     0.880082125     0.995394367  -56.76368
   0  7 0.9738919900000 0.6000000000000 0.0450000000000 0.6000000000000 0.0200000000000 0.8314397115942 0.3754058358648 22268.617000000  2500.820501449 12849.294000000   289.695500000    87.727943471   132.029092500    -837022  0.408445567687  0.408445567687  0.149668250000  0.063495000000  0.535095900000 18660.261   202.417     0.837755000     0.996224607  -58.11906
   0  7 0.9863829400000 0.6000000000000 0.0450000000000 0.6000000000000 0.0200000000000 0.4823366117798 0.1929677626373 25016.690500000  2569.038416537 14211.196000000   277.152000000    92.669487966   136.511557500    -282030  0.573438118189  0.573438118189  0.155829500000  0.067355187500  0.339342900000 21989.525   201.983     0.868405625     0.995536987  -57.10910
   0  6 0.9542716700000 0.6000000000000 0.0450000000000 0.6000000000000 0.0200000000000 0.7720075973091 0.4163533266336 22574.446000000  2703.465852160 13630.578000000   322.258300000    87.941312637   137.722020000    -602904  0.517763205480  0.517763205480  0.146837750000  0.051451625000  0.412744200000 17675.475   222.137     0.790714000     0.996578704  -54.15917
   0  6 0.9796071900000 0.6000000000000 0.0450000000000 0.6000000000000 0.0200000000000 0.7184535461661 0.3267078112413 22326.073000000  2307.699010698 11450.502000000   283.090400000    87.470289801   128.733950000    -617069  0.385615014499  0.385615014499  0.154809850000  0.114507562500  0.486399300000 19983.972   196.219     0.904204750     0.996116081  -52.92571
   0  7 0.9704609100000 0.6000000000000 0.0450000000000 0.6000000000000 0.0200000000000 0.7323401232841 0.3394618985452 22668.730000000  2360.727673524 11981.200000000   288.377800000    87.658598081   130.116012500    -467741  0.489367089981  0.489367089981  0.166217100000  0.104191000000  0.413104200000 18101.074   198.252     0.803735250     0.996144460  -54.36457
 
  COND2           1     1317956  1.038964853443398E+045  1.437338442019086E+043
  1.383433171252498E-002         100
   1317956  24254663   1037249         0     33719         0         0         0         0         0   1545493     41943         0  10768977   1317956
 PARAMETER FILE GB03B.PAR   
