  Aa Am            MSYL            MSYR           MORTJ           MORTA             K1+           PInit      ISEED   PTarget           CVADD              AR        PREG-MAX           GAMMA              P0   SSTILDA     LIKEL
   0  6 0.9663231100000 0.6000000000000 0.0450000000000 0.6000000000000 0.0450000000000 0.5748423854298 0.5748423854298 22081.250500000  2480.938124282 12357.762000000   224.943700000    28.308299210    97.731290000    -985427  0.587853521138  0.587853521138  0.140925450000  0.063744062500  0.260017600000 19063.947   207.288     0.867733000     0.995192059  -57.58183
   0  8 0.9774301000000 0.6000000000000 0.0450000000000 0.6000000000000 0.0450000000000 0.8973796332324 0.8973796332324 27617.965000000  2282.112446167 12680.728000000   206.251100000    40.728126559   143.960232500    -462077  0.402020541420  0.402020541420  0.126242150000  0.057311875000  0.377571900000 21859.826   188.544     0.783126125     0.993412774  -56.18430
   0  7 0.9797215100000 0.6000000000000 0.0450000000000 0.6000000000000 0.0450000000000 0.5189710754095 0.5189710754095 23363.818000000  2687.725662091 14362.912000000   212.294500000    34.963575267   134.285177500    -533541  0.595744025515  0.595744025515  0.182328550000  0.073818062500  0.276606600000 21855.413   196.534     0.951885750     0.994579816  -55.40796
   0  6 0.9708362000000 0.6000000000000 0.0450000000000 0.6000000000000 0.0450000000000 0.8611082091503 0.8611082091503 23409.907000000  2687.383158826 14030.020000000   217.589400000    27.978713621    95.724675000     -12547  0.367469136172  0.367469136172  0.122989300000  0.079085062500  0.410645500000 19365.255   199.601     0.825771375     0.994722325  -58.08894
   0  7 0.9766286000000 0.6000000000000 0.0450000000000 0.6000000000000 0.0450000000000 0.6393820902659 0.6393820902659 22969.861000000  2747.909345866 14514.922000000   202.857200000    39.888095513   146.602157500    -521102  0.508438362038  0.508438362038  0.107703550000  0.094940125000  0.502969000000 20828.156   186.697     0.909192500     0.994431872  -55.32723
   0 11 0.9897865100000 0.6000000000000 0.0450000000000 0.6000000000000 0.0450000000000 0.8897571953806 0.8897571953806 19778.758000000  2644.588210422 13383.660000000   207.483700000    28.161152299   110.202352500    -828520  0.466985176607  0.466985176607  0.149600850000  0.076841500000  0.440902800000 18041.159   191.696     0.915057375     0.995275454  -56.00685
   0  6 0.9774582300000 0.6000000000000 0.0450000000000 0.6000000000000 0.0450000000000 0.5937178100489 0.5937178100489 21134.927500000  2553.704389556 12724.274000000   222.247200000    30.087248784   111.450417500    -886966  0.482407502907  0.482407502907  0.153339700000  0.068471000000  0.215337800000 19407.129   205.925     0.937477625     0.995321813  -56.33785
   0  8 0.9589792000000 0.6000000000000 0.0450000000000 0.6000000000000 0.0450000000000 0.8578950800038 0.8578950800038 25349.006500000  2721.717712153 14950.228000000   221.090400000    28.377573418   102.093082500    -307174  0.567074825695  0.567074825695  0.130315800000  0.056167125000  0.227518700000 22743.925   203.759     0.888299000     0.994395183  -56.96006
   0  6 0.9773178700000 0.6000000000000 0.0450000000000 0.6000000000000 0.0450000000000 0.8349890167078 0.8349890167078 24806.036500000  2754.703013878 14923.060000000   219.843700000    30.700451329   113.319005000    -871624  0.343755438178  0.343755438178  0.131990450000  0.054631875000  0.332053700000 21806.803   202.929     0.872084875     0.994449565  -57.74171
   0  6 0.9657596600000 0.6000000000000 0.0450000000000 0.6000000000000 0.0450000000000 0.7389724873026 0.7389724873026 22996.024000000  2485.958973848 12591.474000000   223.759500000    26.075064379    80.953425000    -208904  0.461001416258  0.461001416258  0.129272800000  0.101156625000  0.530194000000 17511.792   203.815     0.774548500     0.994967248  -55.14526
   0  6 0.9528244300000 0.6000000000000 0.0450000000000 0.6000000000000 0.0450000000000 0.7320978973992 0.7320978973992 22994.471500000  2748.305726654 13978.446000000   205.102200000    32.436587474   116.224732500    -895156  0.556745267099  0.556745267099  0.115851250000  0.069506562500  0.263604400000 19236.485   187.545     0.835946875     0.994525676  -57.93747
   0  9 0.9812005700000 0.6000000000000 0.0450000000000 0.6000000000000 0.0450000000000 0.6682781363412 0.6682781363412 21629.932000000  2527.562565610 13245.046000000   220.684900000    24.132785473    78.332560000    -646679  0.569927415136  0.569927415136  0.132432650000  0.060339000000  0.503213400000 19686.894   202.379     0.913478125     0.995168992  -58.47902
   0  6 0.9504586800000 0.6000000000000 0.0450000000000 0.6000000000000 0.0450000000000 0.8817044348179 0.8817044348179 26225.197000000  2742.021382059 14724.366000000   204.899400000    38.626840513   137.387952500    -240643  0.477126477444  0.477126477444  0.128519100000  0.112345375000  0.564624800000 23066.119   187.821     0.871426375     0.993752435  -53.85068
   0  8 0.9789533700000 0.6000000000000 0.0450000000000 0.6000000000000 0.0450000000000 0.8417718113213 0.8417718113213 22145.632000000  2709.259972212 14211.150000000   217.308500000    24.611656302    80.095425000    -807441  0.417637228334  0.417637228334  0.159407300000  0.125976437500  0.598598700000 19071.203   198.854     0.854692750     0.994982961  -54.85058
   0  8 0.9854477900000 0.6000000000000 0.0450000000000 0.6000000000000 0.0450000000000 0.9316009698553 0.9316009698553 20573.057500000  2493.062652997 12653.614000000   207.378300000    35.954942407   138.498185000    -220326  0.337160372008  0.337160372008  0.200713550000  0.056802062500  0.509411300000 16057.648   190.366     0.788489250     0.995097829  -54.29447
   0  6 0.9727471400000 0.6000000000000 0.0450000000000 0.6000000000000 0.0450000000000 0.6278658037086 0.6278658037086 22970.117500000  2764.819582744 14373.592000000   203.159800000    28.479198176    96.571690000    -145954  0.489892393140  0.489892393140  0.108011550000  0.085495375000  0.343372400000 20218.774   185.887     0.879620000     0.994449526  -56.36991
   0 11 0.9736290200000 0.6000000000000 0.0450000000000 0.6000000000000 0.0450000000000 0.9552601654156 0.9552601654156 25114.147000000  2249.367256647 12633.794000000   218.422200000    33.707759154   130.187642500    -849064  0.592343525303  0.592343525303  0.119480550000  0.059534375000  0.480459400000 20271.955   201.170     0.782716625     0.994353437  -57.81821
   0  9 0.9671995600000 0.6000000000000 0.0450000000000 0.6000000000000 0.0450000000000 0.9032634474734 0.9032634474734 22517.300500000  2580.018288318 13581.356000000   274.691800000    19.901599093    45.572885000    -621501  0.537878583848  0.537878583848  0.173032650000  0.059966625000  0.557585900000 19848.904   227.395     0.873422000     0.995983938  -53.69011
   0  8 0.9890560100000 0.6000000000000 0.0450000000000 0.6000000000000 0.0450000000000 0.8622844766154 0.8622844766154 24980.483500000  2365.313794342 13089.478000000   210.546700000    27.337725991    91.839722500    -780401  0.341536085410  0.341536085410  0.156315550000  0.058300375000  0.333289300000 21471.830   193.052     0.846334125     0.994122846  -58.39994
   0  8 0.9703836700000 0.6000000000000 0.0450000000000 0.6000000000000 0.0450000000000 0.8467070846602 0.8467070846602 24054.572500000  2540.632784018 13696.272000000   211.829600000    40.068328875   149.678737500    -652450  0.479019772994  0.479019772994  0.134646200000  0.068263375000  0.362758500000 21066.304   195.382     0.866769125     0.994430471  -58.89068
   0  7 0.9863708100000 0.6000000000000 0.0450000000000 0.6000000000000 0.0450000000000 0.7763738051904 0.7763738051904 20540.050000000  2880.918279784 14385.770000000   233.083500000    22.087616796    62.574252500    -550010  0.356332858057  0.356332858057  0.215488200000  0.057190437500  0.216515800000 19420.756   212.404     0.985109750     0.995642847  -52.96505
   0  8 0.9750387800000 0.6000000000000 0.0450000000000 0.6000000000000 0.0450000000000 0.7725123413687 0.7725123413687 23294.306500000  2689.467452315 14426.690000000   222.122700000    23.707824646    72.465367500    -954187  0.486155847871  0.486155847871  0.147252200000  0.071810062500  0.454804600000 19840.508   202.133     0.841434500     0.994846726  -57.97761
   0  6 0.9734597700000 0.6000000000000 0.0450000000000 0.6000000000000 0.0450000000000 0.8714965795818 0.8714965795818 22259.869000000  2831.233829800 14501.466000000   215.798200000    33.587161763   129.545280000    -691147  0.349200210805  0.349200210805  0.131946650000  0.051391812500  0.493730700000 20458.233   199.642     0.932115625     0.994934683  -58.27933
   0 10 0.9878431700000 0.6000000000000 0.0450000000000 0.6000000000000 0.0450000000000 0.7846753040779 0.7846753040779 24028.369000000  2426.464183361 13670.508000000   215.950900000    36.042324764   141.699207500    -996120  0.484805784307  0.484805784307  0.103381800000  0.073096500000  0.299882200000 20232.371   199.556     0.819697250     0.994493024  -57.58589
   0  6 0.9632166700000 0.6000000000000 0.0450000000000 0.6000000000000 0.0450000000000 0.6647509406898 0.6647509406898 28354.349500000  2431.954457494 13081.148000000   199.840400000    28.783836542    87.431682500    -223161  0.531364411463  0.531364411463  0.204441050000  0.078608187500  0.579371400000 20001.719   179.503     0.723507250     0.993056878  -50.20148
   0  6 0.9573277800000 0.6000000000000 0.0450000000000 0.6000000000000 0.0450000000000 0.7735084819854 0.7735084819854 23022.592000000  2635.097152001 13402.768000000   229.114800000    22.572879174    55.371310000    -279293  0.495684618217  0.495684618217  0.154459250000  0.050510937500  0.499397900000 20850.955   202.347     0.913156500     0.995089545  -56.44826
   0 10 0.9895216000000 0.6000000000000 0.0450000000000 0.6000000000000 0.0450000000000 0.7708082869677 0.7708082869677 24894.191500000  2454.763586205 14133.718000000   209.811500000    30.585450537   115.760892500    -411522  0.477953770427  0.477953770427  0.111906250000  0.056433437500  0.552957500000 20755.430   192.928     0.808620625     0.994120646  -58.39987
   0  6 0.9652863100000 0.6000000000000 0.0450000000000 0.6000000000000 0.0450000000000 0.6731672090989 0.6731672090989 24910.513000000  2646.769605411 14061.760000000   219.511300000    36.248091941   137.617402500    -731428  0.509507020503  0.509507020503  0.156336700000  0.070966812500  0.315099600000 23202.209   203.406     0.943820125     0.994443537  -54.87404
   0  8 0.9846874000000 0.6000000000000 0.0450000000000 0.6000000000000 0.0450000000000 0.9474344402704 0.9474344402704 22628.230000000  2682.631628276 14346.070000000   215.369200000    34.879237895   137.950430000    -594432  0.335999005569  0.335999005569  0.148898150000  0.057379875000  0.504780600000 18817.815   198.685     0.823547250     0.994810665  -58.29901
   0  6 0.9874372000000 0.6000000000000 0.0450000000000 0.6000000000000 0.0450000000000 0.5210050902099 0.5210050902099 23588.633500000  2356.467583893 12185.136000000   212.873300000    27.252047389    86.939275000    -605401  0.469074931203  0.469074931203  0.162152550000  0.053169812500  0.367803800000 20217.725   195.043     0.855547250     0.994517173  -58.51824
   0 10 0.9732482300000 0.6000000000000 0.0450000000000 0.6000000000000 0.0450000000000 0.9129461049968 0.9129461049968 22234.880500000  2421.249589962 12823.366000000   225.932900000    25.258908929    88.038945000    -504250  0.545877210879  0.545877210879  0.125106850000  0.075182062500  0.519600900000 19741.045   207.632     0.878607250     0.995167754  -57.51988
   0  9 0.9889552800000 0.6000000000000 0.0450000000000 0.6000000000000 0.0450000000000 0.8423609739109 0.8423609739109 24782.020000000  2336.526447985 13079.864000000   204.479800000    30.571220384   110.511557500    -546832  0.392418708414  0.392418708414  0.177963600000  0.058771750000  0.316302500000 20040.400   187.103     0.794686875     0.993996982  -56.82352
   0  6 0.9723653700000 0.6000000000000 0.0450000000000 0.6000000000000 0.0450000000000 0.7687198920546 0.7687198920546 24940.213000000  2254.743766845 11350.152000000   211.687400000    37.221617004   135.074180000    -373279  0.402411286108  0.402411286108  0.157935450000  0.066949312500  0.284755400000 21401.448   194.538     0.858631375     0.994217135  -55.92606
   0  6 0.9892859400000 0.6000000000000 0.0450000000000 0.6000000000000 0.0450000000000 0.4325186072324 0.4325186072324 24523.360000000  2512.454633602 13523.818000000   201.217000000    40.547907385   145.097862500    -463454  0.547968374033  0.547968374033  0.146891250000  0.074632125000  0.202549200000 19407.176   183.605     0.792314625     0.993961877  -56.52620
   0  9 0.9685338800000 0.6000000000000 0.0450000000000 0.6000000000000 0.0450000000000 0.9054831797029 0.9054831797029 22183.958500000  2396.640706359 12440.880000000   230.401800000    20.872202899    47.950422500    -298281  0.524568379191  0.524568379191  0.135389850000  0.111175687500  0.263822200000 20427.712   196.443     0.933113500     0.995280724  -50.91605
   0  6 0.9667782600000 0.6000000000000 0.0450000000000 0.6000000000000 0.0450000000000 0.8801216939175 0.8801216939175 23221.055500000  2705.000237043 14013.062000000   221.322100000    33.592279684   128.720040000    -119422  0.381443090916  0.381443090916  0.158386550000  0.076596312500  0.500528000000 20156.769   204.445     0.866315500     0.994860410  -57.06836
   0  6 0.9869644300000 0.6000000000000 0.0450000000000 0.6000000000000 0.0450000000000 0.6361773676180 0.6361773676180 21630.796000000  2745.337293098 14081.998000000   206.107500000    25.290151840    78.337077500    -675094  0.387153471196  0.387153471196  0.129962000000  0.059985500000  0.310243600000 17175.378   187.430     0.801939375     0.994808859  -55.59955
   0  9 0.9826590500000 0.6000000000000 0.0450000000000 0.6000000000000 0.0450000000000 0.7794952478605 0.7794952478605 25523.494000000  2516.488215068 14355.322000000   234.209300000    21.104075141    52.058585000    -953567  0.475959928012  0.475959928012  0.154082250000  0.061541375000  0.588042500000 22609.702   205.835     0.867139000     0.994624109  -55.58893
   0  6 0.9860515300000 0.6000000000000 0.0450000000000 0.6000000000000 0.0450000000000 0.7027589717296 0.7027589717296 23056.801000000  2646.065064744 13959.498000000   211.777000000    36.762380022   140.437265000    -387694  0.355747968045  0.355747968045  0.116096300000  0.061545562500  0.291584800000 19936.727   195.086     0.861874125     0.994618018  -59.38094
   0  6 0.9772529800000 0.6000000000000 0.0450000000000 0.6000000000000 0.0450000000000 0.5688433407337 0.5688433407337 23577.145000000  2571.652132663 13474.222000000   202.929400000    38.564495754   140.113500000     -15780  0.505091646053  0.505091646053  0.186260350000  0.065931375000  0.314080800000 17671.084   184.943     0.762412875     0.994284998  -54.93569
   0  7 0.9845988500000 0.6000000000000 0.0450000000000 0.6000000000000 0.0450000000000 0.7280075711741 0.7280075711741 23772.004000000  2626.325553665 14213.804000000   185.838500000    25.430970178    73.811290000    -782222  0.391612389742  0.391612389742  0.106044700000  0.116894750000  0.393507100000 20233.229   167.297     0.843143750     0.993682418  -48.48259
   0  8 0.9636841600000 0.6000000000000 0.0450000000000 0.6000000000000 0.0450000000000 0.8463917767123 0.8463917767123 19607.402500000  2420.889068953 11615.936000000   227.909100000    25.614542709    86.171267500    -138260  0.533791663823  0.533791663823  0.137769000000  0.054805250000  0.534465800000 18192.404   209.917     0.963140000     0.995789515  -53.11847
   0 10 0.9794172900000 0.6000000000000 0.0450000000000 0.6000000000000 0.0450000000000 0.8194833407889 0.8194833407889 24417.547000000  2144.575921772 11604.334000000   220.829600000    25.082772239    80.706555000    -672176  0.543551326885  0.543551326885  0.131224650000  0.053460062500  0.487979900000 21228.198   201.520     0.857053125     0.994555165  -57.21408
   0  6 0.9727372200000 0.6000000000000 0.0450000000000 0.6000000000000 0.0450000000000 0.7705283465508 0.7705283465508 25641.322000000  2470.090934439 13125.244000000   214.759400000    36.562869056   135.324722500    -640050  0.399248378452  0.399248378452  0.159560550000  0.057621875000  0.527678300000 19560.840   196.673     0.769078125     0.994138738  -57.71363
   0  9 0.9868382300000 0.6000000000000 0.0450000000000 0.6000000000000 0.0450000000000 0.6292729488805 0.6292729488805 22350.832000000  2417.939429191 12945.720000000   206.430400000    34.256269015   130.587457500     -26703  0.546318936113  0.546318936113  0.146447450000  0.064240562500  0.338054500000 18071.147   189.558     0.800643000     0.994644901  -57.82765
   0  7 0.9687402600000 0.6000000000000 0.0450000000000 0.6000000000000 0.0450000000000 0.6668203729356 0.6668203729356 24451.189000000  2659.561585183 14310.530000000   234.140400000    24.178033336    73.086670000    -837688  0.551959884825  0.551959884825  0.125675850000  0.131267000000  0.502707400000 20401.637   213.413     0.826392000     0.994881100  -54.22602
   0  9 0.9751101500000 0.6000000000000 0.0450000000000 0.6000000000000 0.0450000000000 0.9602230593043 0.9602230593043 21758.182000000  2707.166844059 14095.900000000   203.805500000    35.024002152   133.672812500    -449204  0.441738088797  0.441738088797  0.141439800000  0.087593812500  0.374513200000 18608.111   187.305     0.844730625     0.994753776  -56.38098
   0  8 0.9804587100000 0.6000000000000 0.0450000000000 0.6000000000000 0.0450000000000 0.9242270682735 0.9242270682735 25894.582000000  2490.124645331 13999.482000000   206.545900000    26.592738051    85.727837500    -553973  0.370704631936  0.370704631936  0.146470900000  0.155101812500  0.487801400000 20969.360   187.896     0.797044125     0.993823085  -52.63126
   0  7 0.9583206600000 0.6000000000000 0.0450000000000 0.6000000000000 0.0450000000000 0.8635235335932 0.8635235335932 21207.773500000  2524.160773245 12459.720000000   223.576400000    27.991127867    98.645580000    -791758  0.498505684930  0.498505684930  0.101794500000  0.061088937500  0.529696900000 18270.033   205.831     0.866552625     0.995363629  -56.66433
   0  6 0.9580563900000 0.6000000000000 0.0450000000000 0.6000000000000 0.0450000000000 0.6818694714775 0.6818694714775 25066.640500000  2528.613000835 13185.978000000   215.619900000    39.202518368   144.865552500    -428406  0.556697099422  0.556697099422  0.102916150000  0.064522125000  0.560507100000 19443.710   197.666     0.780287625     0.994318116  -56.71846
   0  8 0.9790352500000 0.6000000000000 0.0450000000000 0.6000000000000 0.0450000000000 0.9499477843414 0.9499477843414 22666.381000000  2492.547486199 13176.054000000   211.959800000    27.715545806    97.157502500    -385678  0.369562281810  0.369562281810  0.102859050000  0.059635000000  0.455256000000 18685.733   194.262     0.819030750     0.994735186  -58.26053
   0 10 0.9836837700000 0.6000000000000 0.0450000000000 0.6000000000000 0.0450000000000 0.8602397549474 0.8602397549474 25598.716000000  2207.624985680 12419.776000000   204.821400000    31.076333406   111.903727500    -799514  0.478369399465  0.478369399465  0.191001000000  0.064636375000  0.303135700000 20009.215   187.009     0.767165500     0.993830916  -55.26297
   0  6 0.9629194300000 0.6000000000000 0.0450000000000 0.6000000000000 0.0450000000000 0.7044413384685 0.7044413384685 25173.938500000  2659.135997045 14161.388000000   217.278500000    34.479910325   128.611815000    -373200  0.503535728209  0.503535728209  0.105956350000  0.052423500000  0.284827700000 21738.152   200.157     0.856602000     0.994330846  -58.27800
   0  9 0.9757559100000 0.6000000000000 0.0450000000000 0.6000000000000 0.0450000000000 0.8901567347120 0.8901567347120 25888.763500000  2181.102691970 11836.152000000   227.248800000    23.462112758    65.124300000    -817447  0.471163956009  0.471163956009  0.195495850000  0.113701125000  0.225665800000 22404.242   204.116     0.853919250     0.994400157  -52.22053
   0  8 0.9690249200000 0.6000000000000 0.0450000000000 0.6000000000000 0.0450000000000 0.9377222413288 0.9377222413288 21474.871000000  2847.688807335 14442.892000000   210.893500000    29.152987036   109.304150000    -506760  0.442208759067  0.442208759067  0.175018500000  0.066296187500  0.516886800000 18645.474   193.979     0.864958625     0.995008131  -56.87768
   0  9 0.9877538800000 0.6000000000000 0.0450000000000 0.6000000000000 0.0450000000000 0.8228117301260 0.8228117301260 25993.091500000  2183.299228623 12121.086000000   227.628600000    22.794963137    60.889485000    -143220  0.410808205411  0.410808205411  0.167324000000  0.053077250000  0.212623300000 20428.685   203.048     0.777074125     0.994348701  -56.30321
   0  7 0.9804824200000 0.6000000000000 0.0450000000000 0.6000000000000 0.0450000000000 0.7452119622629 0.7452119622629 24835.655500000  2339.896603450 12436.020000000   226.301200000    24.433459519    69.896925000    -483501  0.409731554607  0.409731554607  0.143163550000  0.052249125000  0.547098500000 21437.591   205.783     0.856789375     0.994592785  -58.07301
   0  6 0.9794686300000 0.6000000000000 0.0450000000000 0.6000000000000 0.0450000000000 0.8192596933244 0.8192596933244 26302.781500000  2699.768526261 14988.402000000   211.116000000    38.066841848   141.505410000    -349226  0.338897525806  0.338897525806  0.136712700000  0.051447000000  0.292037900000 22240.787   193.941     0.834328750     0.993864753  -57.60062
   0  7 0.9804111100000 0.6000000000000 0.0450000000000 0.6000000000000 0.0450000000000 0.6655543013582 0.6655543013582 22266.241000000  2629.288342964 13710.984000000   217.834100000    29.030874971   106.642822500    -121376  0.459309134725  0.459309134725  0.113283050000  0.115214437500  0.212233800000 20156.170   201.342     0.910163125     0.994963960  -55.50629
   0 11 0.9839710200000 0.6000000000000 0.0450000000000 0.6000000000000 0.0450000000000 0.8939731920739 0.8939731920739 22628.972500000  2582.869929349 14149.636000000   221.499000000    22.150269557    69.211922500    -877485  0.520375235996  0.520375235996  0.124616450000  0.088965312500  0.564903400000 18944.810   200.418     0.811151375     0.994956334  -56.54019
   0 10 0.9833638000000 0.6000000000000 0.0450000000000 0.6000000000000 0.0450000000000 0.7737193077538 0.7737193077538 21895.301500000  2229.970579460 11721.182000000   204.637400000    29.192410159   105.832110000    -582089  0.535056502762  0.535056502762  0.129629350000  0.075828125000  0.502259900000 18683.965   187.652     0.843735625     0.994719677  -56.45513
   0  8 0.9672783500000 0.6000000000000 0.0450000000000 0.6000000000000 0.0450000000000 0.8390945093024 0.8390945093024 23156.066500000  2243.783873008 11427.486000000   216.871700000    38.137523481   144.311622500    -863118  0.508351887215  0.508351887215  0.172106800000  0.061657875000  0.391332400000 19732.843   200.104     0.851620375     0.994768783  -56.39745
   0  6 0.9675290500000 0.6000000000000 0.0450000000000 0.6000000000000 0.0450000000000 0.7924605810629 0.7924605810629 21426.244000000  2680.284926821 13356.670000000   201.448800000    29.836091121   103.814607500     -76254  0.419068897552  0.419068897552  0.122621350000  0.085312437500  0.414546700000 18942.841   184.398     0.890984125     0.994788561  -56.42785
   0  7 0.9859622600000 0.6000000000000 0.0450000000000 0.6000000000000 0.0450000000000 0.7148110340798 0.7148110340798 25310.221000000  2544.525026316 14107.598000000   217.866700000    26.258788224    85.204067500    -756941  0.389727898010  0.389727898010  0.171189100000  0.055684437500  0.407491800000 24108.163   201.266     0.977740250     0.994257488  -53.89565
   0  8 0.9746046900000 0.6000000000000 0.0450000000000 0.6000000000000 0.0450000000000 0.8391452301977 0.8391452301977 23943.751000000  2566.598562000 13901.902000000   209.842600000    28.334353412    99.635562500    -494190  0.450806827330  0.450806827330  0.142248800000  0.060279687500  0.220078700000 20465.615   192.382     0.843710750     0.994394141  -59.11325
   0 12 0.9821293900000 0.6000000000000 0.0450000000000 0.6000000000000 0.0450000000000 0.9416095445868 0.9416095445868 21479.164000000  2461.515091099 13150.014000000   215.766100000    34.946726039   140.468855000    -360142  0.586271821437  0.586271821437  0.108517150000  0.051508562500  0.391013800000 18377.489   199.757     0.830940500     0.995090739  -57.88346
   0  7 0.9730992700000 0.6000000000000 0.0450000000000 0.6000000000000 0.0450000000000 0.6124381633721 0.6124381633721 23366.747500000  2773.619531496 14719.330000000   220.431300000    25.787299346    85.678567500    -858451  0.561491636086  0.561491636086  0.137772700000  0.092186437500  0.467404300000 19989.306   202.210     0.848824500     0.994795344  -56.88717
   0  6 0.9853840400000 0.6000000000000 0.0450000000000 0.6000000000000 0.0450000000000 0.7073856423527 0.7073856423527 24210.862000000  2700.011415302 14587.722000000   211.395700000    36.685159360   139.280460000    -425955  0.357279691979  0.357279691979  0.151524100000  0.120528750000  0.571382100000 18990.199   193.809     0.786417375     0.994340874  -53.94815
   0  8 0.9867373600000 0.6000000000000 0.0450000000000 0.6000000000000 0.0450000000000 0.6893657664335 0.6893657664335 22857.541000000  2361.014915346 12527.810000000   218.941700000    28.845544752   105.420270000    -175885  0.445334252584  0.445334252584  0.164149200000  0.062623562500  0.246703300000 14806.292   200.209     0.685248250     0.994836797  -51.29715
   0  6 0.9760351800000 0.6000000000000 0.0450000000000 0.6000000000000 0.0450000000000 0.5233177396397 0.5233177396397 22704.505000000  2443.402666150 12411.950000000   217.294500000    35.910597812   136.725862500    -464990  0.559347155757  0.559347155757  0.142371300000  0.053882250000  0.556794500000 21482.568   201.568     0.982026000     0.994863292  -55.36187
   0  7 0.9744627600000 0.6000000000000 0.0450000000000 0.6000000000000 0.0450000000000 0.6457034162478 0.6457034162478 25079.857000000  2501.191009059 13536.732000000   211.011100000    30.608754582   108.875020000    -846395  0.521194616891  0.521194616891  0.143713800000  0.059299875000  0.591267200000 21272.718   193.611     0.839175375     0.994161025  -58.97153
   0  9 0.9821930100000 0.6000000000000 0.0450000000000 0.6000000000000 0.0450000000000 0.9408828965775 0.9408828965775 25708.835500000  2429.817364817 13806.260000000   218.657500000    25.592883898    84.390105000    -374446  0.397646688485  0.397646688485  0.136408500000  0.057315812500  0.506242300000 20560.626   199.606     0.783539750     0.994201499  -58.15799
   0  8 0.9780058100000 0.6000000000000 0.0450000000000 0.6000000000000 0.0450000000000 0.7606265963598 0.7606265963598 22691.099500000  2498.447359573 13200.456000000   212.818900000    30.511464387   113.701465000    -172264  0.469697962890  0.469697962890  0.168867550000  0.070323687500  0.491788400000 19848.317   196.104     0.869568000     0.994753439  -57.95121
   0  6 0.9767554600000 0.6000000000000 0.0450000000000 0.6000000000000 0.0450000000000 0.8629488882299 0.8629488882299 27372.643000000  2510.752790549 13802.812000000   210.795200000    26.359253913    77.958387500     -34254  0.335496547266  0.335496547266  0.152871150000  0.073796562500  0.396873900000 21713.187   191.061     0.788741375     0.993614084  -55.65687
   0  9 0.9693040600000 0.6000000000000 0.0450000000000 0.6000000000000 0.0450000000000 0.8547770393749 0.8547770393749 20630.527000000  2590.974941131 13024.518000000   209.096500000    28.921946110   107.385415000    -305449  0.548454596420  0.548454596420  0.144067500000  0.056354562500  0.322450200000 18819.211   192.599     0.923333375     0.995162712  -57.80389
   0  7 0.9877450700000 0.6000000000000 0.0450000000000 0.6000000000000 0.0450000000000 0.7333557788383 0.7333557788383 22960.897000000  2588.203316305 13815.760000000   212.366900000    36.102663032   139.344842500    -723853  0.368444709761  0.368444709761  0.145889550000  0.070415937500  0.329372800000 18790.197   195.393     0.815362250     0.994649227  -58.25061
   0  6 0.9826764700000 0.6000000000000 0.0450000000000 0.6000000000000 0.0450000000000 0.7489469201827 0.7489469201827 22446.817000000  2377.176638107 12018.898000000   227.044000000    27.269980848    91.050005000    -391244  0.352460087761  0.352460087761  0.110981900000  0.053342250000  0.499234900000 19002.787   209.198     0.849358750     0.995122878  -57.18892
   0  6 0.9764057400000 0.6000000000000 0.0450000000000 0.6000000000000 0.0450000000000 0.8353078345093 0.8353078345093 21093.644500000  2724.369086907 13613.316000000   207.145000000    32.456778173   121.209225000    -530504  0.348455352023  0.348455352023  0.103835500000  0.086600062500  0.281743900000 18250.569   190.335     0.870386125     0.994993051  -56.04533
   0 11 0.9816147400000 0.6000000000000 0.0450000000000 0.6000000000000 0.0450000000000 0.8360185974893 0.8360185974893 27257.960500000  2403.424302048 14413.324000000   220.724900000    28.618635323   107.563060000    -412898  0.582157159713  0.582157159713  0.162373650000  0.083831687500  0.521677400000 22344.387   202.988     0.784275625     0.993911681  -54.78770
   0  7 0.9887205400000 0.6000000000000 0.0450000000000 0.6000000000000 0.0450000000000 0.5960451112851 0.5960451112851 25203.071500000  2360.338709925 12819.924000000   213.930800000    24.785435668    71.150060000    -232952  0.445739679043  0.445739679043  0.132068450000  0.079092500000  0.246272900000 20291.020   193.894     0.800395250     0.994165672  -57.21057
   0  6 0.9672706900000 0.6000000000000 0.0450000000000 0.6000000000000 0.0450000000000 0.8661065726694 0.8661065726694 25583.987500000  2696.343686030 14570.456000000   206.284300000    30.523044434   105.469410000    -916676  0.384870449794  0.384870449794  0.156060100000  0.060724000000  0.528844600000 20897.330   188.284     0.810873125     0.993923663  -57.08844
   0  6 0.9780822900000 0.6000000000000 0.0450000000000 0.6000000000000 0.0450000000000 0.8432484466655 0.8432484466655 23762.594500000  2454.268963236 12747.444000000   222.257100000    28.329513006    96.679655000    -640547  0.336407554992  0.336407554992  0.130242100000  0.063426812500  0.399525600000 18676.291   203.937     0.791607000     0.994738809  -57.93894
   0  9 0.9789174900000 0.6000000000000 0.0450000000000 0.6000000000000 0.0450000000000 0.7152179531637 0.7152179531637 22223.932000000  2717.862757356 14388.956000000   220.856600000    25.828680540    92.763275000    -902403  0.554647843561  0.554647843561  0.155249250000  0.055020125000  0.454335000000 19303.403   203.357     0.856903500     0.995046197  -58.16281
   0 10 0.9866373700000 0.6000000000000 0.0450000000000 0.6000000000000 0.0450000000000 0.7971012965836 0.7971012965836 23363.291500000  2464.736669411 13683.220000000   221.108700000    33.478620860   134.845055000    -368487  0.488313894976  0.488313894976  0.129006650000  0.056766312500  0.408539800000 19320.429   204.558     0.806831000     0.994774624  -58.10061
   0  9 0.9886937400000 0.6000000000000 0.0450000000000 0.6000000000000 0.0450000000000 0.9615218263081 0.9615218263081 24620.384500000  2202.541496993 12040.944000000   216.580100000    28.354776276   100.848235000    -477003  0.345464854103  0.345464854103  0.112342100000  0.069025812500  0.230356900000 19606.965   198.750     0.788069375     0.994370385  -56.90621
   0  8 0.9883897100000 0.6000000000000 0.0450000000000 0.6000000000000 0.0450000000000 0.7492395776408 0.7492395776408 23430.049000000  2127.966065985 10959.668000000   205.120800000    27.757482860    91.105352500    -332799  0.397813043970  0.397813043970  0.117059200000  0.057549875000  0.407969300000 20446.862   187.686     0.871637500     0.994344478  -54.09426
   0  9 0.9895101600000 0.6000000000000 0.0450000000000 0.6000000000000 0.0450000000000 0.8397115945261 0.8397115945261 22461.275500000  2464.744495691 13314.140000000   211.684600000    32.521638781   126.335547500    -152307  0.389601560698  0.389601560698  0.106044000000  0.065998125000  0.482913900000 20200.995   195.747     0.893662750     0.994742220  -58.46955
   0  8 0.9616056200000 0.6000000000000 0.0450000000000 0.6000000000000 0.0450000000000 0.8332292998362 0.8332292998362 24494.051500000  2335.426196557 12266.838000000   199.046100000    28.149400552    90.536830000    -346283  0.560335440374  0.560335440374  0.145002750000  0.060587875000  0.366061500000 20126.932   180.366     0.816552000     0.993980730  -55.01748
   0  7 0.9889370100000 0.6000000000000 0.0450000000000 0.6000000000000 0.0450000000000 0.5704696750548 0.5704696750548 26346.994000000  2318.718942784 12699.420000000   229.922500000    23.504983631    62.154352500     -60929  0.463975753478  0.463975753478  0.173739950000  0.054855937500  0.277825800000 21760.820   207.011     0.816605250     0.994324197  -56.39246
   0  6 0.9732133400000 0.6000000000000 0.0450000000000 0.6000000000000 0.0450000000000 0.8107325643048 0.8107325643048 23039.399500000  2700.138705221 14040.704000000   209.045500000    32.659135811   120.506607500    -740232  0.376760164892  0.376760164892  0.139144050000  0.061001812500  0.567422300000 19540.096   191.901     0.846277500     0.994588499  -59.16658
   0  8 0.9810093000000 0.6000000000000 0.0450000000000 0.6000000000000 0.0450000000000 0.6203524468542 0.6203524468542 25300.015000000  2202.587339047 11733.736000000   207.184400000    35.059052812   127.397095000    -869879  0.547084044382  0.547084044382  0.112353500000  0.065689750000  0.592779900000 20544.770   189.775     0.807108500     0.993981710  -56.25193
   0  7 0.9537852500000 0.6000000000000 0.0450000000000 0.6000000000000 0.0450000000000 0.7898070645986 0.7898070645986 23481.349000000  2286.962994090 11364.760000000   215.030100000    26.553529074    81.418012500    -542203  0.582178623753  0.582178623753  0.164656500000  0.092127062500  0.355962800000 19104.300   195.057     0.818675125     0.994667059  -54.94389
   0  6 0.9796121300000 0.6000000000000 0.0450000000000 0.6000000000000 0.0450000000000 0.5009334278690 0.5009334278690 22491.542500000  2705.901559051 14021.410000000   213.594400000    23.915566400    67.342392500    -263203  0.553017893453  0.553017893453  0.134332600000  0.077269375000  0.424837800000 20679.721   194.348     0.931383875     0.994814228  -56.81284
   0  6 0.9611572600000 0.6000000000000 0.0450000000000 0.6000000000000 0.0450000000000 0.7498948640206 0.7498948640206 22932.277000000  2677.113799712 13683.556000000   198.619800000    32.768051416   115.537877500    -331932  0.484873755881  0.484873755881  0.162716400000  0.087930250000  0.234519100000 20373.008   181.669     0.890852500     0.994353056  -55.30232
   0  8 0.9655966200000 0.6000000000000 0.0450000000000 0.6000000000000 0.0450000000000 0.9334577456742 0.9334577456742 24707.878000000  2441.843481196 13125.808000000   214.132800000    31.062514186   113.155855000    -270098  0.469473051140  0.469473051140  0.199831400000  0.051258375000  0.267237600000 22754.243   197.614     0.926620250     0.994349783  -55.77696
   0 10 0.9730114600000 0.6000000000000 0.0450000000000 0.6000000000000 0.0450000000000 0.8816863240828 0.8816863240828 21133.523500000  2692.886946622 13823.360000000   225.967400000    25.563923563    94.541642500    -980125  0.567643754972  0.567643754972  0.130038700000  0.052011062500  0.345719700000 18696.997   208.371     0.875292750     0.995408258  -57.35503
   0  8 0.9805553200000 0.6000000000000 0.0450000000000 0.6000000000000 0.0450000000000 0.7032635093310 0.7032635093310 22215.967000000  2739.430538761 14415.178000000   215.841500000    27.745388064   102.006372500      -1027  0.486370912124  0.486370912124  0.204996600000  0.055358000000  0.279204700000 20605.954   199.583     0.939970875     0.994928549  -55.74156
   0 10 0.9740571100000 0.6000000000000 0.0450000000000 0.6000000000000 0.0450000000000 0.9192907305478 0.9192907305478 24958.600000000  2313.428965625 12864.038000000   214.117300000    29.171220230   106.170532500    -945593  0.534263983680  0.534263983680  0.103768100000  0.079661937500  0.340476400000 20757.255   196.417     0.810686375     0.994274550  -57.05448
   0  9 0.9773706500000 0.6000000000000 0.0450000000000 0.6000000000000 0.0450000000000 0.7478759065312 0.7478759065312 25541.503000000  2378.817448563 13309.296000000   222.427600000    25.043781270    80.085220000    -472086  0.545130081825  0.545130081825  0.137316450000  0.077792500000  0.290101100000 21299.219   202.901     0.816039000     0.994351248  -57.64521
   0  8 0.9734334700000 0.6000000000000 0.0450000000000 0.6000000000000 0.0450000000000 0.8428485101640 0.8428485101640 22799.666500000  2346.491426591 12175.866000000   219.046200000    29.466797529   107.418305000    -360847  0.457651658158  0.457651658158  0.108670250000  0.070251500000  0.410663600000 19121.924   201.638     0.835244125     0.994888836  -57.73674
 
  COND2           1     1336153  1.724510339265757E+045  1.447420587610354E+043
  8.393226498291804E-003         100
   1336153  25125828   1074132         0     34920         0         0         0         0         0    827917         0         0  12001050   1336153
 PARAMETER FILE GB03A.PAR   
