  Aa Am            MSYL            MSYR           MORTJ           MORTA             K1+           PInit      ISEED   PTarget           CVADD              AR        PREG-MAX           GAMMA              P0   SSTILDA     LIKEL
   0  7 0.9834670000000 0.6000000000000 0.0450000000000 0.6000000000000 0.0450000000000 0.6030872680235 0.6030872680235 21894.505000000  2519.383534946 12953.628000000   209.380100000    46.787903993   146.547947500    -198130  0.481814053555  0.481814053555  0.122269800000  0.061795187500  0.442162600000 19102.171   189.376     0.874482500     0.979356608  -59.07108
   0  8 0.9719827200000 0.6000000000000 0.0450000000000 0.6000000000000 0.0450000000000 0.8297291936659 0.8297291936659 23367.395500000  2304.265139528 11915.402000000   218.927300000    19.260052531    59.788807500    -675510  0.476165591720  0.476165591720  0.173675650000  0.060605875000  0.351411600000 19274.598   193.548     0.823498250     0.979047182  -56.93395
   0 10 0.9825605500000 0.6000000000000 0.0450000000000 0.6000000000000 0.0450000000000 0.8512305979202 0.8512305979202 21508.999000000  2463.636362465 12936.254000000   232.254700000    12.974222262    45.620400000     -61313  0.493683164987  0.493683164987  0.166819150000  0.066739437500  0.284852800000 19863.541   209.784     0.934363125     0.981727191  -56.29350
   0  8 0.9774301000000 0.6000000000000 0.0450000000000 0.6000000000000 0.0450000000000 0.8973796332324 0.8973796332324 27617.965000000  2291.483039484 12680.728000000   206.251100000    66.166319549   143.960232500    -462077  0.402020541420  0.402020541420  0.126242150000  0.057311875000  0.377571900000 21813.587   181.052     0.783126125     0.973651094  -54.71999
   0  7 0.9803360300000 0.6000000000000 0.0450000000000 0.6000000000000 0.0450000000000 0.7649495372559 0.7649495372559 22927.282000000  2670.442507876 14073.802000000   227.465600000    23.703274515    97.005500000    -825978  0.400121431997  0.400121431997  0.165825900000  0.069792000000  0.383657500000 19904.882   206.692     0.865101500     0.980136879  -56.68437
   0  7 0.9818870300000 0.6000000000000 0.0450000000000 0.6000000000000 0.0450000000000 0.8975349204775 0.8975349204775 25433.260000000  2759.162438513 15347.080000000   229.772300000     9.947441720    31.074245000    -167248  0.332391502841  0.332391502841  0.140437500000  0.118997187500  0.341950600000 20994.676   200.741     0.815369500     0.978168358  -54.67912
   0  7 0.9889283700000 0.6000000000000 0.0450000000000 0.6000000000000 0.0450000000000 0.7428301592645 0.7428301592645 27016.175500000  2263.118947917 12266.818000000   219.648100000    31.455899471    96.305937500    -713406  0.356371957918  0.356371957918  0.160235250000  0.067446875000  0.425275200000 22036.557   195.195     0.809478125     0.975631353  -56.42134
   0  6 0.9691743600000 0.6000000000000 0.0450000000000 0.6000000000000 0.0450000000000 0.5962155869390 0.5962155869390 22697.404000000  2533.854676037 12815.282000000   218.784500000    29.666530912   106.704215000    -270064  0.543838174422  0.543838174422  0.150060600000  0.075818750000  0.347062800000 18198.115   195.313     0.808662125     0.979655915  -57.89575
   0  7 0.9610038600000 0.6000000000000 0.0450000000000 0.6000000000000 0.0450000000000 0.8350923182171 0.8350923182171 23139.394000000  2699.514198580 13979.542000000   233.451600000    38.313054923   144.541625000    -114878  0.495455410401  0.495455410401  0.117072050000  0.082463500000  0.488807500000 18861.914   210.858     0.814241375     0.980609554  -54.82075
   0 11 0.9893123200000 0.6000000000000 0.0450000000000 0.6000000000000 0.0450000000000 0.8324216250623 0.8324216250623 23373.916000000  2334.485974861 13031.808000000   233.389900000    25.064447068   103.442287500    -914417  0.503811919210  0.503811919210  0.141166700000  0.099408062500  0.299829000000 19825.246   211.925     0.825827750     0.980152568  -55.26692
   0  7 0.9694080000000 0.6000000000000 0.0450000000000 0.6000000000000 0.0450000000000 0.8456240247158 0.8456240247158 24011.534500000  2762.515959204 14724.580000000   253.213200000     8.756358444    25.305690000     -41677  0.430786041745  0.430786041745  0.130337000000  0.071769687500  0.409495000000 20742.320   219.501     0.857439750     0.981402786  -56.40583
   0  7 0.9759807500000 0.6000000000000 0.0450000000000 0.6000000000000 0.0450000000000 0.6157103973110 0.6157103973110 23760.367000000  2688.231771753 14343.966000000   217.575100000    19.493276735    74.240225000    -309277  0.533505114824  0.533505114824  0.149043700000  0.074658562500  0.219416800000 20235.176   195.276     0.845677250     0.978525916  -58.30766
   0  7 0.9890517000000 0.6000000000000 0.0450000000000 0.6000000000000 0.0450000000000 0.5948875976486 0.5948875976486 24771.814000000  2333.732033473 12470.342000000   226.592600000    17.619917252    51.174715000    -959434  0.444044984320  0.444044984320  0.148189950000  0.052906875000  0.541471700000 19617.308   199.109     0.792489125     0.978338654  -58.64738
   0  6 0.9724499900000 0.6000000000000 0.0450000000000 0.6000000000000 0.0450000000000 0.8010283042967 0.8010283042967 26904.328000000  2366.837531533 12449.400000000   227.926600000    52.889794211   148.733507500    -715388  0.385694333740  0.385694333740  0.106592300000  0.064801437500  0.313734400000 20096.636   201.042     0.758142125     0.976823933  -53.91582
   0  7 0.9790223300000 0.6000000000000 0.0450000000000 0.6000000000000 0.0450000000000 0.7603824702877 0.7603824702877 23331.971500000  2749.265077995 14610.908000000   215.247200000    28.566495410   111.284765000     -23041  0.411275277620  0.411275277620  0.143780050000  0.050809812500  0.217878700000 18145.027   191.224     0.780977250     0.978653563  -57.52093
   0  6 0.9642217400000 0.6000000000000 0.0450000000000 0.6000000000000 0.0450000000000 0.8819836978684 0.8819836978684 21354.437500000  2920.637850154 14384.088000000   224.724500000    22.346398256    97.868992500    -626116  0.394823543974  0.394823543974  0.114013800000  0.052545312500  0.442955500000 17849.986   202.866     0.841069125     0.981394706  -56.60470
   0  9 0.9888135100000 0.6000000000000 0.0450000000000 0.6000000000000 0.0450000000000 0.6415991803209 0.6415991803209 23583.989500000  2162.831884413 11461.978000000   224.468100000    19.319504667    59.592117500    -835059  0.516572155438  0.516572155438  0.171979250000  0.104705875000  0.539384000000 18947.212   198.236     0.799957375     0.979185689  -54.46370
   0  6 0.9824517700000 0.6000000000000 0.0450000000000 0.6000000000000 0.0450000000000 0.5271874563190 0.5271874563190 25281.425500000  2738.630415940 14971.810000000   246.993400000     9.783928949    28.058667500      -9046  0.502513618939  0.502513618939  0.121763550000  0.067719812500  0.599736800000 20547.005   214.315     0.808305625     0.979805248  -56.08407
   0  6 0.9504692700000 0.6000000000000 0.0450000000000 0.6000000000000 0.0450000000000 0.8976901450432 0.8976901450432 21559.313500000  3054.938308147 14844.536000000   224.159300000    17.207324654    77.521392500     -82663  0.468564027659  0.468564027659  0.152985300000  0.102592687500  0.584897000000 18567.468   202.398     0.865327750     0.981221043  -55.19038
   0  6 0.9858810600000 0.6000000000000 0.0450000000000 0.6000000000000 0.0450000000000 0.7108226939036 0.7108226939036 24908.380000000  2504.588734677 13405.764000000   222.391500000    24.487297939    84.545812500    -993860  0.352690776102  0.352690776102  0.165454150000  0.057324062500  0.517005600000 22586.522   202.600     0.907225250     0.977855738  -56.87583
   0  7 0.9895428800000 0.6000000000000 0.0450000000000 0.6000000000000 0.0450000000000 0.4577169102302 0.4577169102302 24952.592500000  2372.438597070 12805.132000000   219.120200000    35.932781659   118.770717500    -564763  0.572200738669  0.572200738669  0.135489550000  0.084850375000  0.587567700000 21159.337   197.191     0.840584625     0.977428476  -57.58052
   0  6 0.9876853000000 0.6000000000000 0.0450000000000 0.6000000000000 0.0450000000000 0.7279434416097 0.7279434416097 25205.758000000  2224.535446221 11339.548000000   215.466600000    21.540388314    57.049285000    -618281  0.334356236836  0.334356236836  0.128511400000  0.067316125000  0.379365800000 19482.608   187.354     0.783328500     0.976843310  -54.45625
   0  8 0.9890560100000 0.6000000000000 0.0450000000000 0.6000000000000 0.0450000000000 0.8622844766154 0.8622844766154 24980.483500000  2375.516446218 13089.478000000   210.546700000    27.494430052    91.839722500    -780401  0.341536085410  0.341536085410  0.156315550000  0.058300375000  0.333289300000 21433.000   188.776     0.846334125     0.976491382  -58.16131
   0 10 0.9840908600000 0.6000000000000 0.0450000000000 0.6000000000000 0.0450000000000 0.7053408429818 0.7053408429818 21328.679500000  2589.740734855 13552.168000000   238.937400000     9.560106164    29.936160000    -834497  0.578988758968  0.578988758968  0.147719400000  0.061096062500  0.528238400000 17949.363   207.613     0.828731875     0.982371116  -56.97218
   0  8 0.9872269100000 0.6000000000000 0.0450000000000 0.6000000000000 0.0450000000000 0.9084724690181 0.9084724690181 25286.515000000  2460.651044284 13721.572000000   218.175500000    41.382821820   134.027745000    -542623  0.334991895701  0.334991895701  0.129308900000  0.073529250000  0.253453500000 21341.842   196.264     0.830724875     0.977064725  -58.19234
   0  8 0.9751347900000 0.6000000000000 0.0450000000000 0.6000000000000 0.0450000000000 0.6967823459232 0.6967823459232 24605.035000000  2372.010306922 12711.306000000   227.423800000    21.550843044    74.138565000    -429041  0.538129670313  0.538129670313  0.145106200000  0.055954125000  0.387609800000 21103.716   204.496     0.849843625     0.978733650  -58.50890
   0  9 0.9628596700000 0.6000000000000 0.0450000000000 0.6000000000000 0.0450000000000 0.8975711533294 0.8975711533294 25539.262000000  2712.374056382 15105.886000000   211.180800000    18.199691002    69.442607500    -721858  0.582132590979  0.582132590979  0.173395350000  0.080782687500  0.541398100000 21886.532   188.287     0.836930875     0.976330404  -55.06850
   0  7 0.9800821600000 0.6000000000000 0.0450000000000 0.6000000000000 0.0450000000000 0.6229540018259 0.6229540018259 25915.061500000  2396.553838277 12976.502000000   226.247000000    39.004791284   127.494400000    -205544  0.493377494150  0.493377494150  0.111911050000  0.074941875000  0.397592400000 21022.929   202.463     0.806088125     0.977430541  -56.44891
   0 11 0.9893960200000 0.6000000000000 0.0450000000000 0.6000000000000 0.0450000000000 0.8107613852577 0.8107613852577 21510.281500000  2770.625624729 14608.860000000   212.862500000    26.890876372   119.295072500    -497196  0.516424214955  0.516424214955  0.112599450000  0.061033500000  0.201525800000 18062.437   192.204     0.818478250     0.979972434  -55.96755
   0  6 0.9730927800000 0.6000000000000 0.0450000000000 0.6000000000000 0.0450000000000 0.8887359749838 0.8887359749838 25348.993000000  2467.404989437 12983.824000000   205.149800000    32.787795653   100.452450000    -988427  0.344312592419  0.344312592419  0.152651200000  0.071231937500  0.288130500000 22161.933   183.715     0.870675625     0.975733035  -56.01717
   0  7 0.9730873500000 0.6000000000000 0.0450000000000 0.6000000000000 0.0450000000000 0.5746977917912 0.5746977917912 23939.336500000  2180.664342647 10847.454000000   220.670000000    27.367337104    85.516262500    -787435  0.598477235109  0.598477235109  0.176456750000  0.055108250000  0.453906000000 18511.668   194.692     0.786506250     0.978694403  -55.34906
   0  6 0.9558013000000 0.6000000000000 0.0450000000000 0.6000000000000 0.0450000000000 0.7926504297852 0.7926504297852 23144.672500000  2866.236604147 14626.372000000   210.225500000    33.684548528   121.900630000    -778578  0.493916427559  0.493916427559  0.136782100000  0.080784500000  0.360810500000 20743.872   190.492     0.900514125     0.978486081  -57.31619
   0 10 0.9835956600000 0.6000000000000 0.0450000000000 0.6000000000000 0.0450000000000 0.9316667159058 0.9316667159058 23474.963500000  2345.803032260 12839.662000000   214.259400000    35.849421412   123.706687500    -451989  0.442424040138  0.442424040138  0.191137450000  0.058264500000  0.200317100000 20906.163   194.721     0.879351125     0.978368838  -57.17692
   0  6 0.9573277800000 0.6000000000000 0.0450000000000 0.6000000000000 0.0450000000000 0.7735084819854 0.7735084819854 23022.592000000  2646.830743359 13402.768000000   229.114800000    16.217584298    55.371310000    -279293  0.495684618217  0.495684618217  0.154459250000  0.050510937500  0.499397900000 20819.758   206.885     0.913156500     0.980358180  -58.20359
   0  7 0.9603049800000 0.6000000000000 0.0450000000000 0.6000000000000 0.0450000000000 0.7674916085823 0.7674916085823 26037.493000000  2518.980864442 13535.758000000   235.330500000    31.461645559   112.535137500    -119351  0.544711538801  0.544711538801  0.134345250000  0.059756812500  0.523152600000 21973.794   212.440     0.835938875     0.978358796  -55.22181
   0  6 0.9729420000000 0.6000000000000 0.0450000000000 0.6000000000000 0.0450000000000 0.8491800862225 0.8491800862225 23239.105000000  2466.217612858 12559.000000000   224.969100000    31.267877849   111.495300000    -349116  0.361163966904  0.361163966904  0.107418300000  0.094496625000  0.536474000000 19439.144   202.654     0.838612875     0.979714040  -56.71928
   0  6 0.9743870900000 0.6000000000000 0.0450000000000 0.6000000000000 0.0450000000000 0.9193450925320 0.9193450925320 22276.082500000  2514.389147921 12675.078000000   224.147300000    21.836329124    78.590902500    -852539  0.326444985027  0.326444985027  0.242489900000  0.065767062500  0.379900900000 18616.060   201.372     0.840144375     0.980471542  -53.61304
   0  6 0.9874372000000 0.6000000000000 0.0450000000000 0.6000000000000 0.0450000000000 0.5210050902099 0.5210050902099 23588.633500000  2366.328895451 12185.136000000   212.873300000    26.680965127    86.939275000    -605401  0.469074931203  0.469074931203  0.162152550000  0.053169812500  0.367803800000 20181.515   190.981     0.855547250     0.978068691  -58.44290
   0 11 0.9801003900000 0.6000000000000 0.0450000000000 0.6000000000000 0.0450000000000 0.9447410570611 0.9447410570611 23595.680500000  2585.843351159 14362.104000000   225.280600000    11.489631892    43.220860000     -30696  0.530240622131  0.530240622131  0.133654000000  0.050658937500  0.408248400000 20133.922   199.501     0.825824250     0.979362140  -59.11096
   0  7 0.9688809800000 0.6000000000000 0.0450000000000 0.6000000000000 0.0450000000000 0.6393171703736 0.6393171703736 25322.263000000  2590.497489699 14016.760000000   216.606200000    22.114592282    77.072112500    -363009  0.574457207121  0.574457207121  0.139664250000  0.078724562500  0.453600200000 19259.963   190.161     0.764031375     0.977077302  -56.47729
   0  6 0.9729799700000 0.6000000000000 0.0450000000000 0.6000000000000 0.0450000000000 0.6205390393131 0.6205390393131 22330.595500000  2384.597457599 11814.468000000   202.869300000    46.547644994   134.770922500    -401637  0.493956579886  0.493956579886  0.134464050000  0.050419125000  0.569750200000 18027.506   179.857     0.816607250     0.978383282  -56.02563
   0  7 0.9768082600000 0.6000000000000 0.0450000000000 0.6000000000000 0.0450000000000 0.8363897663114 0.8363897663114 23787.097000000  2918.732952620 15600.884000000   213.895800000    16.978411695    71.655695000    -648689  0.387556197457  0.387556197457  0.104820750000  0.111802625000  0.496251900000 20102.636   191.491     0.837760500     0.978123531  -53.80951
   0  8 0.9541864200000 0.6000000000000 0.0450000000000 0.6000000000000 0.0450000000000 0.8784940658319 0.8784940658319 25486.990000000  2626.463154469 14257.600000000   210.938600000    17.652216828    59.611162500    -466197  0.596311216815  0.596311216815  0.168979800000  0.060138937500  0.533992400000 22074.534   187.412     0.855211000     0.976395542  -56.01364
   0  8 0.9859249700000 0.6000000000000 0.0450000000000 0.6000000000000 0.0450000000000 0.8829989662943 0.8829989662943 22248.002500000  2488.055231311 13087.828000000   200.424700000    36.250292115   120.961185000    -301398  0.352728354985  0.352728354985  0.127954400000  0.061558875000  0.548296600000 18822.822   179.315     0.841895125     0.978052449  -56.62868
   0  8 0.9794149300000 0.6000000000000 0.0450000000000 0.6000000000000 0.0450000000000 0.9433244983639 0.9433244983639 23747.852500000  2507.058520800 13496.380000000   218.298700000    17.040042060    58.576882500    -547871  0.369753124218  0.369753124218  0.143246000000  0.053724125000  0.497621200000 19106.514   192.972     0.799433500     0.978572445  -58.97179
   0  9 0.9681761400000 0.6000000000000 0.0450000000000 0.6000000000000 0.0450000000000 0.9108843974189 0.9108843974189 25092.007000000  2333.033709978 12638.802000000   227.714400000    39.180146165   131.237295000    -253280  0.524633394029  0.524633394029  0.128646750000  0.073253937500  0.541774800000 20275.763   204.145     0.797513250     0.978398970  -57.14175
   0  9 0.9643375800000 0.6000000000000 0.0450000000000 0.6000000000000 0.0450000000000 0.9451298019405 0.9451298019405 23033.189500000  2855.277490473 15030.490000000   242.982900000    14.581210070    69.485767500    -571838  0.539382687421  0.539382687421  0.168223250000  0.120277812500  0.349040800000 18864.707   218.738     0.805438625     0.981439424  -50.99056
   0  6 0.9882818700000 0.6000000000000 0.0450000000000 0.6000000000000 0.0450000000000 0.7079070615781 0.7079070615781 23010.590500000  2649.591976264 13937.988000000   213.623300000    45.749941442   147.543000000    -174132  0.340442577588  0.340442577588  0.155237950000  0.100712687500  0.597422400000 20663.701   194.428     0.900610250     0.978668790  -56.35373
   0 11 0.9865405400000 0.6000000000000 0.0450000000000 0.6000000000000 0.0450000000000 0.9013577611070 0.9013577611070 23373.106000000  2830.156556991 15602.732000000   217.511600000    10.886225241    51.585807500    -937602  0.491113955187  0.491113955187  0.122441100000  0.056713937500  0.405439300000 21090.046   196.463     0.882830875     0.978745277  -57.57572
   0  9 0.9769578000000 0.6000000000000 0.0450000000000 0.6000000000000 0.0450000000000 0.7621082917722 0.7621082917722 23190.046000000  2533.181972402 13625.380000000   223.934800000    13.119088397    43.575532500    -460785  0.538850583084  0.538850583084  0.114267050000  0.062648437500  0.441979400000 20766.588   200.125     0.889510125     0.979627288  -58.55548
   0  8 0.9636094700000 0.6000000000000 0.0450000000000 0.6000000000000 0.0450000000000 0.7601254061362 0.7601254061362 26544.688000000  2661.936840500 14900.654000000   222.322900000    17.050510941    60.974245000    -114857  0.595076533234  0.595076533234  0.121297700000  0.075069000000  0.513231400000 19860.619   193.953     0.746075250     0.976626799  -54.24694
   0  6 0.9734994600000 0.6000000000000 0.0450000000000 0.6000000000000 0.0450000000000 0.8034199034255 0.8034199034255 24386.416000000  2796.117924370 14905.804000000   210.686200000    26.964135657    99.690292500    -358787  0.378563978177  0.378563978177  0.147021250000  0.051445812500  0.476991100000 23206.582   193.908     0.986120000     0.977264167  -54.92104
   0  6 0.9603211400000 0.6000000000000 0.0450000000000 0.6000000000000 0.0450000000000 0.6275444247559 0.6275444247559 22791.782500000  2563.822982655 12887.618000000   221.236900000    46.405761281   149.121752500     -33657  0.586209961803  0.586209961803  0.127929400000  0.064063625000  0.547256000000 17901.861   197.426     0.794763125     0.979849639  -58.03754
   0  7 0.9753869800000 0.6000000000000 0.0450000000000 0.6000000000000 0.0450000000000 0.7965766539277 0.7965766539277 24460.139500000  2410.644558322 12716.280000000   237.811100000    20.616340739    71.440057500    -419664  0.416305622684  0.416305622684  0.106908850000  0.105569187500  0.592364300000 20559.670   213.933     0.836480500     0.979780027  -54.45086
   0  6 0.9651575500000 0.6000000000000 0.0450000000000 0.6000000000000 0.0450000000000 0.7219757622525 0.7219757622525 22900.309000000  2814.151777849 14422.208000000   217.075200000    24.576845589    96.968905000    -801733  0.475937181833  0.475937181833  0.156346500000  0.071330000000  0.407999200000 18677.766   194.012     0.817732125     0.979339194  -57.58821
   0 12 0.9834551500000 0.6000000000000 0.0450000000000 0.6000000000000 0.0450000000000 0.9360333835512 0.9360333835512 22624.153000000  2627.521285725 14364.684000000   235.678500000     8.707142395    31.602337500    -222837  0.574655956064  0.574655956064  0.131276700000  0.052257750000  0.446501500000 19035.109   205.848     0.810134125     0.981049066  -57.85580
   0  6 0.9826538700000 0.6000000000000 0.0450000000000 0.6000000000000 0.0450000000000 0.4651427626954 0.4651427626954 25573.403500000  2369.200009493 12460.444000000   216.959100000    30.607947602    96.732987500    -538790  0.567715723557  0.567715723557  0.139011900000  0.061764562500  0.366935100000 20174.089   191.847     0.792096250     0.976741387  -58.19909
   0  9 0.9751101500000 0.6000000000000 0.0450000000000 0.6000000000000 0.0450000000000 0.9602230593043 0.9602230593043 21758.182000000  2720.597853355 14095.900000000   203.805500000    37.945014782   133.672812500    -449204  0.441738088797  0.441738088797  0.141439800000  0.087593812500  0.374513200000 18575.008   183.317     0.844730625     0.979015104  -55.78530
   0  7 0.9705787100000 0.6000000000000 0.0450000000000 0.6000000000000 0.0450000000000 0.9117010277354 0.9117010277354 21045.638500000  2675.251109674 13331.780000000   212.744100000    36.701787147   134.670822500    -331680  0.392373223572  0.392373223572  0.155091500000  0.107520687500  0.532913400000 19777.753   195.862     0.977192250     0.980590988  -54.14339
   0  9 0.9596475100000 0.6000000000000 0.0450000000000 0.6000000000000 0.0450000000000 0.9268789274272 0.9268789274272 19802.153500000  2654.576116242 12808.270000000   223.104200000    22.781997422   100.279875000    -614817  0.594481352642  0.594481352642  0.135490600000  0.052177187500  0.555160800000 18389.221   205.240     0.960567875     0.982642006  -55.49171
   0  7 0.9815752700000 0.6000000000000 0.0450000000000 0.6000000000000 0.0450000000000 0.6479517450375 0.6479517450375 22381.463500000  2656.315914636 13848.988000000   201.292600000    16.973448231    59.728715000    -679555  0.462810248715  0.462810248715  0.172549600000  0.050373062500  0.562193900000 21061.547   183.154     0.969669500     0.978073644  -53.61345
   0  7 0.9882812100000 0.6000000000000 0.0450000000000 0.6000000000000 0.0450000000000 0.5336927050528 0.5336927050528 24835.075000000  2448.541658361 13308.322000000   259.376700000    11.740402358    29.012282500    -407475  0.501620168133  0.501620168133  0.111005700000  0.125975125000  0.419087200000 19974.722   223.283     0.800781250     0.981038588  -53.90037
   0  7 0.9565385700000 0.6000000000000 0.0450000000000 0.6000000000000 0.0450000000000 0.8653740773913 0.8653740773913 21819.958000000  2935.837409123 14631.068000000   206.198200000    33.027322087   125.253752500    -238217  0.510571491496  0.510571491496  0.161098000000  0.076389875000  0.593873500000 18608.734   185.237     0.853257125     0.979318464  -55.93658
   0  9 0.9875165800000 0.6000000000000 0.0450000000000 0.6000000000000 0.0450000000000 0.8911576305526 0.8911576305526 22214.212000000  2809.853067311 14911.278000000   223.113400000    18.987925301    89.118172500    -229274  0.380971186902  0.380971186902  0.107532350000  0.050194187500  0.234568600000 20749.242   205.741     0.948062250     0.980293398  -55.39130
   0  8 0.9590471900000 0.6000000000000 0.0450000000000 0.6000000000000 0.0450000000000 0.9340541040664 0.9340541040664 29203.702000000  2419.765971624 13610.488000000   232.788900000    16.645336537    46.347717500    -716355  0.520286345229  0.520286345229  0.189392850000  0.069262062500  0.294543600000 23061.374   201.583     0.779700250     0.975469156  -54.27848
   0  9 0.9824037800000 0.6000000000000 0.0450000000000 0.6000000000000 0.0450000000000 0.6435461275762 0.6435461275762 20705.452000000  2382.970361052 12097.716000000   209.026800000    26.520937577   100.206522500    -192372  0.579167176019  0.579167176019  0.155146300000  0.074369875000  0.268675200000 16920.932   187.050     0.817268500     0.980456919  -55.27063
   0  7 0.9804824200000 0.6000000000000 0.0450000000000 0.6000000000000 0.0450000000000 0.7452119622629 0.7452119622629 24835.655500000  2349.673753606 12436.020000000   226.301200000    21.627106985    69.896925000    -483501  0.409731554607  0.409731554607  0.143163550000  0.052249125000  0.547098500000 21399.274   203.346     0.856789375     0.978371141  -58.38950
   0  6 0.9714217200000 0.6000000000000 0.0450000000000 0.6000000000000 0.0450000000000 0.8159043422483 0.8159043422483 21880.816000000  2626.971012751 13193.716000000   212.768900000    21.315322104    77.940220000    -953120  0.384487325906  0.384487325906  0.144252400000  0.106914062500  0.273782900000 19005.773   191.507     0.873606750     0.979816677  -56.70017
   0  7 0.9797082800000 0.6000000000000 0.0450000000000 0.6000000000000 0.0450000000000 0.9236241372581 0.9236241372581 23036.429500000  2603.066605535 13705.946000000   244.858900000     9.941942202    24.773340000     -21861  0.334812494455  0.334812494455  0.126468600000  0.051412500000  0.306624000000 19422.976   209.672     0.840033000     0.981466168  -57.63996
   0  7 0.9659578800000 0.6000000000000 0.0450000000000 0.6000000000000 0.0450000000000 0.6402312652274 0.6402312652274 23110.477000000  2975.559516396 15441.280000000   224.492500000    13.532853847    59.331857500    -711589  0.599895921741  0.599895921741  0.141358950000  0.094047875000  0.296176800000 21402.255   204.842     0.939873000     0.979833640  -54.88576
   0  8 0.9838169500000 0.6000000000000 0.0450000000000 0.6000000000000 0.0450000000000 0.6725718672515 0.6725718672515 21931.630000000  3055.482541891 15665.232000000   237.811700000     9.136576155    45.126595000     -78388  0.480596492352  0.480596492352  0.115534000000  0.090628500000  0.291904700000 19206.705   214.601     0.870922250     0.981789981  -53.33208
   0 10 0.9870358500000 0.6000000000000 0.0450000000000 0.6000000000000 0.0450000000000 0.6440215541849 0.6440215541849 22406.128000000  2832.777573041 15157.108000000   210.739900000    22.242468585   100.958540000    -536986  0.599829954530  0.599829954530  0.150125650000  0.070894125000  0.390684500000 20837.938   193.388     0.935717500     0.978962942  -56.65248
   0 11 0.9839710200000 0.6000000000000 0.0450000000000 0.6000000000000 0.0450000000000 0.8939731920739 0.8939731920739 22628.972500000  2595.659557431 14149.636000000   221.499000000    15.849943205    69.211922500    -877485  0.520375235996  0.520375235996  0.124616450000  0.088965312500  0.564903400000 18908.135   198.535     0.811151375     0.979825335  -56.92689
   0  6 0.9664504400000 0.6000000000000 0.0450000000000 0.6000000000000 0.0450000000000 0.6274122812436 0.6274122812436 27565.774000000  2547.261631061 13833.654000000   219.531100000    45.672459363   133.143940000    -719880  0.537612798678  0.537612798678  0.121664400000  0.076749375000  0.471713300000 21184.097   193.214     0.770371250     0.975398552  -55.38823
   0  6 0.9562883000000 0.6000000000000 0.0450000000000 0.6000000000000 0.0450000000000 0.7164036090289 0.7164036090289 25321.939000000  2746.083780420 14558.510000000   216.175000000    41.316124127   133.307545000    -422841  0.542866041316  0.542866041316  0.161030850000  0.052814812500  0.439489400000 18525.258   189.466     0.744917875     0.977107953  -56.18210
   0  6 0.9838241700000 0.6000000000000 0.0450000000000 0.6000000000000 0.0450000000000 0.5793196989316 0.5793196989316 21707.435500000  2891.261010211 14695.956000000   223.061600000    15.318675817    64.916202500    -269839  0.447380968717  0.447380968717  0.121382550000  0.057247125000  0.513139600000 19465.960   202.909     0.903989375     0.980784207  -57.94488
   0  6 0.9541560400000 0.6000000000000 0.0450000000000 0.6000000000000 0.0450000000000 0.9411147836959 0.9411147836959 22830.797500000  2992.503347676 15111.738000000   202.408000000    24.966448752    97.220812500    -432103  0.425391903158  0.425391903158  0.151352800000  0.110588125000  0.487408100000 19893.709   181.460     0.871773375     0.977964508  -53.97814
   0  7 0.9877112700000 0.6000000000000 0.0450000000000 0.6000000000000 0.0450000000000 0.8087710271543 0.8087710271543 26254.802500000  2344.206189742 12784.482000000   213.570600000    50.764866862   139.215167500    -965138  0.334283123783  0.334283123783  0.172584100000  0.050515437500  0.454421100000 22330.768   191.418     0.840896000     0.975664980  -57.42692
   0  8 0.9746046900000 0.6000000000000 0.0450000000000 0.6000000000000 0.0450000000000 0.8391452301977 0.8391452301977 23943.751000000  2578.289413627 13901.902000000   209.842600000    27.438204513    99.635562500    -494190  0.450806827330  0.450806827330  0.142248800000  0.060279687500  0.220078700000 20429.286   188.226     0.843710750     0.977576564  -58.82338
   0 10 0.9695401600000 0.6000000000000 0.0450000000000 0.6000000000000 0.0450000000000 0.9245457985745 0.9245457985745 24662.963500000  2396.148658717 13202.214000000   242.802700000    13.906548993    45.279052500    -795082  0.575984287372  0.575984287372  0.123741650000  0.097753750000  0.415606600000 21813.122   216.320     0.869091125     0.980078298  -55.58333
   0  6 0.9755859200000 0.6000000000000 0.0450000000000 0.6000000000000 0.0450000000000 0.7181703770845 0.7181703770845 24277.025500000  2629.423865815 13907.848000000   219.852000000    27.409395638    99.676577500    -409421  0.410379729677  0.410379729677  0.140987850000  0.099398812500  0.297631600000 21107.411   198.624     0.866021875     0.978290106  -57.01212
   0  6 0.9887833100000 0.6000000000000 0.0450000000000 0.6000000000000 0.0450000000000 0.7123641024399 0.7123641024399 20483.579500000  2838.709573269 14063.222000000   230.259100000    23.292215499   106.015442500    -993284  0.335505411083  0.335505411083  0.141471400000  0.053828000000  0.588557500000 18220.460   211.115     0.899943000     0.982377030  -55.15132
   0 11 0.9874793500000 0.6000000000000 0.0450000000000 0.6000000000000 0.0450000000000 0.9851675523815 0.9851675523815 25795.465000000  2121.447381526 12049.366000000   206.853400000    39.460291458   115.445512500    -373227  0.441210176327  0.441210176327  0.145278350000  0.059029125000  0.575851000000 22832.250   186.225     0.867936375     0.975318239  -55.45842
   0  6 0.9751281300000 0.6000000000000 0.0450000000000 0.6000000000000 0.0450000000000 0.6106017966554 0.6106017966554 25329.040000000  2329.444091254 11974.662000000   219.076700000    28.497036914    88.747640000    -238917  0.486037215429  0.486037215429  0.161755500000  0.124567312500  0.436151300000 22394.895   197.638     0.884477000     0.977273836  -52.94985
   0  8 0.9839854500000 0.6000000000000 0.0450000000000 0.6000000000000 0.0450000000000 0.7174810355039 0.7174810355039 23207.353000000  2573.453660934 13837.888000000   209.400500000    12.993423381    40.138267500    -513615  0.449187424290  0.449187424290  0.130184150000  0.075061750000  0.261768900000 20415.391   185.513     0.873251375     0.978114071  -55.58961
   0  7 0.9877450700000 0.6000000000000 0.0450000000000 0.6000000000000 0.0450000000000 0.7333557788383 0.7333557788383 22960.897000000  2600.102784875 13815.760000000   212.366900000    41.499296832   139.344842500    -723853  0.368444709761  0.368444709761  0.145889550000  0.070415937500  0.329372800000 18754.911   190.036     0.815362250     0.978596907  -58.16590
   0  7 0.9844493800000 0.6000000000000 0.0450000000000 0.6000000000000 0.0450000000000 0.7835300308570 0.7835300308570 20727.038500000  2946.147400452 14637.078000000   209.390300000    31.729465257   130.382155000    -386590  0.364780734563  0.364780734563  0.160543400000  0.073138000000  0.518098800000 19334.466   192.376     0.960338750     0.980446646  -55.86713
   0  6 0.9542011100000 0.6000000000000 0.0450000000000 0.6000000000000 0.0450000000000 0.9276768373299 0.9276768373299 28697.978500000  2453.730306236 13065.646000000   222.526400000    17.062444122    41.623810000     -15403  0.431291072039  0.431291072039  0.189026000000  0.097732187500  0.333406400000 24191.237   193.074     0.835442500     0.974805696  -51.62933
   0  8 0.9754976700000 0.6000000000000 0.0450000000000 0.6000000000000 0.0450000000000 0.6316898895521 0.6316898895521 20399.663500000  2548.884682237 12664.628000000   234.045600000    28.962603379   123.727422500    -279151  0.589988153555  0.589988153555  0.111373200000  0.083443125000  0.250147900000 17651.035   214.079     0.870041500     0.982864456  -52.98135
   0 12 0.9828751600000 0.6000000000000 0.0450000000000 0.6000000000000 0.0450000000000 0.9499594942430 0.9499594942430 19955.581000000  2809.250715943 13916.478000000   219.514500000    18.402607406    95.959487500    -296080  0.572702237134  0.572702237134  0.158934100000  0.051425562500  0.314955300000 16535.860   198.326     0.807349000     0.982059671  -55.25692
   0  9 0.9791059100000 0.6000000000000 0.0450000000000 0.6000000000000 0.0450000000000 0.6947605339778 0.6947605339778 26913.413500000  2363.780700410 13446.838000000   215.712300000    43.972008893   130.230412500    -247727  0.569073783719  0.569073783719  0.163942800000  0.054590500000  0.420715800000 20108.307   189.362     0.741712375     0.975428936  -56.52843
   0  7 0.9706429500000 0.6000000000000 0.0450000000000 0.6000000000000 0.0450000000000 0.9244654305335 0.9244654305335 23757.194500000  2281.316017200 11558.102000000   223.839500000    34.419309600   115.056325000    -241522  0.386568941673  0.386568941673  0.108274750000  0.087147187500  0.338971600000 18558.324   199.265     0.789954000     0.979175832  -54.93280
   0  9 0.9720798900000 0.6000000000000 0.0450000000000 0.6000000000000 0.0450000000000 0.9550966847128 0.9550966847128 24099.433000000  2653.486032633 14501.468000000   214.222800000    32.726634766   120.790657500    -657005  0.468056700334  0.468056700334  0.175023400000  0.155000875000  0.509761300000 20383.272   192.660     0.829304625     0.977915386  -52.32563
   0  8 0.9805920400000 0.6000000000000 0.0450000000000 0.6000000000000 0.0450000000000 0.6877612383994 0.6877612383994 21164.533000000  2565.369218905 13091.908000000   208.386500000    34.211251519   125.544400000     -19615  0.497019966579  0.497019966579  0.131080250000  0.111483875000  0.205558300000 18709.679   189.030     0.887124375     0.979982507  -55.78206
   0  7 0.9769091600000 0.6000000000000 0.0450000000000 0.6000000000000 0.0450000000000 0.8766042159429 0.8766042159429 22412.905000000  2773.827100668 14399.542000000   209.479900000    29.294884461   113.462557500     -32579  0.369176644466  0.369176644466  0.146131700000  0.131052062500  0.237330400000 18608.782   187.602     0.828941500     0.978951818  -54.17271
   0  8 0.9739595900000 0.6000000000000 0.0450000000000 0.6000000000000 0.0450000000000 0.9141628637099 0.9141628637099 20547.853000000  2970.656094236 14546.712000000   217.726200000    18.754747949    90.292235000    -867304  0.418280861196  0.418280861196  0.135005350000  0.052257125000  0.326548900000 18880.285   199.557     0.936604500     0.981458755  -57.25561
   0  8 0.9877191700000 0.6000000000000 0.0450000000000 0.6000000000000 0.0450000000000 0.8637594974742 0.8637594974742 19869.194500000  2371.403309215 11724.698000000   204.725700000    28.099789307   103.775510000    -858486  0.349245891939  0.349245891939  0.158479300000  0.075493500000  0.563882900000 17494.521   185.294     0.890273625     0.980787907  -54.34427
   0  6 0.9894011700000 0.6000000000000 0.0450000000000 0.6000000000000 0.0450000000000 0.6083277497384 0.6083277497384 24453.038500000  2536.163578029 13598.048000000   215.628000000    31.000946850   107.431565000    -881038  0.388853380452  0.388853380452  0.135147650000  0.109240250000  0.338550800000 20546.934   193.389     0.835765500     0.977524439  -56.77082
   0  8 0.9806890400000 0.6000000000000 0.0450000000000 0.6000000000000 0.0450000000000 0.5850061772455 0.5850061772455 26845.765000000  2364.968792840 13202.178000000   214.093500000    33.406155838   105.036705000    -237942  0.583346558950  0.583346558950  0.122123050000  0.101579500000  0.364888300000 24077.540   193.710     0.887163375     0.975284709  -53.09092
   0  7 0.9888388300000 0.6000000000000 0.0450000000000 0.6000000000000 0.0450000000000 0.7854111697998 0.7854111697998 25953.685000000  2356.296365966 12851.100000000   215.176200000    27.057352014    86.243872500    -995059  0.337575978013  0.337575978013  0.116004300000  0.071586312500  0.329776400000 19230.756   188.138     0.749834250     0.976104725  -55.24108
 
  COND2           1     1129318  2.056757492465856E+045  1.358352096309317E+043
  6.604337659082905E-003         100
   1129318  21019597    898946         0     29850         0         0         0         0         0   1911467     18132         0   8792690   1129318
 PARAMETER FILE GB04A.PAR   
