  Aa Am            MSYL            MSYR           MORTJ           MORTA             K1+           PInit      ISEED   PTarget           CVADD              AR        PREG-MAX           GAMMA              P0   SSTILDA     LIKEL
   0  8 0.9715048100000 0.6000000000000 0.0450000000000 0.6000000000000 0.0200000000000 0.8023582616670 0.3479581853825 24386.240500000  2572.495032204 13929.838000000   274.379600000    94.693718470   118.851350000    -946314  0.496294790431  0.496294790431  0.123077750000  0.052588875000  0.354919900000 21039.527   202.403     0.852751625     0.982556074  -59.19086
   0  7 0.9757953000000 0.6000000000000 0.0450000000000 0.6000000000000 0.0200000000000 0.8885542922093 0.3949577217208 24217.099000000  2340.326402341 12167.312000000   456.443000000    45.972176789    69.668905000    -409393  0.370783892352  0.370783892352  0.141240850000  0.087488750000  0.380972700000 18361.014   218.237     0.768418875     0.989567955  -54.26021
   0 11 0.9890402600000 0.6000000000000 0.0450000000000 0.6000000000000 0.0200000000000 0.9289661578030 0.2725828164279 23282.143000000  2618.173881138 14614.570000000   290.615200000    64.490343349    93.926905000    -865470  0.453863414415  0.453863414415  0.135019000000  0.066881375000  0.254045400000 20622.956   201.916     0.863489125     0.984126437  -57.38997
   0  8 0.9781893500000 0.6000000000000 0.0450000000000 0.6000000000000 0.0200000000000 0.6699152211799 0.2746205613916 25446.152500000  2165.514692830 11327.434000000   295.656800000   102.040443656   121.248030000    -505010  0.531640185858  0.531640185858  0.165709200000  0.145967375000  0.583499100000 19442.525   204.252     0.770826250     0.983058060  -51.14654
   0 10 0.9849317000000 0.6000000000000 0.0450000000000 0.6000000000000 0.0200000000000 0.9716556277184 0.3246257264514 24894.448000000  2338.812881850 13182.036000000   326.327500000    74.258661401   103.633972500    -881414  0.413708724487  0.413708724487  0.120216350000  0.115144437500  0.247464300000 20756.182   220.580     0.812996000     0.984926301  -54.31304
   0  9 0.9888062900000 0.6000000000000 0.0450000000000 0.6000000000000 0.0200000000000 0.9468168704851 0.3234283493464 21838.601500000  2583.459739441 13692.814000000   250.106400000    99.448264990   122.882065000    -604467  0.350096039242  0.350096039242  0.146874250000  0.050646062500  0.531255500000 19153.820   189.477     0.869887500     0.982701949  -57.67087
   0  8 0.9897794000000 0.6000000000000 0.0450000000000 0.6000000000000 0.0200000000000 0.5090605758329 0.1834567273848 20930.483500000  2579.586294888 13248.942000000   278.368900000    84.106019878   118.284972500    -814473  0.570997485180  0.570997485180  0.120929850000  0.052577187500  0.314942300000 18155.510   205.986     0.867602500     0.985093993  -58.24569
   0  8 0.9822842600000 0.6000000000000 0.0450000000000 0.6000000000000 0.0200000000000 0.6155142322100 0.2423751746289 21350.914000000  2487.467899041 12751.188000000   266.104700000    98.010644814   125.870277500    -579703  0.539361960022  0.539361960022  0.162665750000  0.080483687500  0.329473800000 18462.664   199.402     0.865095375     0.984171333  -56.71595
   0  6 0.9802791100000 0.6000000000000 0.0450000000000 0.6000000000000 0.0200000000000 0.7155368069816 0.3233350859637 18493.234000000  2770.392570677 12810.366000000   261.994300000    96.946724685   135.826392500    -250178  0.383144610259  0.383144610259  0.190394350000  0.056763250000  0.489485100000 15502.179   200.393     0.856703000     0.986090279  -53.02703
   0  8 0.9681111900000 0.6000000000000 0.0450000000000 0.6000000000000 0.0200000000000 0.7932428876722 0.3526962259978 23665.732000000  2476.341220707 13080.854000000   264.579900000   123.127472495   139.876802500    -633382  0.530552406478  0.530552406478  0.136814500000  0.072363000000  0.397833200000 21094.828   203.978     0.889864875     0.982465912  -57.89306
   0  8 0.9668697800000 0.6000000000000 0.0450000000000 0.6000000000000 0.0200000000000 0.9175610497091 0.4114968062691 24042.989500000  2414.622529218 12742.130000000   319.563700000    84.947249508   117.177892500    -345965  0.467948377873  0.467948377873  0.195419250000  0.116018125000  0.427417400000 16838.393   217.204     0.719609875     0.985257371  -49.81731
   0  8 0.9849053900000 0.6000000000000 0.0450000000000 0.6000000000000 0.0200000000000 0.5997219869979 0.2295136305995 26366.893000000  2617.014285426 14984.834000000   294.761700000    72.149446932    97.034230000    -226476  0.528775237821  0.528775237821  0.162010250000  0.055760187500  0.460911100000 22108.888   205.574     0.821265875     0.982325312  -56.10122
   0  8 0.9890897500000 0.6000000000000 0.0450000000000 0.6000000000000 0.0200000000000 0.7036470513556 0.2559070405978 24112.636000000  2876.001738613 15878.746000000   314.886100000    48.156300970    77.998687500    -195419  0.418280642506  0.418280642506  0.140078750000  0.088285687500  0.335567500000 21525.369   207.748     0.882349125     0.984826827  -54.35151
   0  8 0.9797050900000 0.6000000000000 0.0450000000000 0.6000000000000 0.0200000000000 0.9545049938073 0.3857228170322 23605.468000000  2424.361713856 12930.358000000   338.881500000    60.705636093    88.208335000    -482928  0.363613611202  0.363613611202  0.120810050000  0.081458937500  0.240317800000 20287.337   214.200     0.852691875     0.986277603  -57.09213
   0  8 0.9832541300000 0.6000000000000 0.0450000000000 0.6000000000000 0.0200000000000 0.9495423401760 0.3700826812108 24729.788500000  2571.426531435 14235.818000000   308.202400000    70.416039863    99.486745000    -347489  0.343776216441  0.343776216441  0.134963400000  0.054505687500  0.294291500000 20512.650   211.829     0.817710250     0.984161623  -57.87592
   0  6 0.9623378800000 0.6000000000000 0.0450000000000 0.6000000000000 0.0200000000000 0.7479461073467 0.3863298100207 23430.400000000  2312.535940668 11339.202000000   270.118900000   111.464670511   127.787777500    -216920  0.478150587355  0.478150587355  0.117876050000  0.056193125000  0.470665400000 19789.040   196.541     0.850497375     0.983025290  -56.48174
   0  6 0.9834053600000 0.6000000000000 0.0450000000000 0.6000000000000 0.0200000000000 0.4729952783431 0.2071808696406 24337.154500000  2670.365335375 14325.544000000   467.521700000    38.099180523    65.109090000    -478267  0.551636640112  0.551636640112  0.182996500000  0.074652812500  0.384501200000 19478.448   230.404     0.800706375     0.989723780  -52.83803
   0  7 0.9838474100000 0.6000000000000 0.0450000000000 0.6000000000000 0.0200000000000 0.4901798789907 0.2017715708996 25595.341000000  2560.626193741 14162.306000000   344.581600000    53.059406579    77.614830000    -967661  0.589022964887  0.589022964887  0.141938450000  0.118860875000  0.430974400000 21074.031   210.867     0.814525625     0.985332721  -54.49567
   0  6 0.9671523300000 0.6000000000000 0.0450000000000 0.6000000000000 0.0200000000000 0.8143145495081 0.4082069396048 21729.103000000  2513.492027765 12419.018000000   493.409700000    41.120701365    67.798985000    -118941  0.410049571285  0.410049571285  0.128366400000  0.061583250000  0.210342400000 16968.965   219.351     0.794773000     0.991369871  -54.21401
   0  6 0.9808630300000 0.6000000000000 0.0450000000000 0.6000000000000 0.0200000000000 0.8209077782871 0.3688823758143 21708.124000000  3203.735234268 15919.314000000   263.997600000    78.845090086   118.140737500    -884916  0.330919601289  0.330919601289  0.139474100000  0.071257625000  0.408169000000 19856.697   203.145     0.927947250     0.983790974  -55.17515
   0  7 0.9772569800000 0.6000000000000 0.0450000000000 0.6000000000000 0.0200000000000 0.6095383946834 0.2675403763878 22379.006500000  2455.264561809 12581.550000000   377.501700000    48.939164026    74.436330000    -107331  0.527960203681  0.527960203681  0.153998950000  0.059330875000  0.528868000000 18555.968   208.160     0.831023500     0.988335857  -55.79585
   0  6 0.9830137100000 0.6000000000000 0.0450000000000 0.6000000000000 0.0200000000000 0.5062671454586 0.2226597134161 21436.004500000  2520.024751857 12636.310000000   395.537700000    51.017103423    82.413877500    -793134  0.518617852027  0.518617852027  0.117779350000  0.083830937500  0.358127900000 18120.101   225.487     0.851437000     0.989304021  -55.06809
   0  6 0.9875081900000 0.6000000000000 0.0450000000000 0.6000000000000 0.0200000000000 0.4566318464784 0.1910213270356 20277.893500000  2725.382761230 13443.812000000   261.325300000    96.091030950   129.721397500    -571012  0.534576470602  0.534576470602  0.161612850000  0.058155125000  0.331216100000 18871.996   204.348     0.960979625     0.984641621  -56.44523
   0  6 0.9567495800000 0.6000000000000 0.0450000000000 0.6000000000000 0.0200000000000 0.6488092814327 0.3455834763457 24240.805000000  2566.005423234 13176.230000000   271.694600000   108.091568892   128.654000000    -114986  0.595655018881  0.595655018881  0.177042150000  0.051383375000  0.545770400000 16976.948   194.429     0.726651875     0.982561972  -55.67722
   0  6 0.9793420600000 0.6000000000000 0.0450000000000 0.6000000000000 0.0200000000000 0.5583885683125 0.2545442046122 25681.660000000  2646.086273816 14411.186000000   318.653500000    73.191653290   103.564227500    -110588  0.498206010959  0.498206010959  0.113073050000  0.110804437500  0.486515100000 21095.549   220.738     0.815762875     0.984125963  -53.17464
   0  7 0.9681850600000 0.6000000000000 0.0450000000000 0.6000000000000 0.0200000000000 0.7112985009774 0.3350804628393 23536.672000000  2547.016523735 13299.040000000   267.071200000   111.133887102   132.561865000    -844822  0.521886160052  0.521886160052  0.129411800000  0.112168062500  0.579239900000 19856.285   201.058     0.840720250     0.982723775  -56.57758
   0  6 0.9667093900000 0.6000000000000 0.0450000000000 0.6000000000000 0.0200000000000 0.8977042927990 0.4513181964215 26314.027000000  2254.587328950 11358.140000000   258.351200000   169.084270917   149.773345000    -877896  0.374343404574  0.374343404574  0.186691200000  0.078399312500  0.494544300000 21315.945   192.465     0.814243625     0.980042843  -53.93858
   0  7 0.9819639200000 0.6000000000000 0.0450000000000 0.6000000000000 0.0200000000000 0.9374017139740 0.3935351655172 22217.857000000  2461.725234982 12662.456000000   254.008200000   138.788665271   149.767007500    -992511  0.317849347924  0.317849347924  0.134729700000  0.051971625000  0.376371000000 20411.600   202.121     0.933100375     0.982747366  -58.12743
   0  9 0.9864294800000 0.6000000000000 0.0450000000000 0.6000000000000 0.0200000000000 0.7415649386520 0.2610674007845 26351.071000000  2394.287219193 13716.006000000   258.876800000   141.188885135   141.420585000    -930249  0.467093780770  0.467093780770  0.123442900000  0.091989625000  0.592389000000 23649.458   201.574     0.882305250     0.979867639  -54.56363
   0  9 0.9853593100000 0.6000000000000 0.0450000000000 0.6000000000000 0.0200000000000 0.8036516563992 0.2865734957945 22802.393500000  2363.427318013 12631.166000000   260.895900000   133.028734621   147.018547500    -107488  0.439551053117  0.439551053117  0.155290500000  0.070476812500  0.276196500000 18844.887   200.188     0.817997500     0.982725655  -57.87662
   0  9 0.9713009700000 0.6000000000000 0.0450000000000 0.6000000000000 0.0200000000000 0.8365231551854 0.3413798201835 26353.663000000  2449.579741811 13795.432000000   306.606200000    74.761056016    98.120087500    -732253  0.541607806477  0.541607806477  0.138403100000  0.051223625000  0.248086000000 21763.897   206.451     0.807523500     0.983131470  -57.70684
   0  7 0.9865951800000 0.6000000000000 0.0450000000000 0.6000000000000 0.0200000000000 0.9068014575516 0.3618788081702 24475.070500000  2522.266585120 13700.054000000   278.521600000   118.339229302   142.070162500    -568462  0.303912950773  0.303912950773  0.155373750000  0.107604875000  0.426954000000 20649.990   214.638     0.836189625     0.982617901  -54.29495
   0  6 0.9661086800000 0.6000000000000 0.0450000000000 0.6000000000000 0.0200000000000 0.6011079207175 0.3033824516832 25355.932000000  2668.985557179 14245.066000000   322.164900000    56.172074483    80.103517500    -564401  0.563901856438  0.563901856438  0.127078150000  0.089417687500  0.424950100000 21509.282   203.180     0.842142125     0.984581509  -55.67199
   0  7 0.9745368800000 0.6000000000000 0.0450000000000 0.6000000000000 0.0200000000000 0.9494721488514 0.4264689798094 25321.439500000  2497.564997889 13489.414000000   314.983800000    64.444368550    87.779367500    -656472  0.354029356775  0.354029356775  0.103565500000  0.066191000000  0.571769500000 20343.963   201.812     0.799622750     0.984202404  -56.03298
   0  6 0.9857400800000 0.6000000000000 0.0450000000000 0.6000000000000 0.0200000000000 0.7332660835225 0.3131304453235 23241.251500000  2680.722112945 14138.194000000   333.300900000    54.145560994    83.528042500    -866744  0.342681354432  0.342681354432  0.136000100000  0.125721625000  0.567888200000 19665.329   211.856     0.844279875     0.986214663  -55.11843
   0  7 0.9661858600000 0.6000000000000 0.0450000000000 0.6000000000000 0.0200000000000 0.8472432070369 0.4045252477237 25670.914000000  2405.202475906 12745.706000000   318.655000000    80.562488389   106.531510000    -308708  0.451750547962  0.451750547962  0.115466450000  0.074751062500  0.578287900000 22931.224   220.606     0.891634500     0.984217658  -53.20006
   0  6 0.9851729200000 0.6000000000000 0.0450000000000 0.6000000000000 0.0200000000000 0.6961988509256 0.2991956135057 22405.723000000  2519.426872731 12924.420000000   274.908700000    84.715628083   111.234357500    -194653  0.364265469143  0.364265469143  0.228230800000  0.051118750000  0.402877500000 20352.391   202.082     0.918212750     0.983893265  -54.30696
   0  7 0.9700917400000 0.6000000000000 0.0450000000000 0.6000000000000 0.0200000000000 0.8449792430103 0.3927272194088 24099.203500000  2525.315684943 13327.580000000   324.696700000    80.545284934   114.903770000    -136242  0.426571952478  0.426571952478  0.115229650000  0.078385250000  0.313914900000 19602.642   226.910     0.811317000     0.985440521  -53.50746
   0  6 0.9658927500000 0.6000000000000 0.0450000000000 0.6000000000000 0.0200000000000 0.8191034119064 0.4139782693069 24815.689000000  2520.516861890 13135.044000000   268.443100000   128.272679186   142.015595000    -564458  0.415109879489  0.415109879489  0.165230450000  0.052547062500  0.572810500000 19987.812   202.414     0.806453625     0.981891357  -58.28040
   0  8 0.9892293600000 0.6000000000000 0.0450000000000 0.6000000000000 0.0200000000000 0.8358235176552 0.3034222509084 20618.498500000  2407.056539708 12186.948000000   270.046400000   101.935682964   132.011575000    -613786  0.351247251120  0.351247251120  0.135555500000  0.066243062500  0.498083800000 15481.983   199.149     0.767054250     0.984869701  -53.68207
   0 11 0.9722105900000 0.6000000000000 0.0450000000000 0.6000000000000 0.0200000000000 0.9708179053728 0.3426148169388 26287.013500000  2428.964193057 14058.696000000   358.055800000    58.715418467    85.747922500    -782928  0.598438436885  0.598438436885  0.116143450000  0.077251187500  0.583297900000 22037.389   221.619     0.805936875     0.985586758  -54.88403
   0  7 0.9793348900000 0.6000000000000 0.0450000000000 0.6000000000000 0.0200000000000 0.8268673814535 0.3561439722897 22691.518000000  2478.133331499 12841.138000000   279.207500000    95.541713969   123.412530000    -261558  0.376281835145  0.376281835145  0.130269500000  0.057584562500  0.514226900000 19813.917   207.558     0.873506250     0.983992708  -58.86677
   0  8 0.9638592400000 0.6000000000000 0.0450000000000 0.6000000000000 0.0200000000000 0.9431126538102 0.4314189970823 23798.153500000  2918.206529952 15506.590000000   253.102100000   104.462547718   128.143750000      -9757  0.477718602604  0.477718602604  0.208332250000  0.109537250000  0.596492600000 20355.856   192.841     0.844454125     0.981592185  -51.96483
   0  8 0.9768053900000 0.6000000000000 0.0450000000000 0.6000000000000 0.0200000000000 0.8958418670837 0.3718657077594 25512.572500000  2123.403231848 10958.226000000   430.088600000    55.482410370    77.914155000    -212245  0.406980591013  0.406980591013  0.184953450000  0.112333250000  0.476957700000 20115.879   218.463     0.792963250     0.988330997  -50.67009
   0  6 0.9692349300000 0.6000000000000 0.0450000000000 0.6000000000000 0.0200000000000 0.6539545238916 0.3232298417862 25405.666000000  2640.373214723 14124.360000000   266.251500000   117.857474179   134.197460000    -264331  0.495383008441  0.495383008441  0.133993850000  0.070266000000  0.505651600000 22810.718   205.719     0.895902125     0.981287738  -56.47944
   0 12 0.9879479900000 0.6000000000000 0.0450000000000 0.6000000000000 0.0200000000000 0.9636292859839 0.2639356333050 23698.996000000  2445.256394274 13903.526000000   257.572200000   126.602322473   141.161397500     -30026  0.510910917503  0.510910917503  0.111932350000  0.064185687500  0.218164200000 19974.838   197.176     0.811087500     0.981783442  -58.19452
   0  9 0.9708075600000 0.6000000000000 0.0450000000000 0.6000000000000 0.0200000000000 0.7957632491807 0.3259960585642 25171.549000000  2713.363274416 15144.958000000   274.932900000    65.591716478    88.160755000     -79433  0.574188392846  0.574188392846  0.124483300000  0.190851000000  0.493989400000 21578.139   188.116     0.837344500     0.982035332  -49.97115
   0  6 0.9646393100000 0.6000000000000 0.0450000000000 0.6000000000000 0.0200000000000 0.9411913499937 0.4794483357098 22102.567000000  2928.529826916 14706.706000000   227.875500000   107.603462819   122.839425000    -984556  0.367794391591  0.367794391591  0.155498900000  0.094887875000  0.539572300000 19072.717   172.689     0.865182625     0.981006910  -50.40501
   0  9 0.9874070300000 0.6000000000000 0.0450000000000 0.6000000000000 0.0200000000000 0.7001708540312 0.2435285078676 23779.240000000  2549.573827603 14103.342000000   270.200800000    79.785826031   104.059267500    -300727  0.485872407554  0.485872407554  0.137716000000  0.134237187500  0.586065800000 20931.023   195.146     0.866723125     0.982582518  -54.49268
   0  8 0.9677025900000 0.6000000000000 0.0450000000000 0.6000000000000 0.0200000000000 0.7742241036662 0.3452264462677 26683.670500000  2576.126578233 14442.948000000   318.453800000    61.190153596    84.120322500    -925703  0.547187318572  0.547187318572  0.135943200000  0.050428187500  0.230849400000 23546.228   208.511     0.868980375     0.983576709  -55.54200
   0  7 0.9842930300000 0.6000000000000 0.0450000000000 0.6000000000000 0.0200000000000 0.8559973570287 0.3506523832722 24768.979000000  2490.511907694 13506.874000000   372.819100000    54.364422598    82.232852500    -379152  0.334780083478  0.334780083478  0.116299950000  0.079717562500  0.201664500000 20779.937   224.712     0.831614375     0.986877738  -55.60842
   0  6 0.9898039500000 0.6000000000000 0.0450000000000 0.6000000000000 0.0200000000000 0.4282807623146 0.1740874767518 23201.764000000  2359.532800977 12106.030000000   294.393200000    80.463045165   105.569932500    -771520  0.548610425049  0.548610425049  0.139577100000  0.120256000000  0.225500500000 18483.028   201.609     0.803550375     0.984375582  -54.87239
   0 11 0.9877033500000 0.6000000000000 0.0450000000000 0.6000000000000 0.0200000000000 0.7410323692428 0.2214722828325 21724.283500000  2234.470946996 11886.946000000   408.830900000    49.880192127    77.334160000    -958945  0.584015123010  0.584015123010  0.172867950000  0.089031375000  0.576489700000 18008.505   217.681     0.815586625     0.989481258  -53.34805
   0  9 0.9703328300000 0.6000000000000 0.0450000000000 0.6000000000000 0.0200000000000 0.8580503832950 0.3527985245209 23723.296000000  2443.287081515 13106.390000000   262.538300000   109.009796528   127.003260000    -691667  0.536852438965  0.536852438965  0.115738700000  0.058265312500  0.219019500000 20444.060   195.593     0.850562500     0.982272736  -58.88027
   0 10 0.9858605200000 0.6000000000000 0.0450000000000 0.6000000000000 0.0200000000000 0.8729024145574 0.2883767970793 24407.705500000  2387.999174698 13411.834000000   255.978400000   146.693572364   148.977322500    -840462  0.452515233504  0.452515233504  0.113275950000  0.074004062500  0.449220300000 22128.454   201.979     0.895824750     0.981148246  -56.91137
   0  6 0.9757493300000 0.6000000000000 0.0450000000000 0.6000000000000 0.0200000000000 0.6333641697997 0.2979392992648 23021.593000000  2484.718402575 12682.138000000   273.509400000   128.216557165   149.795900000    -120251  0.464175138533  0.464175138533  0.117794500000  0.069283625000  0.543893100000 19635.508   212.261     0.854579250     0.983450384  -57.02988
   0 12 0.9829221300000 0.6000000000000 0.0450000000000 0.6000000000000 0.0200000000000 0.9333017072125 0.2729121506695 21718.235500000  2486.633341680 13320.438000000   296.366200000    71.302011731   103.559385000    -380578  0.582388122439  0.582388122439  0.179393150000  0.075714437500  0.422044900000 18879.321   205.397     0.847098000     0.985537710  -55.87892
   0  7 0.9839626500000 0.6000000000000 0.0450000000000 0.6000000000000 0.0200000000000 0.6827770319769 0.2807005027438 21668.258500000  2411.061187840 12235.736000000   262.614200000   115.432554128   137.746882500    -502714  0.422053747413  0.422053747413  0.123163250000  0.060411437500  0.317393800000 18001.692   199.177     0.834879500     0.983706407  -58.37145
   0  6 0.9801530400000 0.6000000000000 0.0450000000000 0.6000000000000 0.0200000000000 0.5483561390815 0.2480858191224 24719.069500000  2908.473472009 15754.320000000   321.987600000    49.150230283    78.123227500    -163764  0.500943510031  0.500943510031  0.225770100000  0.082906812500  0.235373400000 22769.094   213.001     0.926088375     0.984872711  -50.26631
   0  6 0.9877275500000 0.6000000000000 0.0450000000000 0.6000000000000 0.0200000000000 0.6953353373481 0.2901090235586 20918.765500000  2448.165687730 12141.938000000   324.589900000    67.775137584   101.074402500    -577786  0.349791940487  0.349791940487  0.146096450000  0.124695875000  0.508656100000 18449.895   218.550     0.891948625     0.987242360  -53.36546
   0  9 0.9848997900000 0.6000000000000 0.0450000000000 0.6000000000000 0.0200000000000 0.6911617565168 0.2477870390120 21357.502000000  2539.716555802 13221.034000000   490.905900000    37.314432804    64.911685000    -662448  0.515398857426  0.515398857426  0.121407800000  0.148039937500  0.467054800000 18293.404   225.960     0.850436000     0.991403641  -52.82874
   0  7 0.9740867100000 0.6000000000000 0.0450000000000 0.6000000000000 0.0200000000000 0.8055367603689 0.3631415579011 23524.805500000  2372.958696802 12237.018000000   278.643500000   103.455956460   126.248285000    -476815  0.420280820377  0.420280820377  0.110040550000  0.095476375000  0.576400800000 17820.370   199.988     0.769078250     0.983412392  -54.37085
   0  9 0.9688228700000 0.6000000000000 0.0450000000000 0.6000000000000 0.0200000000000 0.9469240310617 0.3937733586463 25175.761000000  2414.218881572 13239.882000000   272.442700000   102.897789640   120.764625000    -546743  0.499154175288  0.499154175288  0.119890950000  0.060585000000  0.430909100000 21784.641   199.538     0.851124375     0.981881060  -58.20179
   0  9 0.9778045300000 0.6000000000000 0.0450000000000 0.6000000000000 0.0200000000000 0.8844272583450 0.3413834868482 21374.795500000  2331.624578328 11905.890000000   308.111400000    80.637878003   113.904557500    -296070  0.457451733520  0.457451733520  0.177910300000  0.052136812500  0.431534300000 19248.666   218.187     0.907666750     0.986346608  -54.48163
   0  6 0.9555265900000 0.6000000000000 0.0450000000000 0.6000000000000 0.0200000000000 0.9186715722420 0.4923796917854 23491.096000000  2867.678940212 14738.088000000   279.102300000    92.828290654   124.892807500     -35994  0.427759024416  0.427759024416  0.141323250000  0.094179125000  0.471030300000 19277.240   206.902     0.820322125     0.983553553  -55.77442
   0  7 0.9643302100000 0.6000000000000 0.0450000000000 0.6000000000000 0.0200000000000 0.6891895068442 0.3330008420868 22880.477500000  2677.445013135 13831.626000000   318.595900000    58.091483276    86.961505000    -610793  0.571187050174  0.571187050174  0.137826950000  0.056530687500  0.485092800000 17787.542   200.500     0.783014375     0.985938325  -56.12600
   0  7 0.9739613000000 0.6000000000000 0.0450000000000 0.6000000000000 0.0200000000000 0.5987331636398 0.2701855101940 26761.592500000  2594.547574565 14454.410000000   273.892200000    95.901003716   114.146552500    -896558  0.566571627700  0.566571627700  0.156717100000  0.082343562500  0.418730400000 20260.247   194.823     0.757950250     0.980803779  -54.73136
   0  8 0.9704264000000 0.6000000000000 0.0450000000000 0.6000000000000 0.0200000000000 0.6900689339232 0.3017155609328 25427.617000000  2505.256487518 13729.758000000   295.462500000    82.993525312   108.108670000    -922177  0.587341677543  0.587341677543  0.181106250000  0.075366375000  0.522846800000 22200.276   210.042     0.862224875     0.983115911  -55.39207
   0 11 0.9840727900000 0.6000000000000 0.0450000000000 0.6000000000000 0.0200000000000 0.9096482736767 0.2846854186010 25751.617000000  2271.176530370 13097.252000000   362.589500000    61.591229873    88.410550000    -884962  0.510407537512  0.510407537512  0.141332050000  0.093203062500  0.574606300000 20105.454   219.930     0.758744125     0.985974141  -54.26526
   0  8 0.9780629200000 0.6000000000000 0.0450000000000 0.6000000000000 0.0200000000000 0.7334833353381 0.3010298915084 23308.103500000  2549.177101619 13611.932000000   254.178600000    92.347273827   111.871812500    -437512  0.486607969056  0.486607969056  0.135938650000  0.056585812500  0.400544100000 20347.358   186.550     0.866587875     0.981950316  -56.31915
   0  8 0.9712567000000 0.6000000000000 0.0450000000000 0.6000000000000 0.0200000000000 0.7352943296261 0.3194807975305 24705.232000000  2573.011682486 14011.596000000   378.168600000    45.011009272    69.137920000    -126670  0.543771023243  0.543771023243  0.138233000000  0.080561500000  0.557489300000 18438.661   205.345     0.749428000     0.987179254  -53.72876
   0 10 0.9774992500000 0.6000000000000 0.0450000000000 0.6000000000000 0.0200000000000 0.8164641419067 0.2952681533723 22561.499500000  2510.061759201 13443.330000000   377.106400000    49.081527552    78.453557500    -696699  0.565096381200  0.565096381200  0.146570550000  0.074510812500  0.368677100000 17290.026   212.980     0.757553375     0.988227037  -54.28631
   0  7 0.9737080900000 0.6000000000000 0.0450000000000 0.6000000000000 0.0200000000000 0.8818244888194 0.3987411029011 22644.092500000  2403.963873664 12252.028000000   297.168600000    88.636912210   118.747187500    -210777  0.386230904081  0.386230904081  0.162307850000  0.130004187500  0.335752900000 18199.117   210.434     0.808669500     0.985031132  -53.42924
   0  7 0.9515600100000 0.6000000000000 0.0450000000000 0.6000000000000 0.0200000000000 0.8122673836373 0.4206893403981 25133.749000000  2448.499304867 12727.886000000   318.898700000    72.394023517    96.669580000     -78331  0.584429235933  0.584429235933  0.149752400000  0.054336125000  0.497774000000 21332.403   208.407     0.845444500     0.984609183  -57.51216
   0  6 0.9811476100000 0.6000000000000 0.0450000000000 0.6000000000000 0.0200000000000 0.5694701237481 0.2551911088642 22272.032500000  2464.727515879 12471.304000000   265.945300000   103.052091984   126.564900000    -608890  0.474899310391  0.474899310391  0.152328150000  0.063100875000  0.502147300000 20417.279   202.760     0.932290750     0.983489128  -57.08144
   0  7 0.9734934900000 0.6000000000000 0.0450000000000 0.6000000000000 0.0200000000000 0.9352196066383 0.4236074521862 22887.794500000  2544.773296664 13207.032000000   365.501000000    50.303547718    77.409722500    -324949  0.365417425562  0.365417425562  0.143814800000  0.056073187500  0.452354500000 19942.465   213.680     0.870751375     0.987699769  -57.24079
   0  6 0.9707432100000 0.6000000000000 0.0450000000000 0.6000000000000 0.0200000000000 0.7984720909403 0.3904612576975 23379.032500000  2432.488879517 12321.370000000   268.800800000   112.480386202   131.839650000    -142948  0.396839038939  0.396839038939  0.119853550000  0.081002562500  0.274528500000 20010.226   201.256     0.857883000     0.982934403  -57.68503
   0 10 0.9803214400000 0.6000000000000 0.0450000000000 0.6000000000000 0.0200000000000 0.8552677904224 0.3007468741476 24805.928500000  2443.927902237 13763.040000000   260.884700000   113.607070275   128.516590000    -842884  0.512197276612  0.512197276612  0.143894700000  0.061052500000  0.488017400000 21317.750   195.961     0.837181500     0.981262393  -58.49555
   0  6 0.9568157600000 0.6000000000000 0.0450000000000 0.6000000000000 0.0200000000000 0.8179187478738 0.4355095391881 20451.449500000  3317.507728478 15328.526000000   242.701100000    85.925527249   121.098367500    -263801  0.472072055634  0.472072055634  0.201566850000  0.071848562500  0.592542000000 17868.314   184.104     0.882711625     0.983530165  -51.33267
   0  7 0.9503718600000 0.6000000000000 0.0450000000000 0.6000000000000 0.0200000000000 0.8126882384576 0.4232437163850 23614.837000000  2454.803559865 12449.570000000   268.797500000   126.712819497   142.482425000    -791763  0.594092432168  0.594092432168  0.101527350000  0.051485937500  0.221854900000 19980.717   203.064     0.846634250     0.982846705  -58.38455
   0  9 0.9844098300000 0.6000000000000 0.0450000000000 0.6000000000000 0.0200000000000 0.9690365651756 0.3493707699320 21989.774500000  2788.953336210 14666.812000000   250.333700000   113.993253418   138.768942500     -77940  0.370903820957  0.370903820957  0.113213250000  0.092873500000  0.296657800000 18484.843   193.726     0.829687375     0.982648723  -55.04422
   0  8 0.9629161900000 0.6000000000000 0.0450000000000 0.6000000000000 0.0200000000000 0.8996382511214 0.4139746383308 25071.581500000  2753.082289554 15044.450000000   309.621300000    68.326686563    99.177345000    -219639  0.508348549424  0.508348549424  0.251919400000  0.055522187500  0.452853800000 19420.229   209.202     0.769202875     0.984151274  -51.70440
   0  6 0.9850561800000 0.6000000000000 0.0450000000000 0.6000000000000 0.0200000000000 0.5499581139504 0.2366534246454 24928.076500000  2461.119107711 13083.192000000   277.257700000   108.454412116   129.026125000    -939035  0.462000888047  0.462000888047  0.139064400000  0.059694312500  0.351131700000 18431.104   201.945     0.753612000     0.982233161  -56.95291
   0  6 0.9765222500000 0.6000000000000 0.0450000000000 0.6000000000000 0.0200000000000 0.8715390760768 0.4073282318576 23700.683500000  2679.428780316 14087.556000000   314.211800000    67.638566740    99.276340000    -122909  0.333375976060  0.333375976060  0.128463900000  0.057246000000  0.340676800000 18467.419   211.336     0.785484250     0.985163960  -56.84854
   0  8 0.9856708600000 0.6000000000000 0.0450000000000 0.6000000000000 0.0200000000000 0.7947943505676 0.3015040168254 24818.618500000  2683.684808634 14995.062000000   305.424600000    71.216736733   103.047282500    -319307  0.393640015853  0.393640015853  0.135326100000  0.053510687500  0.325411600000 21470.227   217.216     0.850896000     0.983936189  -56.23879
   0 11 0.9786626400000 0.6000000000000 0.0450000000000 0.6000000000000 0.0200000000000 0.9725831859309 0.3231440524471 21823.873000000  2565.851078839 13598.414000000   253.991600000   109.838839662   132.944065000    -971814  0.529296141201  0.529296141201  0.119041050000  0.093692500000  0.323375600000 18303.278   191.702     0.817631875     0.983082179  -55.56236
   0  8 0.9878908100000 0.6000000000000 0.0450000000000 0.6000000000000 0.0200000000000 0.7443136224375 0.2748838842665 21940.364500000  2525.099719454 13249.420000000   340.410400000    57.988392361    90.181897500    -511159  0.404047926915  0.404047926915  0.132643050000  0.078168875000  0.513259200000 18843.904   218.148     0.855237125     0.987239749  -56.75311
   0  7 0.9797171000000 0.6000000000000 0.0450000000000 0.6000000000000 0.0200000000000 0.8421207785680 0.3614102091580 24435.772000000  2494.691731183 13373.032000000   300.824400000    85.469387753   114.570450000    -155245  0.367163776385  0.367163776385  0.142055750000  0.074482500000  0.345695500000 18560.636   211.047     0.765951875     0.983997753  -55.90099
   0  9 0.9734341800000 0.6000000000000 0.0450000000000 0.6000000000000 0.0200000000000 0.9017486179045 0.3617248303829 21148.292500000  2902.555135998 14600.096000000   322.093900000    45.947474009    77.805897500    -289570  0.484286245951  0.484286245951  0.163380200000  0.065988812500  0.483012900000 19803.040   205.424     0.962565625     0.987103259  -53.44305
   0  6 0.9758377700000 0.6000000000000 0.0450000000000 0.6000000000000 0.0200000000000 0.9549487933385 0.4488851616519 25653.620500000  2437.521779471 12866.574000000   276.412600000   115.032392372   131.325012500    -977353  0.307447778354  0.307447778354  0.202049450000  0.061722500000  0.401918700000 19596.447   201.703     0.771558000     0.981751250  -55.58402
   0  6 0.9866164500000 0.6000000000000 0.0450000000000 0.6000000000000 0.0200000000000 0.7982809262625 0.3374831820939 22139.719000000  2979.973912565 15313.470000000   247.434500000    86.558268785   115.726280000    -643109  0.310301400614  0.310301400614  0.165006150000  0.074436500000  0.569209900000 20340.981   190.598     0.931233625     0.982300739  -54.53848
   0  8 0.9780821900000 0.6000000000000 0.0450000000000 0.6000000000000 0.0200000000000 0.7171951061257 0.2942928161552 26500.988500000  2521.431851124 14227.498000000   355.906100000    52.558494669    76.447722500    -932269  0.497496655311  0.497496655311  0.211040350000  0.056108125000  0.555271000000 19706.820   209.068     0.743732375     0.985343427  -53.19988
   0  7 0.9722516900000 0.6000000000000 0.0450000000000 0.6000000000000 0.0200000000000 0.7135010306546 0.3263243682213 22851.101500000  2494.347632733 12863.552000000   257.641200000   109.422971485   128.024410000     -44842  0.488429963807  0.488429963807  0.129318650000  0.093275875000  0.385567200000 18872.078   191.429     0.826378125     0.982587142  -56.92521
   0  9 0.9859202000000 0.6000000000000 0.0450000000000 0.6000000000000 0.0200000000000 0.7390745554498 0.2617967020786 21652.936000000  2796.316973736 14590.636000000   243.410200000   108.628706916   132.403460000    -130176  0.473071949059  0.473071949059  0.214175600000  0.078802437500  0.231580800000 17179.420   184.400     0.788130000     0.982411737  -51.80871
   0  8 0.9776904300000 0.6000000000000 0.0450000000000 0.6000000000000 0.0200000000000 0.8175605676655 0.3366819502353 25183.591000000  2365.846922706 12832.990000000   261.431500000   119.291694361   129.234287500    -928066  0.439330516292  0.439330516292  0.155734600000  0.055241437500  0.529946200000 19064.503   189.643     0.759533500     0.981042465  -56.92179
   0  6 0.9717271900000 0.6000000000000 0.0450000000000 0.6000000000000 0.0200000000000 0.7619908646115 0.3699440151009 23830.594000000  2356.981565343 11883.598000000   300.825200000    84.299327026   109.227840000    -627799  0.409832233332  0.409832233332  0.115321850000  0.171507750000  0.266985100000 18914.151   204.492     0.801584875     0.984450756  -51.69050
   0  7 0.9842304200000 0.6000000000000 0.0450000000000 0.6000000000000 0.0200000000000 0.5673175318692 0.2325559625150 24097.475500000  2517.554818519 13532.298000000   270.481200000    92.311461650   114.779327500    -902850  0.505666077586  0.505666077586  0.136638300000  0.084059062500  0.542878800000 19051.365   194.611     0.790902250     0.982403896  -56.89858
   0  8 0.9758343400000 0.6000000000000 0.0450000000000 0.6000000000000 0.0200000000000 0.7391082388336 0.3094246595063 21853.370500000  3141.829039093 15809.936000000   297.351300000    62.717631161   104.646120000    -905576  0.501404817227  0.501404817227  0.157381700000  0.069499312500  0.225866000000 20427.496   218.448     0.956582125     0.985549256  -53.20701
   0  9 0.9707398200000 0.6000000000000 0.0450000000000 0.6000000000000 0.0200000000000 0.9657720571515 0.3958498910853 21456.254500000  2547.854925820 13054.612000000   309.001400000    69.737314480   103.479240000    -370768  0.473661058012  0.473661058012  0.144575950000  0.076726062500  0.372342800000 18536.181   211.397     0.859274125     0.986375568  -56.78885
   0  7 0.9702879300000 0.6000000000000 0.0450000000000 0.6000000000000 0.0200000000000 0.6081344788694 0.2822447844755 23854.745500000  2571.299171098 13565.894000000   253.366100000    96.940823425   113.940275000    -954109  0.590902241638  0.590902241638  0.158409350000  0.050769000000  0.328741000000 20888.223   186.609     0.872461375     0.981529508  -55.67313
 
  COND2           1      832657  6.579193776902876E+044  1.196861236781679E+043
  1.819160944891785E-002         100
    832657  10880716    466606         0     15513         0         0         0         0         0   1732406      1382         0   3570720    832657
 PARAMETER FILE GB04B.PAR   
