  Aa Am            MSYL            MSYR           MORTJ           MORTA             K1+           PInit      ISEED   PTarget           CVADD              AR        PREG-MAX           GAMMA              P0   SSTILDA     LIKEL
   0  6 0.9724334000000 0.6000000000000 0.0450000000000 0.6000000000000 0.0450000000000 0.7906724275798 0.7906724275798 23561.593000000  2570.815467376 13261.130000000   217.689300000     5.530821790    35.924155000    -240839  0.390842534879  0.390842534879  0.127998450000  0.122148437500  0.355434100000 20139.190   190.770     0.855053500     0.968123653  -56.72115
   0  7 0.9734825000000 0.6000000000000 0.0450000000000 0.6000000000000 0.0450000000000 0.8476838223690 0.8476838223690 26345.306500000  2490.929209070 13576.800000000   236.750900000     5.630694768    35.160112500    -732900  0.403222153747  0.403222153747  0.151929900000  0.074603375000  0.455619600000 22214.714   207.452     0.834398250     0.967213218  -56.92187
   0  9 0.9837140400000 0.6000000000000 0.0450000000000 0.6000000000000 0.0450000000000 0.7192529390767 0.7192529390767 22626.556000000  2334.508470528 12319.826000000   242.966600000     7.271133219    39.692627500    -885274  0.506070814394  0.506070814394  0.154393850000  0.091970062500  0.454550200000 17355.406   210.604     0.769268500     0.972419073  -54.63005
   0  7 0.9771686700000 0.6000000000000 0.0450000000000 0.6000000000000 0.0450000000000 0.5396995660111 0.5396995660111 23032.042000000  2431.731226308 12537.794000000   208.785700000    23.509943000    85.792187500     -23425  0.597130157501  0.597130157501  0.121724950000  0.085319812500  0.415561300000 19811.035   184.712     0.860671750     0.967443667  -57.14835
   0 10 0.9808412400000 0.6000000000000 0.0450000000000 0.6000000000000 0.0450000000000 0.7996472951757 0.7996472951757 23966.593000000  2500.592623998 13842.668000000   234.103000000    14.076342324    78.396032500    -198886  0.542583161929  0.542583161929  0.210201150000  0.067599625000  0.323982400000 20746.188   209.978     0.846740625     0.969729471  -53.85048
   0  9 0.9858142400000 0.6000000000000 0.0450000000000 0.6000000000000 0.0450000000000 0.7708282473630 0.7708282473630 23112.853000000  2683.930608690 14558.490000000   213.917200000    20.229895246    98.407842500    -678296  0.454466287520  0.454466287520  0.129232900000  0.072020250000  0.511438600000 20368.422   191.797     0.870437500     0.967958396  -58.40010
   0  7 0.9834670000000 0.6000000000000 0.0450000000000 0.6000000000000 0.0450000000000 0.6030872680235 0.6030872680235 21894.505000000  2526.981188474 12953.628000000   209.380100000    56.943858331   146.547947500    -198130  0.481814053555  0.481814053555  0.122269800000  0.061795187500  0.442162600000 19080.610   186.999     0.874482500     0.969034912  -58.74165
   0  6 0.9663231100000 0.6000000000000 0.0450000000000 0.6000000000000 0.0450000000000 0.5748423854298 0.5748423854298 22081.250500000  2498.862456300 12357.762000000   224.943700000    24.764568070    97.731290000    -985427  0.587853521138  0.587853521138  0.140925450000  0.063744062500  0.260017600000 19009.059   201.088     0.867733000     0.971152353  -58.47533
   0  7 0.9779590700000 0.6000000000000 0.0450000000000 0.6000000000000 0.0450000000000 0.6686699571501 0.6686699571501 23828.987500000  2733.097211635 14607.772000000   226.012000000     3.255081963    34.154205000    -810570  0.475838199927  0.475838199927  0.100536450000  0.085487875000  0.577300600000 19081.606   196.953     0.799565750     0.968872466  -55.69246
   0  6 0.9698128400000 0.6000000000000 0.0450000000000 0.6000000000000 0.0450000000000 0.7978137005576 0.7978137005576 24135.613000000  2607.715254870 13586.066000000   225.753600000    52.781992305   147.167267500    -465914  0.402636560047  0.402636560047  0.124304750000  0.076652875000  0.247698100000 18940.027   197.334     0.790547000     0.968544830  -57.38641
   0  6 0.9889409200000 0.6000000000000 0.0450000000000 0.6000000000000 0.0450000000000 0.7399562242766 0.7399562242766 21346.648000000  2599.822621955 13132.690000000   222.902100000     6.420389324    43.829422500     -95964  0.322147867305  0.322147867305  0.162774200000  0.070397187500  0.475766100000 16747.361   194.163     0.798105750     0.971539294  -56.77080
   0  9 0.9774515700000 0.6000000000000 0.0450000000000 0.6000000000000 0.0450000000000 0.9701118053018 0.9701118053018 25436.837500000  2448.187602777 13647.558000000   214.619600000    30.233384898   102.581655000    -694052  0.419651493342  0.419651493342  0.191241700000  0.058295000000  0.432966500000 22270.024   191.024     0.860782375     0.965017029  -56.54828
   0  7 0.9701592300000 0.6000000000000 0.0450000000000 0.6000000000000 0.0450000000000 0.7790167487617 0.7790167487617 24331.430500000  2432.272012838 12703.550000000   222.950400000    22.887338693    85.791667500    -618772  0.462207034934  0.462207034934  0.143338150000  0.052720000000  0.452790400000 19085.918   193.837     0.788629875     0.967886891  -59.15255
   0  7 0.9526994600000 0.6000000000000 0.0450000000000 0.6000000000000 0.0450000000000 0.8780298724824 0.8780298724824 21182.758000000  2986.755096523 14493.760000000   225.369000000     3.048776237    51.392530000    -742069  0.531916246651  0.531916246651  0.126095250000  0.050914062500  0.331919000000 18307.795   200.930     0.868933750     0.972463500  -58.07441
   0  8 0.9863343600000 0.6000000000000 0.0450000000000 0.6000000000000 0.0450000000000 0.8951623619502 0.8951623619502 26857.280500000  2373.822129910 13340.264000000   234.198500000    13.663331001    59.153010000     -61094  0.345418416732  0.345418416732  0.160128450000  0.070788812500  0.300645500000 22399.332   206.145     0.820482500     0.965980215  -55.98535
   0  7 0.9816221500000 0.6000000000000 0.0450000000000 0.6000000000000 0.0450000000000 0.8065206389078 0.8065206389078 23399.593000000  2440.006825882 12756.162000000   229.910800000     4.204356246    25.022127500    -898043  0.371529185511  0.371529185511  0.153361350000  0.107046312500  0.440651800000 20116.665   201.487     0.858163625     0.969893700  -57.23005
   0  7 0.9817299500000 0.6000000000000 0.0450000000000 0.6000000000000 0.0450000000000 0.6566096203382 0.6566096203382 21189.346000000  2906.537958925 14588.666000000   197.204600000    57.473085594   147.929067500     -15391  0.455538817181  0.455538817181  0.181922600000  0.057861812500  0.524248300000 19869.747   179.524     0.969796000     0.968214043  -52.92982
   0 10 0.9832367600000 0.6000000000000 0.0450000000000 0.6000000000000 0.0450000000000 0.7316192966195 0.7316192966195 23945.357500000  2320.763960757 12741.180000000   221.357600000     7.345419255    39.218062500    -385446  0.567191013406  0.567191013406  0.109907700000  0.121682375000  0.331103900000 20798.368   195.050     0.853737500     0.967971253  -56.07234
   0  6 0.9751857100000 0.6000000000000 0.0450000000000 0.6000000000000 0.0450000000000 0.5043961281584 0.5043961281584 22032.151000000  2483.821404255 12390.686000000   226.474400000    24.653566529    98.691307500    -183856  0.587864464009  0.587864464009  0.154602600000  0.079418750000  0.451628700000 18176.505   200.855     0.832470875     0.971315734  -57.10234
   0  7 0.9664313000000 0.6000000000000 0.0450000000000 0.6000000000000 0.0450000000000 0.7249851453230 0.7249851453230 26855.120500000  2222.686042529 11433.024000000   225.771100000    39.982887094   105.563140000    -971208  0.525962093848  0.525962093848  0.164539200000  0.078708500000  0.360588000000 22443.334   197.975     0.835762500     0.965043017  -54.32528
   0 12 0.9868844700000 0.6000000000000 0.0450000000000 0.6000000000000 0.0450000000000 0.9128031982484 0.9128031982484 26214.208000000  2277.705812098 13483.316000000   222.277100000    22.828305526    89.468587500    -321592  0.550824746407  0.550824746407  0.126053550000  0.074604062500  0.338137500000 20805.728   193.036     0.763041625     0.965001121  -56.71343
   0  7 0.9759807500000 0.6000000000000 0.0450000000000 0.6000000000000 0.0450000000000 0.6157103973110 0.6157103973110 23760.367000000  2696.530914471 14343.966000000   217.575100000    13.947318366    74.240225000    -309277  0.533505114824  0.533505114824  0.149043700000  0.074658562500  0.219416800000 20211.605   192.718     0.845677250     0.967788874  -58.33141
   0  8 0.9596874900000 0.6000000000000 0.0450000000000 0.6000000000000 0.0450000000000 0.9325882013326 0.9325882013326 28058.510500000  2454.829315597 13651.714000000   236.698600000    45.975956973   128.864177500     -82234  0.515924002036  0.515924002036  0.118861600000  0.054522562500  0.438103600000 22809.885   207.808     0.801546000     0.965225655  -54.34915
   0 11 0.9752873200000 0.6000000000000 0.0450000000000 0.6000000000000 0.0450000000000 0.9602804798198 0.9602804798198 23772.260500000  2528.139478461 13963.138000000   211.211300000    43.084151824   130.389272500    -809007  0.571266718608  0.571266718608  0.126213150000  0.074703812500  0.290425300000 21399.845   190.200     0.884968750     0.966812161  -57.91357
   0 12 0.9844392500000 0.6000000000000 0.0450000000000 0.6000000000000 0.0450000000000 0.9484029445553 0.9484029445553 27949.430500000  2328.301525306 14201.828000000   227.384700000     7.651013675    46.533227500     -23800  0.556312444675  0.556312444675  0.119696950000  0.052768812500  0.350541700000 23386.379   198.171     0.797785375     0.963579924  -56.70539
   0  7 0.9773059200000 0.6000000000000 0.0450000000000 0.6000000000000 0.0450000000000 0.8272978247393 0.8272978247393 24425.066500000  2406.039600039 12662.306000000   234.936300000     4.512017483    22.499705000    -380879  0.388684549777  0.388684549777  0.112429400000  0.056289937500  0.219559800000 18576.256   199.333     0.769225125     0.969315571  -57.38687
   0  9 0.9776162400000 0.6000000000000 0.0450000000000 0.6000000000000 0.0450000000000 0.8549002373179 0.8549002373179 21018.044500000  2618.863665643 13332.354000000   234.938700000    11.293616717    75.252015000    -961700  0.474826027593  0.474826027593  0.199895900000  0.061597500000  0.279767700000 16139.141   207.018     0.771490500     0.973592006  -52.55613
   0  6 0.9785003400000 0.6000000000000 0.0450000000000 0.6000000000000 0.0450000000000 0.7504608069237 0.7504608069237 22361.038000000  2496.267540629 12603.820000000   231.753100000    33.573818179   123.860477500    -214850  0.375567847645  0.375567847645  0.109030750000  0.070559312500  0.338571000000 18748.550   206.988     0.843351250     0.971505957  -56.80970
   0  7 0.9548281700000 0.6000000000000 0.0450000000000 0.6000000000000 0.0450000000000 0.8989470011749 0.8989470011749 22038.617500000  2567.830721015 12786.178000000   237.680500000    10.265921805    58.135175000     -74476  0.503856764081  0.503856764081  0.145731100000  0.067499812500  0.585570200000 19707.829   214.276     0.904501875     0.972825548  -55.79388
   0 10 0.9797895100000 0.6000000000000 0.0450000000000 0.6000000000000 0.0450000000000 0.8406720304953 0.8406720304953 25921.001500000  2438.090827957 13952.116000000   226.571600000    16.977128133    78.150625000    -357886  0.526230557115  0.526230557115  0.129781550000  0.073356687500  0.253152800000 20031.358   196.222     0.755855625     0.966191800  -56.46110
   0 11 0.9847969900000 0.6000000000000 0.0450000000000 0.6000000000000 0.0450000000000 0.9479203610902 0.9479203610902 21325.804000000  2551.994450475 13420.220000000   224.472100000    37.088392585   141.439142500    -998592  0.483012233446  0.483012233446  0.102670500000  0.054990875000  0.310895200000 19086.806   204.079     0.886891250     0.971844148  -57.07355
   0  8 0.9753398500000 0.6000000000000 0.0450000000000 0.6000000000000 0.0450000000000 0.8855169014110 0.8855169014110 22529.531500000  2546.085772008 13277.148000000   216.414000000    35.767150378   124.594782500    -403604  0.421985700846  0.421985700846  0.136594850000  0.085721312500  0.568215500000 17940.297   189.781     0.796863125     0.969302525  -56.86935
   0  8 0.9614553400000 0.6000000000000 0.0450000000000 0.6000000000000 0.0450000000000 0.7919257403681 0.7919257403681 24094.829500000  2611.589262926 13873.488000000   221.304100000    23.927844461    99.009385000    -759427  0.590956074063  0.590956074063  0.134861250000  0.095224750000  0.328188800000 20866.658   197.385     0.859183000     0.968047391  -57.53580
   0  9 0.9838858500000 0.6000000000000 0.0450000000000 0.6000000000000 0.0450000000000 0.6693053668280 0.6693053668280 20547.488500000  2823.792180143 14154.150000000   215.527400000    10.137292159    78.781450000    -313693  0.542143658401  0.542143658401  0.152701450000  0.109298937500  0.307983700000 18107.252   193.979     0.880781250     0.971761714  -55.04972
   0  7 0.9754867100000 0.6000000000000 0.0450000000000 0.6000000000000 0.0450000000000 0.9558406789849 0.9558406789849 27848.518000000  2314.581381496 12491.018000000   233.673200000    39.753187117   111.680940000    -311655  0.346387731858  0.346387731858  0.127793250000  0.070862375000  0.442918800000 21327.996   201.688     0.769150875     0.964855476  -54.73580
   0 10 0.9886030000000 0.6000000000000 0.0450000000000 0.6000000000000 0.0450000000000 0.6352338925065 0.6352338925065 20484.673000000  2291.225378276 11701.030000000   207.094500000    45.003957324   133.630920000    -882678  0.590234081943  0.590234081943  0.143353100000  0.124248375000  0.390714800000 18497.126   187.202     0.910915000     0.970610903  -52.68930
   0  6 0.9802171000000 0.6000000000000 0.0450000000000 0.6000000000000 0.0450000000000 0.4612411135998 0.4612411135998 22048.459000000  2530.746744686 12770.658000000   234.045100000    15.602845093    75.381462500    -461954  0.594960587453  0.594960587453  0.158047400000  0.052275500000  0.593779200000 19280.721   210.866     0.880501000     0.972154634  -56.50960
   0  6 0.9802251100000 0.6000000000000 0.0450000000000 0.6000000000000 0.0450000000000 0.5388439713683 0.5388439713683 25223.753500000  2271.886484133 11543.252000000   232.339400000    45.491473905   126.507277500    -250807  0.509212127367  0.509212127367  0.156859800000  0.066106687500  0.509724900000 18941.437   201.078     0.767023000     0.967910500  -55.53872
   0  9 0.9639430000000 0.6000000000000 0.0450000000000 0.6000000000000 0.0450000000000 0.9473440981329 0.9473440981329 22777.796500000  2473.043254745 12885.232000000   206.933100000    10.235281844    52.796270000    -444589  0.541681025975  0.541681025975  0.164926900000  0.057282062500  0.293702100000 21217.869   186.587     0.953363375     0.967675050  -54.68658
   0 10 0.9892721200000 0.6000000000000 0.0450000000000 0.6000000000000 0.0450000000000 0.9786034069805 0.9786034069805 24628.727500000  2158.635027932 11851.604000000   230.291400000    19.500989929    74.941445000    -300932  0.378256123085  0.378256123085  0.144143350000  0.068252375000  0.316381600000 19385.259   200.674     0.778306875     0.968209468  -57.04288
   0  7 0.9851706700000 0.6000000000000 0.0450000000000 0.6000000000000 0.0450000000000 0.8111884072063 0.8111884072063 25340.231500000  2186.054580404 11260.898000000   224.968900000    21.934936840    69.563540000    -921915  0.348073411039  0.348073411039  0.108261350000  0.169538250000  0.462520000000 21740.405   198.761     0.857182250     0.966610050  -48.34429
   0  8 0.9861096600000 0.6000000000000 0.0450000000000 0.6000000000000 0.0450000000000 0.8604114428241 0.8604114428241 24258.328000000  2314.150914075 12382.612000000   233.168000000     5.064897009    21.148290000    -309854  0.360805194842  0.360805194842  0.175701400000  0.082295625000  0.433782000000 20261.722   202.000     0.829261875     0.969141015  -56.88456
   0  8 0.9789533700000 0.6000000000000 0.0450000000000 0.6000000000000 0.0450000000000 0.8417718113213 0.8417718113213 22145.632000000  2731.285501298 14211.150000000   217.308500000    13.348764361    80.095425000    -807441  0.417637228334  0.417637228334  0.159407300000  0.125976437500  0.598598700000 19016.272   193.797     0.854692750     0.969897763  -55.00713
   0  7 0.9709976400000 0.6000000000000 0.0450000000000 0.6000000000000 0.0450000000000 0.6229272735017 0.6229272735017 29503.186000000  2340.006104776 12833.002000000   238.758500000     8.333555700    33.420712500     -41279  0.570532599015  0.570532599015  0.160121700000  0.052616250000  0.318299900000 19102.822   194.244     0.681472500     0.963627898  -53.27808
   0  8 0.9888235500000 0.6000000000000 0.0450000000000 0.6000000000000 0.0450000000000 0.7801118317400 0.7801118317400 22670.485000000  2351.631794176 12344.670000000   227.148200000     5.548578196    29.460815000    -421000  0.379097824366  0.379097824366  0.112681950000  0.053909937500  0.284972200000 18901.801   197.861     0.831382125     0.970341767  -58.85409
   0 11 0.9899566100000 0.6000000000000 0.0450000000000 0.6000000000000 0.0450000000000 0.9509802383362 0.9509802383362 21821.497000000  2398.018176721 12899.970000000   218.969200000    31.540631264   122.040477500    -291646  0.435465030773  0.435465030773  0.155314200000  0.066246625000  0.434672500000 20052.949   199.857     0.921740625     0.970361773  -57.62263
   0  8 0.9639138200000 0.6000000000000 0.0450000000000 0.6000000000000 0.0450000000000 0.9219613053107 0.9219613053107 25477.135000000  2356.416934506 12526.232000000   233.091900000     7.881603011    36.483642500    -260285  0.488254689326  0.488254689326  0.119471450000  0.064618250000  0.503544800000 22488.118   205.776     0.879253000     0.967902147  -56.50675
   0  8 0.9890560100000 0.6000000000000 0.0450000000000 0.6000000000000 0.0450000000000 0.8622844766154 0.8622844766154 24980.483500000  2382.353297792 13089.478000000   210.546700000    27.325262649    91.839722500    -780401  0.341536085410  0.341536085410  0.156315550000  0.058300375000  0.333289300000 21407.065   185.866     0.846334125     0.964737073  -57.74548
   0  8 0.9703836700000 0.6000000000000 0.0450000000000 0.6000000000000 0.0450000000000 0.8467070846602 0.8467070846602 24054.572500000  2559.730281056 13696.272000000   211.829600000    69.252445202   149.678737500    -652450  0.479019772994  0.479019772994  0.134646200000  0.068263375000  0.362758500000 21006.958   188.838     0.866769125     0.966582824  -58.57521
   0 10 0.9792305100000 0.6000000000000 0.0450000000000 0.6000000000000 0.0450000000000 0.8240791361287 0.8240791361287 25517.230000000  2267.229882913 12638.820000000   219.844300000     5.157471936    23.739125000    -855411  0.542381093042  0.542381093042  0.106509100000  0.109264562500  0.267008800000 20577.755   186.901     0.790035250     0.965709997  -53.76894
   0  7 0.9844465600000 0.6000000000000 0.0450000000000 0.6000000000000 0.0450000000000 0.7945170111276 0.7945170111276 21705.478000000  2625.096723287 13470.162000000   211.874000000    32.402735359   120.786367500    -132552  0.359753470866  0.359753470866  0.151994050000  0.050413000000  0.585052400000 17307.726   185.651     0.803958000     0.969645522  -57.52732
   0  6 0.9607777400000 0.6000000000000 0.0450000000000 0.6000000000000 0.0450000000000 0.9042099960063 0.9042099960063 26924.159500000  2547.993910595 13578.586000000   224.152200000     4.656555670    30.599745000    -266977  0.404262167671  0.404262167671  0.115097700000  0.072774437500  0.201475800000 22675.978   193.997     0.835976750     0.964754844  -56.42670
   0  8 0.9751347900000 0.6000000000000 0.0450000000000 0.6000000000000 0.0450000000000 0.6967823459232 0.6967823459232 24605.035000000  2378.765947250 12711.306000000   227.423800000    18.144449979    74.138565000    -429041  0.538129670313  0.538129670313  0.145106200000  0.055954125000  0.387609800000 21078.130   202.034     0.849843625     0.968100476  -58.79967
   0  6 0.9651679300000 0.6000000000000 0.0450000000000 0.6000000000000 0.0450000000000 0.6747596507721 0.6747596507721 21454.148500000  2754.038212049 13603.212000000   213.304000000    39.560122373   134.933357500    -775172  0.509165244021  0.509165244021  0.103162250000  0.061541312500  0.254700900000 17542.619   187.912     0.825766750     0.970452483  -56.28912
   0  6 0.9649597900000 0.6000000000000 0.0450000000000 0.6000000000000 0.0450000000000 0.8871087862250 0.8871087862250 26965.456000000  2655.461469288 14420.608000000   230.019100000     6.646415772    43.865887500    -704156  0.388437959247  0.388437959247  0.119005700000  0.093337562500  0.566949800000 22528.173   201.101     0.827590375     0.965562942  -55.84142
   0  6 0.9734597700000 0.6000000000000 0.0450000000000 0.6000000000000 0.0450000000000 0.8714965795818 0.8714965795818 22259.869000000  2854.022894312 14501.466000000   215.798200000    34.104902704   129.545280000    -691147  0.349200210805  0.349200210805  0.131946650000  0.051391812500  0.493730700000 20410.256   195.998     0.932115625     0.969608100  -58.52588
   0  7 0.9784631400000 0.6000000000000 0.0450000000000 0.6000000000000 0.0450000000000 0.8251293795470 0.8251293795470 24208.648000000  2346.378387653 12209.606000000   241.578700000     6.830366818    31.699447500    -421034  0.382469022470  0.382469022470  0.116516150000  0.130523937500  0.265889900000 19547.938   209.096     0.809247000     0.970406833  -55.24076
   0  6 0.9762642400000 0.6000000000000 0.0450000000000 0.6000000000000 0.0450000000000 0.8226087892242 0.8226087892242 25042.151500000  2261.792538498 11366.900000000   224.195900000    44.274347212   118.937930000    -451241  0.354599226626  0.354599226626  0.111215550000  0.065385375000  0.253810800000 20006.509   195.494     0.806443750     0.967049449  -55.82996
   0  6 0.9697002600000 0.6000000000000 0.0450000000000 0.6000000000000 0.0450000000000 0.8209544539928 0.8209544539928 26934.446500000  2574.026411966 13927.344000000   217.721200000    10.557324233    49.523357500    -233366  0.391933418414  0.391933418414  0.114465300000  0.072995937500  0.556360500000 24291.773   194.026     0.898989500     0.963603624  -54.09476
   0  6 0.9815029900000 0.6000000000000 0.0450000000000 0.6000000000000 0.0450000000000 0.8099357027378 0.8099357027378 22540.223500000  2703.678845679 13940.880000000   221.949300000     5.990035940    47.155797500    -574546  0.332038527193  0.332038527193  0.112557900000  0.111312562500  0.241205600000 17988.575   193.650     0.804895875     0.969961108  -55.47049
   0 10 0.9727730200000 0.6000000000000 0.0450000000000 0.6000000000000 0.0450000000000 0.9064486156549 0.9064486156549 25597.217500000  2506.471756474 14172.500000000   227.046200000    33.717198142   119.473172500    -883324  0.554508423343  0.554508423343  0.116913500000  0.107759125000  0.493773400000 22774.056   204.503     0.871100500     0.966792289  -54.66257
   0  8 0.9845957600000 0.6000000000000 0.0450000000000 0.6000000000000 0.0450000000000 0.8726715964794 0.8726715964794 24452.350000000  2241.212377175 11842.312000000   230.650200000    20.360855416    75.633402500    -144061  0.365372700312  0.365372700312  0.175342250000  0.079925312500  0.371722100000 20033.230   203.007     0.816433625     0.968584935  -55.83177
   0  8 0.9718352100000 0.6000000000000 0.0450000000000 0.6000000000000 0.0450000000000 0.7707263988832 0.7707263988832 21651.694000000  2790.708912320 14195.650000000   205.969000000    30.940800935   121.070450000    -865265  0.513864472148  0.513864472148  0.140597700000  0.085916125000  0.497362400000 18115.733   181.885     0.834539375     0.969048036  -55.31805
   0  9 0.9839310400000 0.6000000000000 0.0450000000000 0.6000000000000 0.0450000000000 0.7370976035745 0.7370976035745 21838.925500000  2378.496605827 12391.098000000   209.515700000    35.744635733   118.776405000    -549215  0.491877883722  0.491877883722  0.140857250000  0.053593687500  0.397204900000 19237.455   187.696     0.879409125     0.969124878  -58.46141
   0 10 0.9895216000000 0.6000000000000 0.0450000000000 0.6000000000000 0.0450000000000 0.7708082869677 0.7708082869677 24894.191500000  2473.652245920 14133.718000000   209.811500000    36.128931087   115.760892500    -411522  0.477953770427  0.477953770427  0.111906250000  0.056433437500  0.552957500000 20688.434   184.111     0.808620625     0.964723874  -57.36724
   0 11 0.9762058500000 0.6000000000000 0.0450000000000 0.6000000000000 0.0450000000000 0.9315796464008 0.9315796464008 20831.285500000  2339.699275568 11979.624000000   192.715700000    25.844000607    94.152455000     -39938  0.578784350269  0.578784350269  0.128098150000  0.112684187500  0.412766700000 18433.331   171.085     0.881652125     0.968113567  -49.59425
   0  7 0.9804032600000 0.6000000000000 0.0450000000000 0.6000000000000 0.0450000000000 0.5287233273044 0.5287233273044 20827.573000000  2505.961289124 12468.712000000   219.751100000    18.124314497    84.268847500    -507703  0.578250692557  0.578250692557  0.145770400000  0.094264437500  0.548834300000 16989.856   194.291     0.824593375     0.971982770  -55.79216
   0  8 0.9846874000000 0.6000000000000 0.0450000000000 0.6000000000000 0.0450000000000 0.9474344402704 0.9474344402704 22628.230000000  2704.261967927 14346.070000000   215.369200000    40.724589240   137.950430000    -594432  0.335999005569  0.335999005569  0.148898150000  0.057379875000  0.504780600000 18760.024   190.602     0.823547250     0.968863992  -58.41381
   0  6 0.9874372000000 0.6000000000000 0.0450000000000 0.6000000000000 0.0450000000000 0.5210050902099 0.5210050902099 23588.633500000  2372.936319839 12185.136000000   212.873300000    25.783061055    86.939275000    -605401  0.469074931203  0.469074931203  0.162152550000  0.053169812500  0.367803800000 20157.327   188.214     0.855547250     0.967103037  -58.17400
   0  7 0.9895188900000 0.6000000000000 0.0450000000000 0.6000000000000 0.0450000000000 0.8126236855356 0.8126236855356 24734.054500000  2498.941784741 13612.148000000   213.818500000    15.972974039    68.468940000      -1098  0.322431682582  0.322431682582  0.107068900000  0.061256750000  0.456794200000 22276.785   191.821     0.897550625     0.965607691  -57.31224
   0 11 0.9801003900000 0.6000000000000 0.0450000000000 0.6000000000000 0.0450000000000 0.9447410570611 0.9447410570611 23595.680500000  2594.238722882 14362.104000000   225.280600000     3.473856340    43.220860000     -30696  0.530240622131  0.530240622131  0.133654000000  0.050658937500  0.408248400000 20108.774   199.052     0.825824250     0.969043210  -59.56561
   0  7 0.9873220300000 0.6000000000000 0.0450000000000 0.6000000000000 0.0450000000000 0.5722027271605 0.5722027271605 23104.091500000  2435.483816955 12763.142000000   221.688300000    38.450702064   125.790132500    -394248  0.475662983123  0.475662983123  0.162221100000  0.055094125000  0.429570000000 21181.208   201.772     0.926609125     0.969062421  -57.41578
   0  6 0.9665735500000 0.6000000000000 0.0450000000000 0.6000000000000 0.0450000000000 0.7027372511307 0.7027372511307 19537.351000000  2546.991434958 11939.820000000   219.585100000    35.308514571   131.115940000    -945604  0.479137491037  0.479137491037  0.175996750000  0.119437125000  0.294900600000 16688.604   196.720     0.870684750     0.973850864  -51.73649
   0  8 0.9836057000000 0.6000000000000 0.0450000000000 0.6000000000000 0.0450000000000 0.9370345665479 0.9370345665479 25610.474500000  2749.931697440 15523.694000000   219.616000000    39.915292975   131.433335000    -884495  0.346232877380  0.346232877380  0.158569100000  0.131466750000  0.280053800000 22013.032   195.368     0.843786750     0.965464772  -52.53297
   0 11 0.9796049900000 0.6000000000000 0.0450000000000 0.6000000000000 0.0450000000000 0.9186726920670 0.9186726920670 24030.583000000  2681.471143016 14957.982000000   214.008500000    32.219065030   122.850442500     -57149  0.550441470472  0.550441470472  0.157819550000  0.090753750000  0.393419200000 20099.327   189.200     0.806908125     0.966820718  -55.65800
   0  7 0.9826804800000 0.6000000000000 0.0450000000000 0.6000000000000 0.0450000000000 0.6458035724459 0.6458035724459 25727.371000000  2506.244370666 13740.214000000   216.246600000    34.422240025   108.622137500    -306418  0.455899473526  0.455899473526  0.203290600000  0.084695437500  0.308832700000 20391.297   187.511     0.789714875     0.964785846  -54.45133
   0  8 0.9815647400000 0.6000000000000 0.0450000000000 0.6000000000000 0.0450000000000 0.8349770118235 0.8349770118235 24666.973000000  2252.395673739 11909.014000000   226.531800000    18.408558764    67.990832500    -684826  0.402582800837  0.402582800837  0.128074050000  0.058608750000  0.501566600000 19112.374   195.975     0.778363625     0.967790709  -57.81697
   0 11 0.9870418900000 0.6000000000000 0.0450000000000 0.6000000000000 0.0450000000000 0.9205956122768 0.9205956122768 25483.223500000  2210.303449892 12612.358000000   225.414800000    51.541752806   135.433435000    -850748  0.476192044393  0.476192044393  0.171845100000  0.081835937500  0.546204500000 20692.576   198.145     0.789975625     0.966447111  -56.23921
   0  7 0.9872981000000 0.6000000000000 0.0450000000000 0.6000000000000 0.0450000000000 0.6295606310119 0.6295606310119 22466.959000000  2578.381117855 13489.910000000   219.635300000     3.937118171    34.485380000    -437338  0.432504201824  0.432504201824  0.126953150000  0.081976687500  0.224233600000 18912.503   192.813     0.841038625     0.969634859  -58.51623
   0  8 0.9794149300000 0.6000000000000 0.0450000000000 0.6000000000000 0.0450000000000 0.9433244983639 0.9433244983639 23747.852500000  2514.568288554 13496.380000000   218.298700000    11.095939158    58.576882500    -547871  0.369753124218  0.369753124218  0.143246000000  0.053724125000  0.497621200000 19081.390   190.202     0.799433500     0.967858668  -59.07686
   0  6 0.9695487600000 0.6000000000000 0.0450000000000 0.6000000000000 0.0450000000000 0.6873336429010 0.6873336429010 25089.901000000  2551.292648667 13414.138000000   232.651500000     6.522825509    38.925595000    -552418  0.469166992008  0.469166992008  0.122326000000  0.101005062500  0.270236500000 21564.671   205.235     0.856117625     0.968273630  -57.07801
   0  6 0.9805548300000 0.6000000000000 0.0450000000000 0.6000000000000 0.0450000000000 0.5538399869613 0.5538399869613 21879.304000000  2699.034483814 13696.570000000   221.246500000    43.119944891   144.412047500    -501140  0.492871919439  0.492871919439  0.133912850000  0.059658000000  0.221689300000 17391.295   194.691     0.804519375     0.970764523  -57.70367
   0  6 0.9860515300000 0.6000000000000 0.0450000000000 0.6000000000000 0.0450000000000 0.7027589717296 0.7027589717296 23056.801000000  2666.287474572 13959.498000000   211.777000000    49.305141876   140.437265000    -387694  0.355747968045  0.355747968045  0.116096300000  0.061545562500  0.291584800000 19880.492   188.343     0.861874125     0.967708106  -59.07967
   0  7 0.9781977900000 0.6000000000000 0.0450000000000 0.6000000000000 0.0450000000000 0.8900980394475 0.8900980394475 24019.310500000  2589.231456907 13810.794000000   226.048000000    26.288324347   105.582640000    -755459  0.356083646106  0.356083646106  0.167550250000  0.065068687500  0.574400000000 20238.414   200.941     0.837805875     0.968625137  -57.74007
   0  7 0.9609786700000 0.6000000000000 0.0450000000000 0.6000000000000 0.0450000000000 0.7858255196999 0.7858255196999 25549.657000000  2497.474047834 13250.294000000   217.802100000    39.940577329   116.189405000     -50665  0.526714667206  0.526714667206  0.116897150000  0.069310062500  0.342974000000 21495.473   191.693     0.835940250     0.965577351  -58.22391
   0  7 0.9814597200000 0.6000000000000 0.0450000000000 0.6000000000000 0.0450000000000 0.6062526328810 0.6062526328810 21673.753000000  2988.927958895 15131.118000000   216.608000000    11.864615698    86.203735000    -235947  0.495590248967  0.495590248967  0.122957100000  0.063705187500  0.268590800000 19590.523   196.121     0.911999625     0.970404300  -57.31153
   0  8 0.9583250000000 0.6000000000000 0.0450000000000 0.6000000000000 0.0450000000000 0.8332707153364 0.8332707153364 22145.794000000  2488.505355690 12565.402000000   230.402500000     5.209853205    34.198795000    -217937  0.589806052047  0.589806052047  0.136927900000  0.105914000000  0.485444100000 19634.917   204.113     0.892328000     0.971811965  -56.73824
   0 10 0.9862501600000 0.6000000000000 0.0450000000000 0.6000000000000 0.0450000000000 0.6724201499883 0.6724201499883 21496.538500000  2130.525663414 10890.918000000   222.741600000    56.212042394   148.767892500    -366683  0.583119652397  0.583119652397  0.155214500000  0.067993812500  0.446910200000 18030.333   198.732     0.837100625     0.971371616  -54.96983
   0  6 0.9823979400000 0.6000000000000 0.0450000000000 0.6000000000000 0.0450000000000 0.8781835725944 0.8781835725944 24310.748500000  2576.140494948 13647.198000000   230.364700000    11.355014190    59.001040000    -353036  0.301924958917  0.301924958917  0.135656950000  0.133635187500  0.570690300000 20073.144   203.092     0.824393875     0.968769245  -55.56787
   0  8 0.9687843700000 0.6000000000000 0.0450000000000 0.6000000000000 0.0450000000000 0.9267672933193 0.9267672933193 20321.809000000  2504.857185776 12266.592000000   230.983000000     5.733189261    38.594062500    -494770  0.449186751753  0.449186751753  0.137951250000  0.085413750000  0.365783600000 18416.895   207.291     0.924886875     0.974124235  -55.55654
   0  6 0.9622684100000 0.6000000000000 0.0450000000000 0.6000000000000 0.0450000000000 0.6547381426153 0.6547381426153 21399.176500000  2410.922095876 11581.764000000   223.669900000    16.039203340    66.157897500    -237153  0.546753903517  0.546753903517  0.115512100000  0.084162750000  0.287566900000 19016.029   200.566     0.903728875     0.971916539  -55.49989
   0  6 0.9515364600000 0.6000000000000 0.0450000000000 0.6000000000000 0.0450000000000 0.8123962955151 0.8123962955151 26917.139500000  2809.225716225 15193.064000000   220.869900000    26.751272953    99.122712500    -863565  0.510447701927  0.510447701927  0.132589200000  0.071327062500  0.551981800000 22963.840   194.671     0.844096875     0.964302373  -56.12922
   0  8 0.9844811200000 0.6000000000000 0.0450000000000 0.6000000000000 0.0450000000000 0.6220396004733 0.6220396004733 22378.952500000  2291.195614563 11782.072000000   211.344700000    55.350834271   138.928257500    -722180  0.513622214066  0.513622214066  0.156087450000  0.068514875000  0.270994200000 19930.007   189.868     0.895092875     0.968624638  -56.79888
   0  8 0.9807293700000 0.6000000000000 0.0450000000000 0.6000000000000 0.0450000000000 0.9376735764121 0.9376735764121 22397.906500000  2765.882842098 14503.800000000   208.274700000     7.549088996    59.862875000    -829704  0.363692292918  0.363692292918  0.144300450000  0.052008250000  0.450802200000 20023.323   186.476     0.893619875     0.968204540  -57.87916
   0  8 0.9818172100000 0.6000000000000 0.0450000000000 0.6000000000000 0.0450000000000 0.8761275784146 0.8761275784146 22614.082000000  2262.817818349 11586.684000000   233.283000000    12.656888069    53.457320000    -636853  0.382002360389  0.382002360389  0.113544100000  0.091228062500  0.453803300000 19458.248   207.446     0.861555875     0.971321791  -55.52031
   0  8 0.9859068600000 0.6000000000000 0.0450000000000 0.6000000000000 0.0450000000000 0.5371162250418 0.5371162250418 20848.727500000  2546.791325263 12936.732000000   231.078800000     7.036026256    49.477337500     -94954  0.580058249602  0.580058249602  0.139352050000  0.081809000000  0.503665300000 17577.821   205.706     0.844988500     0.973242109  -56.76449
   0  6 0.9887714500000 0.6000000000000 0.0450000000000 0.6000000000000 0.0450000000000 0.5184228080746 0.5184228080746 21494.959000000  2876.315293905 14588.248000000   213.199900000     7.120269373    61.277112500    -797044  0.461108583541  0.461108583541  0.111534750000  0.050424125000  0.595967400000 19244.403   191.815     0.903383125     0.970041002  -58.11366
   0  6 0.9846953900000 0.6000000000000 0.0450000000000 0.6000000000000 0.0450000000000 0.6400884580875 0.6400884580875 24153.271000000  2511.834554474 13225.166000000   219.039800000    11.065286069    52.457425000    -905215  0.399269100604  0.399269100604  0.168142850000  0.066005750000  0.428967700000 20180.348   192.199     0.834175625     0.967322335  -58.32299
   0 10 0.9762675400000 0.6000000000000 0.0450000000000 0.6000000000000 0.0450000000000 0.8167761820956 0.8167761820956 20955.836500000  2342.213234873 11921.212000000   225.569500000    40.475938643   139.077205000     -17317  0.577710926049  0.577710926049  0.121899850000  0.060166000000  0.408788000000 16961.039   200.467     0.804991625     0.972594105  -55.72111
   0  6 0.9805019400000 0.6000000000000 0.0450000000000 0.6000000000000 0.0450000000000 0.9003070521001 0.9003070521001 25111.906000000  2680.289516687 14473.412000000   217.728000000    32.274856003   112.160282500    -772298  0.303450550023  0.303450550023  0.132356800000  0.061365812500  0.310939500000 22153.997   194.657     0.877558625     0.965903793  -58.25218
 
  COND2           1      525946  1.231576714039741E+045  1.740976441125615E+043
  1.413615913063973E-002         100
    525946  10693984    458605         0     15466         0         0         0         0         0   1381356    118333         0   4006310    525946
 PARAMETER FILE GB05A.PAR   
