  Aa Am            MSYL            MSYR           MORTJ           MORTA             K1+           PInit      ISEED   PTarget           CVADD              AR        PREG-MAX           GAMMA              P0   SSTILDA     LIKEL
   0  9 0.9888062900000 0.6000000000000 0.0450000000000 0.6000000000000 0.0200000000000 0.9468168704851 0.3234283493464 21838.601500000  2591.774452523 13692.814000000   250.106400000   110.862622448   122.882065000    -604467  0.350096039242  0.350096039242  0.146874250000  0.050646062500  0.531255500000 19132.079   193.725     0.869887500     0.974052923  -58.98074
   0  6 0.9771074100000 0.6000000000000 0.0450000000000 0.6000000000000 0.0200000000000 0.4932905822877 0.2293960613362 24677.773000000  2484.219103823 13000.558000000   373.213300000    31.352041827    57.743680000     -43817  0.583753760680  0.583753760680  0.132732950000  0.103554625000  0.396100700000 19850.006   224.832     0.806527375     0.980486287  -55.02890
   0  6 0.9771390700000 0.6000000000000 0.0450000000000 0.6000000000000 0.0200000000000 0.9507745491417 0.4420200534486 23288.164000000  2596.296639722 13436.620000000   256.421300000   102.929949545   112.645442500    -162075  0.302722119895  0.302722119895  0.115828000000  0.060449875000  0.305089000000 20489.939   195.398     0.881779375     0.973197285  -58.80435
   0  8 0.9707814200000 0.6000000000000 0.0450000000000 0.6000000000000 0.0200000000000 0.8403974779961 0.3664657713409 24881.609500000  2324.605205418 12296.796000000   299.062100000    91.537105842   106.816015000    -543717  0.479486107193  0.479486107193  0.135462050000  0.066346562500  0.519645300000 19139.929   208.789     0.772624875     0.975512747  -56.73061
   0  7 0.9677399400000 0.6000000000000 0.0450000000000 0.6000000000000 0.0200000000000 0.8047121577247 0.3802450215642 24671.995000000  2551.611287231 13543.440000000   253.313200000   153.063753818   132.221135000    -236204  0.464467256926  0.464467256926  0.104866750000  0.059132937500  0.273900800000 21867.122   196.711     0.884122250     0.971364543  -57.72529
   0  8 0.9702619700000 0.6000000000000 0.0450000000000 0.6000000000000 0.0200000000000 0.6800654196480 0.2977062771499 22982.537500000  2954.376008044 15423.990000000   286.305400000    56.471212791    95.575987500    -332269  0.597584807737  0.597584807737  0.153343850000  0.083924312500  0.348014100000 18581.260   208.158     0.802946000     0.976378485  -54.58101
   0  6 0.9719225400000 0.6000000000000 0.0450000000000 0.6000000000000 0.0200000000000 0.8444103856411 0.4093625870672 22501.640500000  2771.297667756 14133.692000000   374.201300000    20.368422516    54.601092500    -846012  0.368759796757  0.368759796757  0.178093400000  0.097029687500  0.276945400000 17434.712   221.624     0.785899750     0.982293940  -53.05446
   0  7 0.9845322200000 0.6000000000000 0.0450000000000 0.6000000000000 0.0200000000000 0.5532976082173 0.2260597883388 22537.955500000  2670.430430690 13983.180000000   239.531200000   187.973077430   147.347870000    -555440  0.515848155613  0.515848155613  0.110724650000  0.110049125000  0.293472400000 18911.109   187.065     0.837823125     0.972119118  -55.44217
   0  7 0.9737205500000 0.6000000000000 0.0450000000000 0.6000000000000 0.0200000000000 0.8222149915386 0.3717500905479 24006.350500000  2453.968110221 12845.476000000   239.149400000   232.003954237   144.245030000    -707831  0.414150472426  0.414150472426  0.159194200000  0.055869687500  0.313824700000 20938.009   185.587     0.870624250     0.970420738  -57.06494
   0  6 0.9686549700000 0.6000000000000 0.0450000000000 0.6000000000000 0.0200000000000 0.9607843979922 0.4767912048695 24009.577000000  2936.017319240 15418.376000000   290.757600000    33.931705860    68.571770000    -483046  0.340045853431  0.340045853431  0.101526000000  0.067491125000  0.532829200000 21962.073   209.622     0.922043875     0.975714618  -54.07420
   0  6 0.9824577800000 0.6000000000000 0.0450000000000 0.6000000000000 0.0200000000000 0.7863408898319 0.3478131532120 32017.763500000  2201.661835835 11657.476000000   279.397300000   251.443470332   139.536625000    -996009  0.336868628259  0.336868628259  0.275133500000  0.052892000000  0.426755800000 22201.573   191.283     0.719885250     0.966085622  -49.90629
   0  6 0.9565191600000 0.6000000000000 0.0450000000000 0.6000000000000 0.0200000000000 0.7253059715320 0.3867872816915 23462.341000000  2555.135900545 12884.924000000   257.039800000   141.867151841   132.200985000     -15064  0.534514324903  0.534514324903  0.157375050000  0.073657875000  0.322165500000 21889.909   203.432     0.958215625     0.973240724  -55.33934
   0  6 0.9802896000000 0.6000000000000 0.0450000000000 0.6000000000000 0.0200000000000 0.6475238386757 0.2925724272880 22994.957500000  2610.887926590 13506.860000000   291.784600000    68.702826725    97.352827500    -233775  0.423318856368  0.423318856368  0.147004850000  0.054763437500  0.533835300000 17973.389   207.670     0.790738875     0.976705074  -57.63195
   0  7 0.9888149100000 0.6000000000000 0.0450000000000 0.6000000000000 0.0200000000000 0.7570135709023 0.2939920386123 22922.368000000  2993.808005641 15802.024000000   248.997000000    77.847080408   106.516820000    -299642  0.350384860545  0.350384860545  0.119956500000  0.050986062500  0.313066500000 20122.588   192.751     0.874026000     0.972643757  -56.77989
   0  8 0.9795089100000 0.6000000000000 0.0450000000000 0.6000000000000 0.0200000000000 0.9567100043950 0.3873447747307 21995.417500000  2311.378207376 11742.156000000   297.516200000    63.279065032    86.092357500    -316492  0.363994773903  0.363994773903  0.129998550000  0.134610687500  0.377572000000 19346.427   206.479     0.884170125     0.978155933  -53.39337
   0  7 0.9537250600000 0.6000000000000 0.0450000000000 0.6000000000000 0.0200000000000 0.9276327506050 0.4754470624582 23422.232500000  2424.875830340 12209.904000000   277.773200000    87.017738238   101.008037500    -768918  0.496109519874  0.496109519874  0.161603150000  0.068005500000  0.244898300000 20975.173   202.479     0.904199500     0.975292549  -56.11498
   0  8 0.9708502600000 0.6000000000000 0.0450000000000 0.6000000000000 0.0200000000000 0.8916753390416 0.3886242862222 24788.392000000  2414.815899358 12926.954000000   292.387200000    58.332390422    76.963465000    -544715  0.451402960616  0.451402960616  0.115618600000  0.059922250000  0.250946100000 21394.837   201.280     0.856046500     0.975046918  -57.17505
   0 11 0.9845927000000 0.6000000000000 0.0450000000000 0.6000000000000 0.0200000000000 0.9702698960236 0.3017574130861 26789.483500000  2250.456508196 13139.808000000   478.792900000    16.148043306    36.204955000    -340469  0.473749223633  0.473749223633  0.135997400000  0.125680187500  0.251252300000 20871.028   237.882     0.756978000     0.983419905  -51.04102
   0 10 0.9863799300000 0.6000000000000 0.0450000000000 0.6000000000000 0.0200000000000 0.9300398784878 0.3052848434421 24360.928000000  2533.592273755 14274.954000000   279.554500000    56.076430891    80.538237500    -386725  0.420561700733  0.420561700733  0.143843000000  0.067463937500  0.458202700000 20121.103   196.783     0.804585625     0.974148009  -57.37246
   0  6 0.9731406500000 0.6000000000000 0.0450000000000 0.6000000000000 0.0200000000000 0.7484057825287 0.3594817956607 20761.504000000  2842.910364908 13900.188000000   267.843100000    75.715069585   109.807445000    -881954  0.408580528838  0.408580528838  0.147355000000  0.052638562500  0.568962000000 17398.921   200.596     0.846605125     0.977164842  -57.55795
   0  8 0.9580024400000 0.6000000000000 0.0450000000000 0.6000000000000 0.0200000000000 0.8578034614563 0.4062711796653 24025.439500000  2618.796433754 13843.332000000   302.660500000    51.210608946    78.926855000    -514687  0.575815285440  0.575815285440  0.146824700000  0.069243312500  0.438161800000 21527.861   213.525     0.895581500     0.976721925  -56.86227
   0  6 0.9658927500000 0.6000000000000 0.0450000000000 0.6000000000000 0.0200000000000 0.8191034119064 0.4139782693069 24815.689000000  2527.687261614 13135.044000000   268.443100000   159.576530009   142.015595000    -564458  0.415109879489  0.415109879489  0.165230450000  0.052547062500  0.572810500000 19961.993   203.004     0.806453625     0.972837035  -58.05178
   0  6 0.9758552700000 0.6000000000000 0.0450000000000 0.6000000000000 0.0200000000000 0.6355494438200 0.2987041615414 24343.985500000  2394.046851779 12268.184000000   272.199700000   157.562061944   142.007307500    -333467  0.461834645451  0.461834645451  0.149172700000  0.068282250000  0.552033700000 18328.065   201.489     0.767784000     0.973622049  -56.74900
   0  7 0.9757903300000 0.6000000000000 0.0450000000000 0.6000000000000 0.0200000000000 0.9368047402662 0.4164222834725 23897.378500000  2844.380975518 15194.414000000   274.963000000    97.349782665   122.885282500    -787365  0.351714517779  0.351714517779  0.144726100000  0.074148750000  0.422841200000 20247.270   211.886     0.840950250     0.974366956  -55.32819
   0  7 0.9873489700000 0.6000000000000 0.0450000000000 0.6000000000000 0.0200000000000 0.7283730273974 0.2880663028468 29170.046500000  2380.337028857 13464.652000000   301.634900000    66.647544220    77.449047500    -721159  0.373503187528  0.373503187528  0.157336300000  0.055068625000  0.298972000000 22177.267   202.302     0.759395625     0.971291951  -54.88808
   0  9 0.9678487200000 0.6000000000000 0.0450000000000 0.6000000000000 0.0200000000000 0.9537500251282 0.3994297143210 23513.533000000  2663.631973201 14253.122000000   351.473400000    22.836253886    54.057205000     -71219  0.503842379007  0.503842379007  0.142023300000  0.054481000000  0.204396400000 18368.416   212.972     0.773498875     0.980330255  -56.18174
   0  8 0.9754467900000 0.6000000000000 0.0450000000000 0.6000000000000 0.0200000000000 0.9285575950852 0.3900330308380 25386.941500000  2598.266986415 14373.676000000   312.007900000    35.905050007    62.827655000    -298448  0.401706044277  0.401706044277  0.152774650000  0.090706250000  0.345599000000 21293.420   208.701     0.826216625     0.976006065  -56.00163
   0  6 0.9538973700000 0.6000000000000 0.0450000000000 0.6000000000000 0.0200000000000 0.7203320787641 0.3891926791356 24966.659500000  2525.608263452 12957.904000000   257.299600000   178.745316057   140.749232500    -533721  0.557720741917  0.557720741917  0.219651250000  0.087303062500  0.589323200000 19061.630   189.580     0.773521625     0.971566949  -53.50965
   0  7 0.9802160800000 0.6000000000000 0.0450000000000 0.6000000000000 0.0200000000000 0.9110830540417 0.3891484914948 23641.351000000  2649.756825479 14114.086000000   430.009700000     6.981727151    33.434362500    -888115  0.336606513834  0.336606513834  0.115489400000  0.056683375000  0.392449500000 20555.829   229.938     0.865392500     0.983749451  -55.27825
   0  7 0.9845844100000 0.6000000000000 0.0450000000000 0.6000000000000 0.0200000000000 0.7963197100458 0.3251637302487 21835.402000000  2612.299156895 13443.458000000   296.996800000    50.451452156    82.521550000     -35258  0.358105269249  0.358105269249  0.164329350000  0.053212062500  0.576357600000 17850.565   206.271     0.820962875     0.978213997  -57.53944
   0  6 0.9580059900000 0.6000000000000 0.0450000000000 0.6000000000000 0.0200000000000 0.8651295671154 0.4577854742324 20582.507500000  2765.817280417 13264.258000000   275.765500000    69.434096294   102.405440000     -84618  0.439076782791  0.439076782791  0.202155400000  0.066416500000  0.479664800000 17994.526   203.540     0.886040750     0.978112803  -54.91532
   0  6 0.9574092400000 0.6000000000000 0.0450000000000 0.6000000000000 0.0200000000000 0.9258008332931 0.4914331372633 24407.786500000  2738.342686759 14254.198000000   274.883600000    74.732981451    96.703282500    -594509  0.413682697356  0.413682697356  0.263224350000  0.089234437500  0.475283800000 21801.247   204.950     0.894612375     0.973964942  -50.49164
   0  8 0.9804563000000 0.6000000000000 0.0450000000000 0.6000000000000 0.0200000000000 0.6260798766412 0.2511546298092 26272.163500000  2536.762478459 14279.040000000   292.541100000    49.741151480    71.475450000    -468940  0.547261555384  0.547261555384  0.205191100000  0.058531187500  0.580367600000 21150.707   199.737     0.793991000     0.973451564  -54.66647
   0 11 0.9876412400000 0.6000000000000 0.0450000000000 0.6000000000000 0.0200000000000 0.8297610157663 0.2481975996412 24901.670500000  2354.930256053 13503.458000000   251.305000000   214.224953365   148.159362500    -406739  0.522196147049  0.522196147049  0.140833750000  0.077048375000  0.591533500000 19452.765   188.583     0.760107500     0.970578680  -56.53979
   0  9 0.9869722100000 0.6000000000000 0.0450000000000 0.6000000000000 0.0200000000000 0.5947698099876 0.2079957602411 24330.499000000  2723.947154785 15209.488000000   278.215200000    72.513306258   101.414937500    -400114  0.576585510290  0.576585510290  0.140583500000  0.075943812500  0.545838400000 18624.026   202.000     0.757976875     0.974045790  -54.44121
   0  8 0.9709664800000 0.6000000000000 0.0450000000000 0.6000000000000 0.0200000000000 0.7683688045180 0.3345887222626 25054.153000000  2581.829159008 14102.088000000   278.123200000    62.044847138    82.770175000    -167914  0.522846839195  0.522846839195  0.162290100000  0.058833250000  0.405274600000 22141.578   201.160     0.875378750     0.973484750  -56.86325
   0  6 0.9711275400000 0.6000000000000 0.0450000000000 0.6000000000000 0.0200000000000 0.6513535100025 0.3176299266908 23140.582000000  2361.948382076 11738.810000000   281.108100000   128.100946057   133.476740000    -755604  0.483719850181  0.483719850181  0.188934600000  0.070962500000  0.360577700000 17785.812   206.340     0.784039625     0.975768482  -54.49373
   0  9 0.9697755600000 0.6000000000000 0.0450000000000 0.6000000000000 0.0200000000000 0.9040996935919 0.3733077720586 25405.099000000  2398.613587812 13152.034000000   417.298500000    13.476000043    33.187232500    -827659  0.514382303835  0.514382303835  0.144989650000  0.060298750000  0.418312800000 22274.352   222.562     0.864975500     0.982088308  -53.92773
   0  6 0.9706965100000 0.6000000000000 0.0450000000000 0.6000000000000 0.0200000000000 0.9634123670667 0.4712778662125 24942.967000000  2384.556008105 12210.978000000   267.444700000   144.827679475   129.883735000    -373451  0.329124998688  0.329124998688  0.129651750000  0.060752125000  0.338488300000 20888.246   200.125     0.837918000     0.972551204  -58.22241
   0  8 0.9793601700000 0.6000000000000 0.0450000000000 0.6000000000000 0.0200000000000 0.7113485804372 0.2884154989730 22696.283500000  2911.422657621 15275.070000000   234.323800000   186.602657534   148.287575000    -356091  0.490791182865  0.490791182865  0.111805300000  0.060857062500  0.499893300000 18014.037   180.304     0.791208250     0.971383489  -52.83976
   0  7 0.9744066800000 0.6000000000000 0.0450000000000 0.6000000000000 0.0200000000000 0.9111680438831 0.4096983856295 20473.792000000  2505.971330011 12267.670000000   270.439700000    95.869928595   119.935647500    -492461  0.369676125883  0.369676125883  0.111733800000  0.057431375000  0.490530600000 18529.699   207.883     0.924011250     0.977685589  -56.02675
   0  7 0.9698554200000 0.6000000000000 0.0450000000000 0.6000000000000 0.0200000000000 0.6180358812157 0.2877396271061 25762.579000000  2386.000939867 12632.078000000   279.289300000   103.904529961   108.085140000     -32211  0.585351291409  0.585351291409  0.144933550000  0.058419625000  0.595674900000 19679.357   196.660     0.769983000     0.972859985  -57.72556
   0 10 0.9779174200000 0.6000000000000 0.0450000000000 0.6000000000000 0.0200000000000 0.9505719269900 0.3423900325169 21132.592000000  2822.292163790 14352.564000000   272.479000000    61.930223614    98.859430000    -391617  0.481673749172  0.481673749172  0.120158500000  0.077551437500  0.389276100000 18304.685   201.951     0.854896125     0.977102849  -56.13354
   0  6 0.9509048200000 0.6000000000000 0.0450000000000 0.6000000000000 0.0200000000000 0.7473801071699 0.4095248530985 25069.489000000  2679.394168206 13948.954000000   267.589500000    82.105442081    96.178472500    -427110  0.559547194862  0.559547194862  0.103337750000  0.054466125000  0.432551900000 21798.785   196.001     0.866804375     0.972559888  -57.23819
   0  8 0.9819136900000 0.6000000000000 0.0450000000000 0.6000000000000 0.0200000000000 0.5747181046129 0.2271830130072 26350.571500000  2291.702705254 12517.388000000   272.821100000   145.526022438   127.562487500    -833224  0.581370720013  0.581370720013  0.150983050000  0.069732375000  0.290007400000 22173.485   203.900     0.831592000     0.971424624  -56.62503
   0  9 0.9891539300000 0.6000000000000 0.0450000000000 0.6000000000000 0.0200000000000 0.7211377265720 0.2452026135150 21575.864500000  2643.792217452 13868.784000000   242.655800000    92.092720176   109.193552500    -621710  0.456689751941  0.456689751941  0.154320300000  0.053559625000  0.242258700000 19958.675   189.884     0.937377625     0.973571407  -56.10445
   0  7 0.9620554500000 0.6000000000000 0.0450000000000 0.6000000000000 0.0200000000000 0.8143424791709 0.3989732900861 28557.052000000  2465.783751346 13558.460000000   330.434300000    42.430684182    61.198852500     -70864  0.500186832950  0.500186832950  0.136527600000  0.064342000000  0.532307200000 20947.493   204.575     0.741027625     0.974633202  -54.38898
   0  7 0.9520164000000 0.6000000000000 0.0450000000000 0.6000000000000 0.0200000000000 0.8089353732111 0.4180585117503 21569.155000000  2632.852674805 12974.640000000   268.090200000   103.537223753   123.171640000    -823465  0.583023189122  0.583023189122  0.110570600000  0.085957000000  0.304135500000 16995.846   197.488     0.797795875     0.976431672  -54.84109
   0  7 0.9778521000000 0.6000000000000 0.0450000000000 0.6000000000000 0.0200000000000 0.9748683048277 0.4256345748437 20525.402500000  2814.164670552 13858.820000000   282.652800000    60.041321286    98.908017500    -553048  0.326947308923  0.326947308923  0.135744300000  0.068295812500  0.385696200000 17790.762   209.020     0.873701875     0.978561907  -56.48514
   0  8 0.9582979100000 0.6000000000000 0.0450000000000 0.6000000000000 0.0200000000000 0.9487305709053 0.4485974016636 26596.136500000  2626.855013873 14542.734000000   308.032500000    36.749693996    61.108892500    -636839  0.518245170875  0.518245170875  0.150596650000  0.073038562500  0.241806600000 24035.221   211.910     0.898163750     0.974679034  -53.88477
   0 10 0.9883993100000 0.6000000000000 0.0450000000000 0.6000000000000 0.0200000000000 0.8907939357532 0.2848825293903 25119.533500000  2699.930577858 15513.162000000   248.895200000   166.181934116   140.468985000    -748019  0.422543632009  0.422543632009  0.139098750000  0.054427125000  0.418177000000 22141.133   197.120     0.857757250     0.970018149  -57.44835
   0  7 0.9615515900000 0.6000000000000 0.0450000000000 0.6000000000000 0.0200000000000 0.7041580154541 0.3460185249837 23745.895000000  2626.021205779 13684.272000000   339.580600000    20.856639349    46.896935000    -444725  0.582815780817  0.582815780817  0.133446650000  0.120662687500  0.345973900000 21869.210   213.359     0.934006875     0.979477608  -53.00436
   0  8 0.9848082200000 0.6000000000000 0.0450000000000 0.6000000000000 0.0200000000000 0.8520275547704 0.3264301815155 24365.558500000  2447.050821319 13314.740000000   278.374500000    91.842104596   107.297372500    -677031  0.372829577913  0.372829577913  0.166890850000  0.062410937500  0.564244400000 20782.164   206.750     0.843710875     0.974059664  -57.68962
   0  8 0.9801695700000 0.6000000000000 0.0450000000000 0.6000000000000 0.0200000000000 0.7956583373637 0.3200828968003 23213.333500000  2230.759193156 11446.576000000   315.817500000    61.817151958    82.621162500    -266260  0.432748677138  0.432748677138  0.156064700000  0.055610812500  0.544782800000 18867.826   207.563     0.815145875     0.978274762  -56.37727
   0  6 0.9686148500000 0.6000000000000 0.0450000000000 0.6000000000000 0.0200000000000 0.9153655268598 0.4543767973506 23469.671500000  2220.787503167 10695.126000000   334.567800000    60.806350671    80.639247500    -841788  0.357126957187  0.357126957187  0.159526450000  0.056164312500  0.438736400000 19570.424   212.474     0.843867375     0.979369565  -53.65603
   0 10 0.9899789600000 0.6000000000000 0.0450000000000 0.6000000000000 0.0200000000000 0.6477132003477 0.2026973650509 23659.076500000  2376.679403704 13181.724000000   327.760000000    40.088424699    66.818135000    -367472  0.563808732350  0.563808732350  0.157340250000  0.052771875000  0.436314500000 20468.866   216.911     0.848515750     0.978531598  -57.43951
   0  9 0.9783088500000 0.6000000000000 0.0450000000000 0.6000000000000 0.0200000000000 0.8924672057674 0.3428539427636 25721.755000000  2701.923184064 15341.868000000   271.053700000    66.259193477    89.018592500    -856239  0.449309270700  0.449309270700  0.127276500000  0.057106437500  0.563164700000 21222.407   196.496     0.805116375     0.971978508  -56.75851
   0  7 0.9722516900000 0.6000000000000 0.0450000000000 0.6000000000000 0.0200000000000 0.7135010306546 0.3263243682213 22851.101500000  2501.669074967 12863.552000000   257.641200000   127.996762970   128.024410000     -44842  0.488429963807  0.488429963807  0.129318650000  0.093275875000  0.385567200000 18848.388   194.018     0.826378125     0.973880713  -57.40272
   0  9 0.9852119300000 0.6000000000000 0.0450000000000 0.6000000000000 0.0200000000000 0.6432833450342 0.2297850524100 22623.937000000  2608.016570810 13977.460000000   309.772200000    49.147766152    83.780470000    -171011  0.550611314370  0.550611314370  0.150435000000  0.053913875000  0.586371500000 18624.990   216.100     0.813317375     0.978349658  -56.69693
   0  6 0.9712365100000 0.6000000000000 0.0450000000000 0.6000000000000 0.0200000000000 0.6485959327406 0.3160330750244 23013.155500000  2642.300752622 13545.258000000   288.461900000    45.541186427    72.150215000    -178220  0.484994663086  0.484994663086  0.135471800000  0.093020125000  0.278419500000 19566.163   197.741     0.851612500     0.976515277  -56.64744
   0  7 0.9847988000000 0.6000000000000 0.0450000000000 0.6000000000000 0.0200000000000 0.4858014407890 0.1978984615572 21560.771500000  2692.157913849 13782.416000000   281.528000000    54.467364854    87.242435000    -682276  0.584879994304  0.584879994304  0.151026950000  0.087567062500  0.492210500000 19270.055   206.431     0.900151000     0.977302981  -56.61968
   0  7 0.9803965600000 0.6000000000000 0.0450000000000 0.6000000000000 0.0200000000000 0.6090778406494 0.2597013671697 22227.901000000  2866.782003752 14800.506000000   276.669400000    79.269049277   114.458845000    -807277  0.502018451582  0.502018451582  0.134134100000  0.065020750000  0.597347200000 17740.912   207.395     0.801549375     0.976250561  -55.30489
   0  9 0.9853018800000 0.6000000000000 0.0450000000000 0.6000000000000 0.0200000000000 0.7652512180929 0.2730645906564 21058.612000000  2356.513421253 12058.014000000   242.746300000   175.446058399   144.995455000     -30145  0.462092861818  0.462092861818  0.128185150000  0.052648312500  0.248411600000 18621.717   190.293     0.887085000     0.974281779  -57.61545
   0  7 0.9899228600000 0.6000000000000 0.0450000000000 0.6000000000000 0.0200000000000 0.4865607401353 0.1862582481996 21142.001500000  2417.250568137 12196.948000000   380.494100000    27.729498263    55.259445000    -695723  0.534717483004  0.534717483004  0.192349450000  0.060527062500  0.344959800000 19064.316   225.972     0.913494125     0.983475130  -52.74680
   0  7 0.9543441400000 0.6000000000000 0.0450000000000 0.6000000000000 0.0200000000000 0.9270220597035 0.4736749880453 20612.275000000  2610.135490861 12588.062000000   294.587200000    49.148388114    79.189422500    -602018  0.492026012194  0.492026012194  0.118723350000  0.062136187500  0.338516300000 16977.273   196.669     0.833108625     0.979495637  -54.70798
   0  6 0.9677465800000 0.6000000000000 0.0450000000000 0.6000000000000 0.0200000000000 0.7199393054594 0.3594757307102 22003.126000000  2720.573600101 13642.912000000   287.778500000    51.825313069    83.035700000     -81320  0.459831846110  0.459831846110  0.137636900000  0.057179562500  0.548302700000 20379.178   210.101     0.949616250     0.977520603  -56.77441
   0  7 0.9868503100000 0.6000000000000 0.0450000000000 0.6000000000000 0.0200000000000 0.5501688887335 0.2188940906925 20656.123000000  2560.791063928 12825.650000000   270.902600000    63.588231814    91.968357500    -950187  0.498733682513  0.498733682513  0.148350050000  0.084638500000  0.492091200000 18388.219   198.781     0.900461750     0.977372435  -56.02914
   0  9 0.9716895700000 0.6000000000000 0.0450000000000 0.6000000000000 0.0200000000000 0.9132796899992 0.3715646740364 21171.134500000  2954.637776597 14743.396000000   253.447200000   102.560490093   129.089402500    -692486  0.492787015727  0.492787015727  0.143662150000  0.055822062500  0.430673700000 17737.155   195.172     0.830554125     0.975405943  -56.81059
   0  9 0.9883823200000 0.6000000000000 0.0450000000000 0.6000000000000 0.0200000000000 0.8511686093349 0.2923754303020 25339.394500000  2300.916739713 12807.274000000   249.845000000   247.717479273   148.509225000     -51274  0.392520237300  0.392520237300  0.125842950000  0.053568000000  0.560835100000 22570.796   196.163     0.879842625     0.969871065  -57.69553
   0  8 0.9744389800000 0.6000000000000 0.0450000000000 0.6000000000000 0.0200000000000 0.7321397658094 0.3101515917653 27753.343000000  2317.493870141 12802.758000000   279.075900000   126.754982282   115.547367500    -843512  0.518123225254  0.518123225254  0.177444050000  0.051310687500  0.519030500000 23327.878   204.270     0.828791375     0.970687247  -55.83366
   0  9 0.9743125300000 0.6000000000000 0.0450000000000 0.6000000000000 0.0200000000000 0.9533926041678 0.3796337238736 24788.297500000  2340.131762784 12689.376000000   276.467500000   120.657620296   122.337137500    -520203  0.451125089072  0.451125089072  0.123872400000  0.065272875000  0.340268700000 21170.364   206.451     0.842448000     0.973573323  -58.02901
   0  8 0.9889377600000 0.6000000000000 0.0450000000000 0.6000000000000 0.0200000000000 0.5548409837950 0.2021884919539 21834.970000000  2648.943458415 13865.294000000   255.350300000    66.783912747    92.057700000    -694094  0.531918722243  0.531918722243  0.172079400000  0.058954562500  0.271569000000 19753.529   192.276     0.909079625     0.974587617  -55.81382
   0  8 0.9801131100000 0.6000000000000 0.0450000000000 0.6000000000000 0.0200000000000 0.7594557711560 0.3056878685446 23144.470000000  2506.640719318 13298.868000000   291.443300000    64.833872973    91.166907500    -630513  0.453816643756  0.453816643756  0.169780200000  0.067403687500  0.491540200000 18837.062   205.639     0.810377000     0.976528367  -57.28554
   0  6 0.9552003500000 0.6000000000000 0.0450000000000 0.6000000000000 0.0200000000000 0.7886956462539 0.4234074064697 25408.676500000  2616.004396065 13677.190000000   275.718100000    70.648444185    86.662147500    -215568  0.500467918586  0.500467918586  0.165778950000  0.064993937500  0.281220100000 21189.904   194.391     0.830886250     0.972990596  -56.53212
   0  7 0.9677804600000 0.6000000000000 0.0450000000000 0.6000000000000 0.0200000000000 0.8720956459068 0.4119713543553 25342.148500000  2829.288554014 15413.192000000   280.178200000    35.160621484    64.118620000    -831464  0.428313380033  0.428313380033  0.147688500000  0.052656625000  0.552622100000 24105.010   207.330     0.982084875     0.973406679  -51.51966
   0  7 0.9656304600000 0.6000000000000 0.0450000000000 0.6000000000000 0.0200000000000 0.8440391224694 0.4044565377544 24088.174000000  2687.096951269 14204.006000000   488.734300000     3.830683819    23.714685000    -701809  0.457309485239  0.457309485239  0.101385250000  0.052144312500  0.470141500000 20550.686   237.575     0.848260250     0.985518964  -53.16803
   0 10 0.9777869400000 0.6000000000000 0.0450000000000 0.6000000000000 0.0200000000000 0.8197629558407 0.2956450471538 23469.172000000  2133.096752754 11181.414000000   326.556900000    64.823066362    85.500890000    -613271  0.559869331367  0.559869331367  0.137360200000  0.059132125000  0.336312900000 19572.008   213.542     0.827128125     0.978783546  -55.52109
   0 11 0.9878608300000 0.6000000000000 0.0450000000000 0.6000000000000 0.0200000000000 0.9395531532494 0.2802085947806 23410.973500000  2262.743948545 12497.492000000   325.534100000    47.023275969    71.472557500    -362373  0.459205701467  0.459205701467  0.171822750000  0.109312312500  0.519772200000 20166.839   214.035     0.843266500     0.978643827  -54.59631
   0  8 0.9811671600000 0.6000000000000 0.0450000000000 0.6000000000000 0.0200000000000 0.6304088181194 0.2511031265444 20421.520000000  2501.378362951 12471.724000000   316.002000000    39.189757061    69.669652500    -922165  0.536893870771  0.536893870771  0.120398000000  0.066703187500  0.543791800000 18309.342   209.644     0.908429875     0.980888417  -55.42277
   0 10 0.9879203400000 0.6000000000000 0.0450000000000 0.6000000000000 0.0200000000000 0.9457736697988 0.3043888875827 25169.915500000  2168.279117429 12004.156000000   274.843000000   137.327871993   126.677090000    -973697  0.401635125065  0.401635125065  0.154440700000  0.058853625000  0.300719400000 21819.806   206.215     0.852612500     0.972803351  -56.85810
   0  8 0.9771104200000 0.6000000000000 0.0450000000000 0.6000000000000 0.0200000000000 0.7207868669594 0.2983875986471 24255.290500000  2601.279133282 14124.990000000   262.203200000    89.197214664   103.932420000    -523146  0.503226390612  0.503226390612  0.138891400000  0.063170312500  0.437417100000 20398.662   194.289     0.831241250     0.972700155  -58.43474
   0  6 0.9739462200000 0.6000000000000 0.0450000000000 0.6000000000000 0.0200000000000 0.8291294249622 0.3957606560597 23470.454500000  2842.962902403 14851.372000000   274.934100000    58.125398443    88.812607500    -876384  0.364374191914  0.364374191914  0.134422000000  0.057160812500  0.485611600000 20726.804   203.925     0.883414625     0.974842655  -58.19024
   0  7 0.9735465600000 0.6000000000000 0.0450000000000 0.6000000000000 0.0200000000000 0.8783658981963 0.3976880832622 23946.113500000  2835.140971503 15121.870000000   274.709900000    56.010056544    86.429382500    -960512  0.388743475867  0.388743475867  0.136206600000  0.071731750000  0.280564400000 20883.552   202.246     0.866700750     0.974316186  -57.28633
   0  6 0.9571624100000 0.6000000000000 0.0450000000000 0.6000000000000 0.0200000000000 0.6869769083282 0.3651310237414 26224.508500000  2649.508149449 14098.522000000   470.991300000     5.096124635    28.574247500    -697781  0.559388612345  0.559388612345  0.187346100000  0.104440125000  0.208144300000 20929.551   231.028     0.796892875     0.983675040  -51.96160
   0 11 0.9837129400000 0.6000000000000 0.0450000000000 0.6000000000000 0.0200000000000 0.9544723071598 0.2999967487902 24833.063500000  2673.201680540 15286.480000000   265.151400000   101.323086899   116.933720000    -432408  0.489816509654  0.489816509654  0.124310900000  0.088445687500  0.333924200000 22923.644   209.123     0.912271625     0.972262133  -54.20684
   0 10 0.9794677200000 0.6000000000000 0.0450000000000 0.6000000000000 0.0200000000000 0.9232392705780 0.3274937338849 24202.505500000  2447.207011287 13555.144000000   292.071700000    70.529281171    94.085537500    -967781  0.482017935414  0.482017935414  0.125396250000  0.058307625000  0.508820400000 19681.612   206.441     0.794852250     0.975516503  -58.32879
   0  6 0.9599413700000 0.6000000000000 0.0450000000000 0.6000000000000 0.0200000000000 0.9193684923340 0.4814060066322 23129.404000000  2855.363260329 14581.632000000   268.569500000    65.926797686    94.072505000    -241405  0.402256569086  0.402256569086  0.128482400000  0.073607187500  0.397771100000 20724.613   200.843     0.901242250     0.974734790  -57.38091
   0  6 0.9798523400000 0.6000000000000 0.0450000000000 0.6000000000000 0.0200000000000 0.5074978154785 0.2302511496259 20975.911000000  2652.939652093 13152.638000000   316.839700000    44.368235478    79.695057500    -967067  0.543823387417  0.543823387417  0.128333900000  0.064603312500  0.229291600000 15501.640   208.574     0.764140625     0.980435382  -52.93789
   0  9 0.9862446800000 0.6000000000000 0.0450000000000 0.6000000000000 0.0200000000000 0.7697137242773 0.2715861347592 24978.647500000  2314.536091592 12784.800000000   448.175800000    13.349518155    32.028510000     -57041  0.451543171634  0.451543171634  0.107487150000  0.062595625000  0.330679800000 19602.481   219.692     0.777448750     0.983467117  -53.75623
   0  9 0.9893724200000 0.6000000000000 0.0450000000000 0.6000000000000 0.0200000000000 0.6157979290002 0.2087720606898 24585.595000000  2594.623811735 14606.874000000   252.109100000   147.620502440   133.906260000    -913565  0.532635608312  0.532635608312  0.122815600000  0.054803062500  0.224658100000 18114.392   187.195     0.736314000     0.971009395  -54.18217
   0 10 0.9850165200000 0.6000000000000 0.0450000000000 0.6000000000000 0.0200000000000 0.7256788918318 0.2422009068997 23333.362000000  2533.589712978 13926.688000000   335.269400000    27.917170529    57.637567500    -425237  0.553055868283  0.553055868283  0.176694150000  0.080364500000  0.349483100000 19122.778   211.913     0.801860375     0.979371444  -55.52237
   0  6 0.9811049700000 0.6000000000000 0.0450000000000 0.6000000000000 0.0200000000000 0.8715570881690 0.3907245938344 24894.704500000  2679.276502258 14426.012000000   293.775600000    68.362891710    95.615247500    -962053  0.310504731238  0.310504731238  0.166659300000  0.082482000000  0.546487100000 20072.241   212.420     0.805207125     0.974940362  -55.10299
   0  6 0.9815397800000 0.6000000000000 0.0450000000000 0.6000000000000 0.0200000000000 0.6312053601238 0.2817705267873 25766.278000000  2870.978152891 15827.420000000   273.917800000    49.766007026    78.368245000    -241797  0.425810235634  0.425810235634  0.155724900000  0.051767000000  0.285209900000 21710.906   198.983     0.834111375     0.972175982  -56.06930
   0  7 0.9642516800000 0.6000000000000 0.0450000000000 0.6000000000000 0.0200000000000 0.8213689134235 0.3970622547019 23350.750000000  2381.001888872 12051.742000000   395.447500000    27.955407154    51.039677500    -203232  0.479836286254  0.479836286254  0.128517150000  0.050822937500  0.253626600000 19967.032   220.654     0.857457000     0.982657737  -55.70520
   0  7 0.9631592100000 0.6000000000000 0.0450000000000 0.6000000000000 0.0200000000000 0.8159407766170 0.3971093296018 24878.045500000  2809.374571340 15087.572000000   270.486500000   108.511102438   123.416917500    -936145  0.491030258760  0.491030258760  0.143934400000  0.060727375000  0.420704200000 20580.451   205.359     0.820296000     0.972995659  -56.99253
   0  9 0.9870091000000 0.6000000000000 0.0450000000000 0.6000000000000 0.0200000000000 0.5999623944000 0.2097155926078 23944.993000000  2410.227884964 13221.564000000   258.039800000   118.039517773   118.355627500    -387013  0.571206489397  0.571206489397  0.135722100000  0.108959000000  0.592729700000 21011.142   196.880     0.866413250     0.972459208  -56.42496
   0 10 0.9889811200000 0.6000000000000 0.0450000000000 0.6000000000000 0.0200000000000 0.9770403498463 0.3100247656272 25526.855500000  2175.468392918 12155.276000000   265.415000000   135.817122407   119.945592500    -606288  0.380980318421  0.380980318421  0.163681400000  0.090555562500  0.299435900000 21122.864   194.199     0.811364375     0.971416560  -55.53250
   0 11 0.9826355800000 0.6000000000000 0.0450000000000 0.6000000000000 0.0200000000000 0.9787116853726 0.3115015160168 24113.648500000  2304.037456737 12841.754000000   265.343700000    99.330151105   105.953270000    -232697  0.487664808703  0.487664808703  0.119559500000  0.064902125000  0.316416600000 20555.205   193.555     0.830570625     0.973102374  -57.98836
   0  8 0.9797697700000 0.6000000000000 0.0450000000000 0.6000000000000 0.0200000000000 0.5871730492862 0.2371328663042 21939.271000000  2554.438720631 13223.604000000   249.173600000   105.820542339   116.254437500    -544036  0.590434167790  0.590434167790  0.146417500000  0.063682500000  0.253307100000 18794.326   188.491     0.854893375     0.973980952  -57.48239
   0  6 0.9837322300000 0.6000000000000 0.0450000000000 0.6000000000000 0.0200000000000 0.6524045913090 0.2847843932294 22277.473000000  2615.465760669 13400.762000000   345.755000000    33.415730160    66.177007500    -875962  0.397849906189  0.397849906189  0.130934950000  0.074839562500  0.595983600000 17503.250   218.842     0.796059125     0.980917327  -55.53934
 
  COND2           1     1560219  1.568271491887209E+045  1.363697101644099E+043
  8.695542249531483E-003         100
   1560219  18594784    795570         0     26797         0         0         0         0         0   3916131     48188         0   4958311   1560219
 PARAMETER FILE GB05B.PAR   
