  Aa Am            MSYL            MSYR           MORTJ           MORTA             K1+           PInit      ISEED   PTarget           CVADD              AR        PREG-MAX           GAMMA              P0   SSTILDA     LIKEL
   0  7 0.9578812400000 0.6000000000000 0.0450000000000 0.6000000000000 0.0200000000000 0.7489841765187 0.3757328091557 26430.910000000  2557.987923697 13896.704000000   460.964100000   173.453094465   286.051325000    -590201  0.578455560914  0.578455560914  0.132929600000  0.056078187500  0.309151400000 23488.450   397.946     0.881344625     0.994395403  -56.51517
   0  8 0.9781427000000 0.6000000000000 0.0450000000000 0.6000000000000 0.0200000000000 0.9224111132268 0.3782898721765 22392.736000000  2363.827537635 12251.922000000   438.999600000   185.368423431   298.061700000    -267120  0.386417703426  0.386417703426  0.178014600000  0.050128062500  0.434034700000 20272.743   386.051     0.911438750     0.994979675  -56.97565
   0 10 0.9728025100000 0.6000000000000 0.0450000000000 0.6000000000000 0.0200000000000 0.9172636975319 0.3459672459872 22084.895500000  2619.169221732 13814.910000000   493.273600000   135.257375687   251.373435000    -129569  0.547680153568  0.547680153568  0.171496400000  0.059505375000  0.460817400000 17950.016   406.161     0.796488375     0.995604059  -56.52940
   0  6 0.9743897900000 0.6000000000000 0.0450000000000 0.6000000000000 0.0200000000000 0.9396552578837 0.4469405168563 26881.270000000  2422.687073541 12975.194000000   483.615100000   149.927542521   260.328095000    -180015  0.319376049428  0.319376049428  0.134535650000  0.065272750000  0.578163400000 20704.901   402.060     0.773545500     0.994538863  -56.51122
   0  7 0.9582627500000 0.6000000000000 0.0450000000000 0.6000000000000 0.0200000000000 0.9427535186613 0.4719606757209 21131.593000000  2554.362040587 12585.172000000   483.816700000   146.493177494   264.971500000    -311891  0.456998973403  0.456998973403  0.143634600000  0.090824562500  0.366435800000 16183.137   404.469     0.779888250     0.995730420  -54.19579
   0  9 0.9760736100000 0.6000000000000 0.0450000000000 0.6000000000000 0.0200000000000 0.7434241905092 0.2915271642040 23778.173500000  2698.211864825 14763.306000000   471.249300000   127.030725373   231.785230000    -291684  0.561031077413  0.561031077413  0.174282950000  0.051472375000  0.398640800000 20796.460   384.693     0.858968625     0.995038797  -55.42184
   0  7 0.9606664400000 0.6000000000000 0.0450000000000 0.6000000000000 0.0200000000000 0.9319717451484 0.4603267893764 24650.530000000  2582.902190673 13722.186000000   499.421700000   133.274572019   242.050030000    -179364  0.446181176435  0.446181176435  0.138261500000  0.060678375000  0.242205100000 21717.317   406.385     0.876155500     0.995172455  -57.89982
   0  7 0.9602144700000 0.6000000000000 0.0450000000000 0.6000000000000 0.0200000000000 0.8257534077408 0.4089190024057 29931.136000000  2415.763518040 13427.824000000   477.916400000   159.871884256   266.421845000    -961984  0.506957716131  0.506957716131  0.164238700000  0.093835687500  0.438605300000 23066.934   397.427     0.767194625     0.993875191  -52.18418
   0  6 0.9675128300000 0.6000000000000 0.0450000000000 0.6000000000000 0.0200000000000 0.6685662274953 0.3343455896967 21889.537000000  2887.158407841 14524.264000000   474.460400000   157.784798686   282.839350000    -592680  0.496844644978  0.496844644978  0.168313050000  0.096368187500  0.321390400000 17288.893   407.746     0.797756875     0.995478936  -53.90160
   0 11 0.9833576300000 0.6000000000000 0.0450000000000 0.6000000000000 0.0200000000000 0.8345774021446 0.2634133402956 20911.880500000  2617.136832996 13612.848000000   486.176600000   149.127988343   275.019395000    -395254  0.564020591198  0.564020591198  0.153861650000  0.059829312500  0.310384700000 18070.670   414.721     0.847144875     0.995754567  -57.03361
   0  8 0.9883482700000 0.6000000000000 0.0450000000000 0.6000000000000 0.0200000000000 0.5358996026670 0.1967732276131 22908.314500000  2572.934100300 13876.870000000   456.631000000   165.999919861   285.981125000     -80026  0.556595625912  0.556595625912  0.133605250000  0.063816562500  0.596476100000 17776.783   395.377     0.776091125     0.995032312  -56.89220
   0  8 0.9701304100000 0.6000000000000 0.0450000000000 0.6000000000000 0.0200000000000 0.7075879075088 0.3100571786115 23875.211500000  2659.170526636 14327.674000000   415.102100000   160.520496384   261.695825000    -185821  0.575576254284  0.575576254284  0.133958500000  0.076965937500  0.353899300000 19234.132   354.589     0.797862000     0.994358567  -52.24801
   0  9 0.9746693400000 0.6000000000000 0.0450000000000 0.6000000000000 0.0200000000000 0.9359359284499 0.3715501291770 23458.007500000  2593.435125143 14057.520000000   445.493600000   174.744444236   289.777905000    -508447  0.456695661138  0.456695661138  0.150301850000  0.060069125000  0.262310900000 20973.362   389.033     0.884888625     0.994825892  -58.14057
   0  6 0.9518083700000 0.6000000000000 0.0450000000000 0.6000000000000 0.0200000000000 0.8901807308577 0.4857506057734 24707.581000000  2545.377287066 13108.322000000   464.756500000   176.177672425   292.446675000    -523574  0.464154581928  0.464154581928  0.173500150000  0.057626750000  0.417913000000 19463.722   399.718     0.791426375     0.994809047  -57.63633
   0  7 0.9880376300000 0.6000000000000 0.0450000000000 0.6000000000000 0.0200000000000 0.6700770445814 0.2627842366174 22446.749500000  2557.697532823 13468.272000000   431.887200000   149.252971822   256.493940000     -56398  0.401208458405  0.401208458405  0.123359400000  0.120687875000  0.382573700000 19519.829   369.482     0.866973500     0.994854643  -54.55012
   0 11 0.9840528100000 0.6000000000000 0.0450000000000 0.6000000000000 0.0200000000000 0.8995830102906 0.2816027339139 21791.797000000  2710.134868295 14404.228000000   492.362200000   124.365840275   236.044355000     -14402  0.516316897232  0.516316897232  0.237102750000  0.061175125000  0.386544600000 19171.777   400.832     0.860287375     0.995629680  -53.16610
   0  8 0.9852480600000 0.6000000000000 0.0450000000000 0.6000000000000 0.0200000000000 0.7644927791756 0.2914295513398 24191.597500000  2420.838987185 13201.162000000   463.596400000   134.732255815   238.934450000     -44636  0.412310550860  0.412310550860  0.149993500000  0.065244562500  0.583192900000 20384.485   382.387     0.832215625     0.994843533  -56.81524
   0  6 0.9876134000000 0.6000000000000 0.0450000000000 0.6000000000000 0.0200000000000 0.6606206265707 0.2760056225535 23502.584500000  2520.013357168 13287.834000000   465.602400000   130.541493242   234.213435000     -98907  0.368867421027  0.368867421027  0.149155050000  0.061221875000  0.218126100000 21766.704   385.692     0.937566250     0.995004193  -55.38674
   0  8 0.9797286100000 0.6000000000000 0.0450000000000 0.6000000000000 0.0200000000000 0.7591547130279 0.3067105842818 23583.193000000  2458.473226530 13196.090000000   470.568400000   131.447091674   235.939640000    -839186  0.456996885015  0.456996885015  0.132447250000  0.075426687500  0.233178000000 20232.622   385.344     0.849457250     0.995063485  -57.14427
   0  7 0.9880841200000 0.6000000000000 0.0450000000000 0.6000000000000 0.0200000000000 0.6944567835729 0.2721881801249 21174.226000000  2880.395532844 14663.638000000   442.420500000   151.345707799   268.642700000    -709849  0.386812790118  0.386812790118  0.163826300000  0.088819125000  0.588368400000 18123.559   382.334     0.856033125     0.995261742  -54.75370
   0  6 0.9540298000000 0.6000000000000 0.0450000000000 0.6000000000000 0.0200000000000 0.8981279315316 0.4849431305310 27486.043000000  2619.707253747 14182.562000000   495.009600000   147.101015572   258.010520000    -277884  0.446513455341  0.446513455341  0.117157800000  0.072478750000  0.479028200000 23302.748   410.025     0.837622875     0.994576384  -54.83305
   0 12 0.9842389300000 0.6000000000000 0.0450000000000 0.6000000000000 0.0200000000000 0.9097896079620 0.2617708281210 27549.047500000  2249.542034417 13621.384000000   467.971100000   154.141972778   262.087125000    -357787  0.582209834162  0.582209834162  0.133943400000  0.055838312500  0.303707300000 21150.868   389.985     0.736629000     0.994186444  -55.14106
   0 10 0.9701554500000 0.6000000000000 0.0450000000000 0.6000000000000 0.0200000000000 0.9236751381039 0.3559523300534 23189.627500000  2398.984214353 12889.590000000   466.541400000   142.942171412   252.397250000    -922325  0.570251049723  0.570251049723  0.135820000000  0.052257250000  0.461541700000 21263.931   390.212     0.918475125     0.995124662  -57.22746
   0  8 0.9822993200000 0.6000000000000 0.0450000000000 0.6000000000000 0.0200000000000 0.7436758702500 0.2927961911065 20341.438000000  2447.224800855 12251.698000000   489.407600000   121.445490374   227.029700000    -543682  0.446294177090  0.446294177090  0.219954300000  0.114722062500  0.341690200000 17579.044   392.163     0.868337625     0.995900177  -50.47680
   0  7 0.9679458700000 0.6000000000000 0.0450000000000 0.6000000000000 0.0200000000000 0.7832808048797 0.3695974424578 25039.289500000  2729.688518756 14851.882000000   495.592500000   141.152293522   256.707140000    -196415  0.475670147694  0.475670147694  0.148494350000  0.079347750000  0.301866500000 19472.836   410.642     0.775984750     0.995048197  -55.22582
   0  6 0.9867491500000 0.6000000000000 0.0450000000000 0.6000000000000 0.0200000000000 0.4746646663704 0.2003597715402 20936.936500000  2441.412980061 12132.330000000   449.736500000   169.570165919   289.085590000    -389718  0.520724889229  0.520724889229  0.143559200000  0.065144187500  0.466362600000 18413.270   393.235     0.888127875     0.995395244  -57.83905
   0  6 0.9691744900000 0.6000000000000 0.0450000000000 0.6000000000000 0.0200000000000 0.8287789945285 0.4098123362473 21664.397500000  2415.279320300 11859.994000000   479.058800000   144.587991145   259.031475000    -912970  0.391231165024  0.391231165024  0.140896500000  0.066191500000  0.412622600000 17300.612   399.748     0.809994750     0.995565891  -56.97888
   0  9 0.9649258200000 0.6000000000000 0.0450000000000 0.6000000000000 0.0200000000000 0.9637098634601 0.4118581542569 23695.715500000  2549.361358503 13703.960000000   445.622000000   184.748937686   298.406915000    -308130  0.523801230362  0.523801230362  0.150153150000  0.054489437500  0.594823500000 19363.742   387.938     0.803948500     0.994793333  -58.52220
   0 11 0.9769468700000 0.6000000000000 0.0450000000000 0.6000000000000 0.0200000000000 0.9263992349044 0.3131093082975 22531.732000000  2434.448550190 13157.254000000   455.011500000   178.268998803   297.219235000    -812225  0.573968279078  0.573968279078  0.169492300000  0.062062312500  0.435641400000 18316.716   395.322     0.790995750     0.995129105  -57.18523
   0  6 0.9615924900000 0.6000000000000 0.0450000000000 0.6000000000000 0.0200000000000 0.7408422402335 0.3843217863443 24810.559000000  2217.428032781 10834.690000000   438.098400000   186.067693001   289.952235000    -785381  0.487816358950  0.487816358950  0.216721150000  0.050917250000  0.472166900000 18481.416   375.361     0.765535500     0.994459737  -52.33221
   0  7 0.9835220400000 0.6000000000000 0.0450000000000 0.6000000000000 0.0200000000000 0.7886233573625 0.3257531124510 23459.411500000  2535.188437624 13521.802000000   448.516600000   158.999751325   272.035765000    -107445  0.368119940997  0.368119940997  0.157007250000  0.069717312500  0.480020800000 20102.256   386.159     0.851336250     0.994836975  -57.68269
   0  7 0.9631629200000 0.6000000000000 0.0450000000000 0.6000000000000 0.0200000000000 0.8955100891605 0.4358249675367 23771.680000000  2580.116228127 13530.512000000   444.535700000   151.582348989   258.460970000     -15334  0.447375548278  0.447375548278  0.192699900000  0.075423375000  0.547128600000 22079.471   378.918     0.944013000     0.994766463  -53.19751
   0 12 0.9863572600000 0.6000000000000 0.0450000000000 0.6000000000000 0.0200000000000 0.8746508019902 0.2448533600776 23104.577500000  2220.011164931 12348.152000000   495.913100000   157.484082422   282.016450000    -505094  0.580866583976  0.580866583976  0.129611400000  0.112395000000  0.255019000000 21321.958   424.517     0.921941500     0.995392860  -53.31773
   0 11 0.9767811900000 0.6000000000000 0.0450000000000 0.6000000000000 0.0200000000000 0.9026235572223 0.3055646570022 24930.088000000  2294.127456821 12947.560000000   441.428600000   155.394308697   259.271650000    -692655  0.590926392270  0.590926392270  0.175977500000  0.069676437500  0.351280700000 21314.084   372.471     0.828996500     0.994445233  -54.66801
   0  8 0.9867203900000 0.6000000000000 0.0450000000000 0.6000000000000 0.0200000000000 0.7637913284098 0.2861645678483 22880.207500000  2388.213131407 12691.454000000   481.911700000   151.889366416   271.788960000    -443558  0.402061285757  0.402061285757  0.131152050000  0.069946500000  0.391358200000 21371.927   413.341     0.950891875     0.995303917  -55.66002
   0  9 0.9731569000000 0.6000000000000 0.0450000000000 0.6000000000000 0.0200000000000 0.7749153813779 0.3115600035807 24350.722000000  2448.726927255 13399.446000000   487.167600000   163.981067788   287.136175000    -185359  0.566262441858  0.566262441858  0.147711100000  0.053980750000  0.333488700000 20637.917   417.737     0.832109375     0.995091591  -58.16476
   0  7 0.9750579200000 0.6000000000000 0.0450000000000 0.6000000000000 0.0200000000000 0.9288097758791 0.4154054362667 20233.802500000  2849.287456754 13925.308000000   448.961400000   167.221747199   290.508180000    -849155  0.358916206197  0.358916206197  0.146965600000  0.054376562500  0.549116200000 19052.115   395.321     0.982790875     0.995570767  -56.23129
   0  6 0.9807485400000 0.6000000000000 0.0450000000000 0.6000000000000 0.0200000000000 0.4994234320615 0.2246683108119 22866.734500000  2727.024420086 14249.338000000   446.310600000   164.949445000   281.588230000    -267351  0.544915471917  0.544915471917  0.160137850000  0.062350625000  0.289236600000 19864.824   388.359     0.867436125     0.994950546  -57.78884
   0  9 0.9807441600000 0.6000000000000 0.0450000000000 0.6000000000000 0.0200000000000 0.8410097670334 0.3154397445589 25679.081500000  2538.955418025 14476.578000000   445.257900000   161.624122030   270.615645000    -659569  0.456588450383  0.456588450383  0.135013100000  0.050268000000  0.207690700000 22571.215   382.818     0.859384500     0.994316128  -56.88360
   0  9 0.9865732000000 0.6000000000000 0.0450000000000 0.6000000000000 0.0200000000000 0.9068043008120 0.3186799194971 23282.453500000  2338.654704447 12660.906000000   490.318100000   133.927675444   244.412715000    -351391  0.380970582181  0.380970582181  0.161097850000  0.082877312500  0.251598200000 19655.049   402.393     0.832549250     0.995303745  -56.90945
   0  6 0.9843290500000 0.6000000000000 0.0450000000000 0.6000000000000 0.0200000000000 0.7348548572143 0.3187367482626 22906.762000000  2210.477564320 10878.190000000   498.272600000   154.227900824   275.633905000    -162246  0.349840122241  0.349840122241  0.153235550000  0.071610875000  0.457279200000 19406.356   421.855     0.852900125     0.995459799  -54.50225
   0  7 0.9735988100000 0.6000000000000 0.0450000000000 0.6000000000000 0.0200000000000 0.9367305491887 0.4239371585171 22495.984000000  2953.738740628 15274.428000000   464.690200000   140.768282687   256.411715000      -4819  0.364221135961  0.364221135961  0.191588650000  0.083080625000  0.374307100000 19985.133   393.942     0.887604250     0.995245241  -54.21889
   0  6 0.9728521800000 0.6000000000000 0.0450000000000 0.6000000000000 0.0200000000000 0.6334310809019 0.3049312598666 21131.471500000  2894.011915960 14350.786000000   471.181900000   124.568165626   231.935445000    -724361  0.484827623239  0.484827623239  0.144089500000  0.075672937500  0.457264900000 19569.163   387.584     0.949244375     0.995596538  -54.93169
   0  6 0.9827645100000 0.6000000000000 0.0450000000000 0.6000000000000 0.0200000000000 0.5465135953884 0.2409777555679 22603.228000000  2481.691149796 12734.776000000   454.368100000   176.170422717   295.578765000    -452897  0.482337797635  0.482337797635  0.156939650000  0.080268312500  0.429809700000 17980.050   395.882     0.802499250     0.995091670  -57.07825
   0 10 0.9828187700000 0.6000000000000 0.0450000000000 0.6000000000000 0.0200000000000 0.8683512288087 0.2972635206088 24648.019000000  2550.759231344 14480.776000000   469.182700000   164.787450786   284.902515000    -421975  0.481624840737  0.481624840737  0.139069700000  0.061194562500  0.557067600000 19497.770   403.323     0.770346250     0.994816478  -56.76457
   0  6 0.9783447900000 0.6000000000000 0.0450000000000 0.6000000000000 0.0200000000000 0.5524676871457 0.2541368459035 23738.767000000  2605.073657083 13721.308000000   437.341800000   174.659944441   286.293060000     -51885  0.511392190146  0.511392190146  0.133673250000  0.059724312500  0.291909900000 22235.728   384.157     0.956334875     0.994657190  -55.70575
   0  7 0.9884343900000 0.6000000000000 0.0450000000000 0.6000000000000 0.0200000000000 0.7609017603927 0.2969285660514 21913.661500000  3064.128359087 15743.834000000   445.746100000   162.445420448   285.019320000    -989628  0.350902257962  0.350902257962  0.128160100000  0.081174437500  0.387560100000 20036.633   391.927     0.921241625     0.995131667  -54.82366
   0 10 0.9899424400000 0.6000000000000 0.0450000000000 0.6000000000000 0.0200000000000 0.9058114441550 0.2836131862344 23335.832500000  2483.711134059 13836.944000000   444.472400000   180.368716079   296.552855000    -292442  0.403442707874  0.403442707874  0.134074050000  0.134488875000  0.553865800000 20277.860   390.340     0.849455625     0.994795208  -54.96056
   0  7 0.9878339200000 0.6000000000000 0.0450000000000 0.6000000000000 0.0200000000000 0.6049250297367 0.2378313405927 23161.291000000  2757.000784357 14809.250000000   461.419700000   148.211937005   265.091750000    -913297  0.445984930318  0.445984930318  0.164258100000  0.070804750000  0.577704800000 19858.366   395.121     0.850592750     0.995031357  -56.74074
   0  7 0.9767159600000 0.6000000000000 0.0450000000000 0.6000000000000 0.0200000000000 0.9549480137744 0.4211360924200 24538.453000000  2381.879893998 12597.268000000   469.778100000   161.853162983   277.682510000    -810232  0.339945095479  0.339945095479  0.155774600000  0.083167437500  0.308370500000 17376.784   398.282     0.728604000     0.994862598  -54.65441
   0  8 0.9784509600000 0.6000000000000 0.0450000000000 0.6000000000000 0.0200000000000 0.9616265337810 0.3932478803747 24314.960500000  2638.672649921 14487.572000000   494.040900000   143.929252562   262.611870000     -72910  0.368723766015  0.368723766015  0.178880900000  0.062597812500  0.362510700000 22135.183   417.257     0.906971125     0.995155306  -55.43414
   0  6 0.9757571800000 0.6000000000000 0.0450000000000 0.6000000000000 0.0200000000000 0.6118672299949 0.2878082282954 24784.571500000  2459.338458819 12919.110000000   451.267200000   184.855948146   298.863540000    -771764  0.480425832270  0.480425832270  0.167823200000  0.068158062500  0.400824100000 21944.713   395.365     0.883093250     0.994600619  -56.84975
   0  7 0.9841209600000 0.6000000000000 0.0450000000000 0.6000000000000 0.0200000000000 0.8076182747597 0.3314553524428 22650.505000000  2366.814502125 12228.448000000   466.304500000   158.754353994   276.509715000    -736732  0.355864064242  0.355864064242  0.170722950000  0.092099312500  0.464099900000 21225.373   403.295     0.961407500     0.995203425  -53.87515
   0  8 0.9862238900000 0.6000000000000 0.0450000000000 0.6000000000000 0.0200000000000 0.7764109305151 0.2926237179776 22185.916000000  2181.681004419 11077.298000000   458.839200000   157.220346978   271.004150000    -846248  0.399031589071  0.399031589071  0.104333450000  0.057500312500  0.370997100000 18259.343   390.843     0.825598000     0.995219011  -55.62601
   0  9 0.9886005400000 0.6000000000000 0.0450000000000 0.6000000000000 0.0200000000000 0.7850639827065 0.2689011460145 21174.145000000  2361.961268357 12271.720000000   493.813800000   138.813800884   257.212580000    -217898  0.423848806423  0.423848806423  0.118394600000  0.060860312500  0.203555500000 18052.374   412.353     0.847982250     0.995753350  -57.79643
   0  7 0.9891727300000 0.6000000000000 0.0450000000000 0.6000000000000 0.0200000000000 0.4695268017823 0.1815096454054 22335.536500000  2676.621252456 14130.340000000   499.972500000   119.855070294   226.666480000    -231658  0.561418741619  0.561418741619  0.163856300000  0.053787375000  0.403409800000 20033.084   402.885     0.897511875     0.995573796  -57.39751
   0  7 0.9703849400000 0.6000000000000 0.0450000000000 0.6000000000000 0.0200000000000 0.7518879226993 0.3487163731595 23860.631500000  2913.126473459 15533.634000000   479.336500000   158.883609033   283.646585000    -642484  0.477207683066  0.477207683066  0.133761250000  0.063937187500  0.322923600000 20160.044   413.095     0.836766500     0.995117085  -56.29523
   0  6 0.9723612700000 0.6000000000000 0.0450000000000 0.6000000000000 0.0200000000000 0.8356569108568 0.4037865159467 22439.878000000  2301.469095428 11285.960000000   435.565800000   177.924157376   287.049725000    -729244  0.370200313591  0.370200313591  0.133927950000  0.060631562500  0.407284000000 18645.641   377.441     0.838216875     0.994942523  -56.33491
   0  7 0.9780727600000 0.6000000000000 0.0450000000000 0.6000000000000 0.0200000000000 0.8494718489700 0.3701501895254 24633.898000000  2425.488582513 12954.524000000   446.393000000   149.117951372   253.893875000    -843402  0.373870954917  0.373870954917  0.112219650000  0.090803250000  0.510390800000 22153.204   377.945     0.897635750     0.994568878  -53.97090
   0  6 0.9838943000000 0.6000000000000 0.0450000000000 0.6000000000000 0.0200000000000 0.5656098317189 0.2464731535179 26329.525000000  2454.968617482 13319.102000000   454.270900000   177.451116196   290.021785000    -527787  0.457709609638  0.457709609638  0.171386550000  0.065503125000  0.412493400000 22499.340   394.827     0.845456000     0.994277429  -56.27735
   0  6 0.9861824000000 0.6000000000000 0.0450000000000 0.6000000000000 0.0200000000000 0.4874578209436 0.2071155649121 23396.096500000  2466.182882472 12875.186000000   498.572000000   143.545360905   262.044355000    -438119  0.511781375512  0.511781375512  0.150432200000  0.087215000000  0.577491200000 20514.081   419.408     0.875738750     0.995360143  -56.62292
   0  9 0.9788875200000 0.6000000000000 0.0450000000000 0.6000000000000 0.0200000000000 0.7750047377813 0.2960849460923 23039.345500000  2611.366514904 14102.190000000   440.598800000   174.790644110   289.412735000     -91111  0.512132356791  0.512132356791  0.127072150000  0.069790562500  0.384435500000 20923.100   386.108     0.904494000     0.994851528  -57.54173
   0  9 0.9854975300000 0.6000000000000 0.0450000000000 0.6000000000000 0.0200000000000 0.6465232114055 0.2301677387638 23354.287000000  2386.706231061 12976.298000000   470.523000000   150.508886401   266.021770000     -71687  0.544997756200  0.544997756200  0.130498250000  0.054258000000  0.227672500000 20964.540   400.801     0.890965750     0.995094509  -58.80553
   0  9 0.9665935500000 0.6000000000000 0.0450000000000 0.6000000000000 0.0200000000000 0.8745142545424 0.3695102803384 24553.019500000  2671.369968927 14690.928000000   468.479900000   145.699138586   257.749415000    -617609  0.561272353169  0.561272353169  0.120406050000  0.050704562500  0.264069500000 21552.272   394.058     0.861545875     0.994865597  -57.98231
   0  8 0.9825684100000 0.6000000000000 0.0450000000000 0.6000000000000 0.0200000000000 0.7311413294904 0.2870496658507 20692.019500000  2420.772351408 12214.700000000   494.597400000   157.596567189   287.092300000     -32994  0.451829043671  0.451829043671  0.144022200000  0.050022437500  0.234547600000 18685.187   426.986     0.913771625     0.995872637  -56.14161
   0  6 0.9884641400000 0.6000000000000 0.0450000000000 0.6000000000000 0.0200000000000 0.5307831344723 0.2194629746775 20149.778500000  3302.341156393 15588.910000000   446.985400000   157.173612894   283.772165000    -337724  0.452677906994  0.452677906994  0.170918600000  0.059474500000  0.525814000000 18305.882   392.711     0.923974625     0.995535849  -54.95792
   0  8 0.9858304400000 0.6000000000000 0.0450000000000 0.6000000000000 0.0200000000000 0.7563975167536 0.2864045176183 23018.434000000  2587.992579884 13948.218000000   479.410300000   137.731929149   251.698760000    -563316  0.412455875410  0.412455875410  0.140923400000  0.059675500000  0.311903500000 20525.518   402.248     0.886336000     0.995253668  -58.49863
   0  8 0.9629013700000 0.6000000000000 0.0450000000000 0.6000000000000 0.0200000000000 0.9200574446626 0.4234096016061 19731.940000000  2424.668436215 11645.278000000   487.992100000   126.418038548   233.890450000    -314526  0.497183155584  0.497183155584  0.210105850000  0.062437875000  0.309016200000 17168.222   392.528     0.880923625     0.996042975  -52.06154
   0  6 0.9761061500000 0.6000000000000 0.0450000000000 0.6000000000000 0.0200000000000 0.6472989163379 0.3035894152399 23114.378500000  2680.603772142 13975.198000000   472.381100000   169.545038196   294.532980000    -594464  0.451723425233  0.451723425233  0.184727450000  0.082747187500  0.472725300000 19826.794   411.596     0.856036875     0.995188778  -55.56970
   0  8 0.9802822300000 0.6000000000000 0.0450000000000 0.6000000000000 0.0200000000000 0.7462143916315 0.2998607691606 25680.404500000  2478.714168698 13843.146000000   489.715400000   130.931493443   236.220245000    -948455  0.460531355063  0.460531355063  0.167175350000  0.059848750000  0.363667900000 22047.458   398.058     0.843745625     0.994833146  -56.48714
   0  7 0.9801237900000 0.6000000000000 0.0450000000000 0.6000000000000 0.0200000000000 0.7745224111038 0.3311130869353 20620.172500000  2676.541355353 13379.328000000   435.091000000   168.784500069   285.469120000    -843650  0.396556048483  0.396556048483  0.161544200000  0.060312812500  0.555654600000 16833.403   379.097     0.822539000     0.995330788  -55.80286
   0  9 0.9829945600000 0.6000000000000 0.0450000000000 0.6000000000000 0.0200000000000 0.9642310268528 0.3531732207948 22671.106000000  2316.319520388 12286.744000000   459.104100000   157.075989469   271.720060000    -434441  0.382446472808  0.382446472808  0.138229700000  0.110422312500  0.404798600000 19239.245   392.234     0.840029500     0.995127058  -55.98676
   0  9 0.9652296200000 0.6000000000000 0.0450000000000 0.6000000000000 0.0200000000000 0.9184786825636 0.3917283060496 25755.761500000  2467.025314462 13717.458000000   485.000000000   143.269950625   253.416840000    -327079  0.546804352250  0.546804352250  0.199808150000  0.057882375000  0.596321100000 20847.665   399.636     0.793108625     0.994799704  -55.61301
   0  9 0.9662704900000 0.6000000000000 0.0450000000000 0.6000000000000 0.0200000000000 0.8472760163163 0.3588041388365 21889.861000000  2585.021657507 13367.052000000   475.821400000   153.902497581   274.676000000    -170758  0.582477872975  0.582477872975  0.104141050000  0.105295875000  0.267055800000 18361.142   404.751     0.829922750     0.995493584  -55.03052
   0  6 0.9847547500000 0.6000000000000 0.0450000000000 0.6000000000000 0.0200000000000 0.5643064738965 0.2436337170137 25252.508500000  2527.696238006 13667.216000000   465.348400000   145.777223375   255.058090000    -203714  0.452453898582  0.452453898582  0.162379900000  0.064951750000  0.218632000000 20243.447   390.616     0.799655250     0.994639328  -56.89950
   0  8 0.9822965500000 0.6000000000000 0.0450000000000 0.6000000000000 0.0200000000000 0.8322795363874 0.3276902361598 19908.331000000  2572.691595686 12757.928000000   475.211200000   149.001997407   272.347180000    -806752  0.398801317655  0.398801317655  0.181562850000  0.064390062500  0.286175800000 18285.429   408.317     0.939141125     0.995867606  -55.43814
   0  9 0.9635292700000 0.6000000000000 0.0450000000000 0.6000000000000 0.0200000000000 0.8925444823274 0.3849643848907 22214.144500000  2642.960254716 13734.932000000   493.985700000   148.675777845   271.545730000    -888941  0.578920606695  0.578920606695  0.183075100000  0.064044000000  0.423463200000 18942.949   416.717     0.842459375     0.995598503  -56.26543
   0  6 0.9879739800000 0.6000000000000 0.0450000000000 0.6000000000000 0.0200000000000 0.6907393828033 0.2873294170895 24607.357000000  2393.848949925 12636.602000000   472.474400000   138.717529149   245.447840000     -68596  0.350687941927  0.350687941927  0.198640200000  0.078696875000  0.336528000000 21160.305   392.463     0.855246500     0.994844155  -54.62020
   0 10 0.9893274600000 0.6000000000000 0.0450000000000 0.6000000000000 0.0200000000000 0.9558967140723 0.3018810008867 25031.810500000  2593.088008983 14995.956000000   451.248400000   178.495124924   295.557770000    -841356  0.386830495743  0.386830495743  0.154504850000  0.055215437500  0.442555100000 20426.313   394.025     0.790695000     0.994503247  -56.88915
   0  6 0.9889115900000 0.6000000000000 0.0450000000000 0.6000000000000 0.0200000000000 0.7269296356011 0.2988842588382 24952.336000000  2485.818709509 13392.754000000   466.270000000   153.167317649   266.546255000    -627631  0.328081101779  0.328081101779  0.121458150000  0.075777687500  0.555668900000 20905.492   397.242     0.831787750     0.994698808  -57.75494
   0 12 0.9862650400000 0.6000000000000 0.0450000000000 0.6000000000000 0.0200000000000 0.9612058584897 0.2694156887396 24728.101000000  2538.629583468 14778.640000000   452.611200000   154.568727548   266.672225000      -1596  0.529523037690  0.529523037690  0.136350700000  0.055964375000  0.428891000000 20809.234   385.686     0.803266375     0.994597708  -57.05502
   0  6 0.9591831500000 0.6000000000000 0.0450000000000 0.6000000000000 0.0200000000000 0.7570475213835 0.3980659365251 22371.230500000  2529.559968916 12602.650000000   498.176700000   156.364728195   280.793735000    -341171  0.493672299674  0.493672299674  0.130929150000  0.062583750000  0.472826900000 20312.629   425.266     0.920596375     0.995609375  -56.50182
   0  9 0.9853999400000 0.6000000000000 0.0450000000000 0.6000000000000 0.0200000000000 0.6094291286772 0.2172119104009 22370.636500000  2288.081011342 12068.296000000   444.610400000   177.708368296   292.374135000    -970927  0.579203515596  0.579203515596  0.142509000000  0.120864312500  0.519645400000 17250.755   385.746     0.772217625     0.995027573  -53.48259
   0 10 0.9859006300000 0.6000000000000 0.0450000000000 0.6000000000000 0.0200000000000 0.9300686181428 0.3071112710521 22926.701500000  2385.302287641 13031.822000000   460.074100000   162.997122501   280.855095000    -688131  0.424379784870  0.424379784870  0.102266200000  0.055696500000  0.277152500000 20058.147   397.396     0.859765000     0.995073673  -58.69800
   0  7 0.9852188700000 0.6000000000000 0.0450000000000 0.6000000000000 0.0200000000000 0.7574903598399 0.3071280147717 25024.966000000  2736.693555272 15216.338000000   464.401700000   176.826607820   299.521925000    -526884  0.372443799356  0.372443799356  0.163372350000  0.081476375000  0.426645400000 21153.233   407.033     0.833552000     0.994675248  -55.11194
   0  6 0.9640794800000 0.6000000000000 0.0450000000000 0.6000000000000 0.0200000000000 0.9219261505895 0.4712552799353 25015.867000000  2534.917987326 13293.270000000   449.539600000   181.797347521   293.976320000    -275131  0.378482073237  0.378482073237  0.139875650000  0.056123312500  0.335320000000 22922.310   393.175     0.922444125     0.994552477  -56.56509
   0  7 0.9677560600000 0.6000000000000 0.0450000000000 0.6000000000000 0.0200000000000 0.8208249827003 0.3878160616748 25521.874000000  2222.532395303 11375.196000000   492.566200000   158.780817334   274.842075000    -717539  0.455237180364  0.455237180364  0.137497150000  0.057203187500  0.364993700000 19526.623   411.954     0.774672125     0.994922070  -56.12774
   0  6 0.9514461500000 0.6000000000000 0.0450000000000 0.6000000000000 0.0200000000000 0.8453247109441 0.4620466487175 22575.580000000  2620.127078059 13090.370000000   465.645800000   157.965051399   274.069030000    -416907  0.491155964866  0.491155964866  0.132653700000  0.062249625000  0.578207200000 20309.057   398.373     0.908136375     0.995266270  -58.39769
   0  7 0.9817352700000 0.6000000000000 0.0450000000000 0.6000000000000 0.0200000000000 0.8006471261889 0.3369016831175 20886.055000000  2567.497847400 12935.662000000   470.206500000   151.191552313   272.247340000    -444131  0.373553820922  0.373553820922  0.149375900000  0.101467937500  0.474824100000 19109.040   404.628     0.931145000     0.995619914  -55.41142
   0 11 0.9896580000000 0.6000000000000 0.0450000000000 0.6000000000000 0.0200000000000 0.8427526394222 0.2451245872292 22347.065500000  2427.768421533 13321.760000000   465.444900000   146.937121603   262.698385000    -265651  0.494275692472  0.494275692472  0.134988250000  0.061629187500  0.323965100000 17014.716   392.409     0.748210500     0.995241322  -55.10583
   0  6 0.9858994900000 0.6000000000000 0.0450000000000 0.6000000000000 0.0200000000000 0.5995335021097 0.2555597076454 22529.288500000  2767.288985708 14455.546000000   491.375700000   126.967434865   237.992210000     -25319  0.418033960387  0.418033960387  0.151484850000  0.053545500000  0.249470300000 20714.016   405.495     0.930119625     0.995467447  -57.34925
   0  9 0.9778874400000 0.6000000000000 0.0450000000000 0.6000000000000 0.0200000000000 0.8579648660857 0.3309121380930 21983.038000000  2422.938526118 12679.290000000   470.317700000   144.967630147   259.429860000    -111432  0.470871392964  0.470871392964  0.287100800000  0.052241437500  0.227501300000 20485.457   398.414     0.951224250     0.995400290  -50.70220
   0  6 0.9783277900000 0.6000000000000 0.0450000000000 0.6000000000000 0.0200000000000 0.9197661945604 0.4231596480211 20745.250000000  2663.501625544 13194.332000000   468.925700000   165.514484547   292.359770000    -356255  0.307254055001  0.307254055001  0.138731700000  0.056366062500  0.455539500000 17736.125   408.660     0.861992625     0.995645448  -58.07255
   0  8 0.9658784100000 0.6000000000000 0.0450000000000 0.6000000000000 0.0200000000000 0.8363249433704 0.3775804938668 23109.194500000  2433.600572874 12678.428000000   489.868800000   127.161221424   231.109685000    -839309  0.521639795793  0.521639795793  0.106578600000  0.074191687500  0.233967700000 19647.410   392.015     0.845471750     0.995379543  -56.88597
   0  8 0.9613750600000 0.6000000000000 0.0450000000000 0.6000000000000 0.0200000000000 0.8174630007315 0.3797115711235 23729.776000000  2428.646582334 12722.984000000   472.529500000   146.153978552   256.610810000    -403993  0.573218168459  0.573218168459  0.128735550000  0.050320562500  0.293801700000 20367.092   394.037     0.852767875     0.995087452  -59.02384
   0  6 0.9715480500000 0.6000000000000 0.0450000000000 0.6000000000000 0.0200000000000 0.9355314175136 0.4548005109693 23505.541000000  2280.343090432 11299.528000000   471.600700000   178.003128034   298.293750000    -674179  0.334696002987  0.334696002987  0.144696650000  0.086097250000  0.358808500000 19937.799   408.912     0.852291250     0.995108700  -55.51831
   0 11 0.9829111700000 0.6000000000000 0.0450000000000 0.6000000000000 0.0200000000000 0.9775575671318 0.3101487323265 19791.934000000  2938.505981062 14301.442000000   462.706300000   140.526604830   261.141310000    -949567  0.485668397502  0.485668397502  0.114941400000  0.060006875000  0.244077600000 17910.422   394.239     0.903261000     0.995779234  -54.86738
   0  6 0.9679288600000 0.6000000000000 0.0450000000000 0.6000000000000 0.0200000000000 0.6002773640609 0.2993605398099 23673.265000000  2942.940851888 15425.990000000   438.990300000   160.603826121   273.243205000    -216862  0.550041205275  0.550041205275  0.138013800000  0.071738000000  0.335802100000 20594.733   379.632     0.865978500     0.994714734  -55.82811
   0  8 0.9581455300000 0.6000000000000 0.0450000000000 0.6000000000000 0.0200000000000 0.8643702825666 0.4090559191250 20756.347000000  2935.067804233 14324.126000000   449.032800000   175.722514457   298.288420000    -515997  0.570172612466  0.570172612466  0.155030300000  0.050244625000  0.408642100000 17665.153   392.978     0.850434750     0.995481482  -57.25841
   0  8 0.9869132900000 0.6000000000000 0.0450000000000 0.6000000000000 0.0200000000000 0.6073806651009 0.2270331862365 21375.187000000  2395.119244992 12337.938000000   440.310000000   180.297561721   296.657960000    -181626  0.503865014714  0.503865014714  0.234631250000  0.050291375000  0.590033800000 16261.310   384.306     0.771231000     0.995197685  -53.06600
 
  COND2           1      560116  8.532808645534487E+044  1.012758110435118E+043
  1.186898889341821E-002         100
    560116  19713888    843215         0     27532         0         0         0         0         0   4226008         0         0   6329241    560116
 PARAMETER FILE GB58B.PAR   
