  Aa Am            MSYL            MSYR           MORTJ           MORTA             K1+           PInit      ISEED   PTarget           CVADD              AR        PREG-MAX           GAMMA              P0   SSTILDA     LIKEL
   0  7 0.9691676400000 0.6000000000000 0.0450000000000 0.6000000000000 0.0200000000000 0.8618428324063 0.4032228770598 22652.719000000  2810.582266019 14584.306000000   277.359500000    87.670439084   126.994968653    -985883  0.424252408732  0.424252408732  0.154615050000  0.053473062500  0.520059000000 20693.015   202.104     0.921316500     0.991991986  -57.52518
   0  6 0.9884721000000 0.6000000000000 0.0450000000000 0.6000000000000 0.0200000000000 0.6619910830872 0.2736864688963 22087.973500000  2599.208532974 13429.938000000   322.270200000    72.413073170   108.236489892    -429559  0.362908266864  0.362908266864  0.143061150000  0.060738437500  0.422361800000 18120.580   203.589     0.823821500     0.993212652  -57.36309
   0  6 0.9534023500000 0.6000000000000 0.0450000000000 0.6000000000000 0.0200000000000 0.7566136713083 0.4097727870848 23412.121000000  2566.198755787 12991.840000000   354.525200000    68.849392369   101.117398143    -408937  0.534533371857  0.534533371857  0.173951300000  0.074257125000  0.515786600000 19893.537   201.973     0.849885000     0.993550293  -55.17111
   0  7 0.9827139000000 0.6000000000000 0.0450000000000 0.6000000000000 0.0200000000000 0.6483722307554 0.2701079760546 23455.199500000  2532.571027323 13489.004000000   362.618200000    71.403019297   109.196317196     -24205  0.453840328243  0.453840328243  0.118580650000  0.058128312500  0.212618700000 20390.182   221.249     0.864346375     0.993618131  -57.16450
   0  9 0.9700069100000 0.6000000000000 0.0450000000000 0.6000000000000 0.0200000000000 0.8047829753541 0.3317188419946 22053.319000000  2545.068611342 13265.548000000   318.570000000    71.389622337   105.565158725    -596531  0.575583293959  0.575583293959  0.138864450000  0.107630312500  0.414464400000 19883.005   198.805     0.902024875     0.993210361  -54.75229
   0  9 0.9788075800000 0.6000000000000 0.0450000000000 0.6000000000000 0.0200000000000 0.6746784138720 0.2579546772353 21693.436000000  2625.289054163 13713.746000000   291.334400000    76.737647405   112.848373652    -367798  0.589122146936  0.589122146936  0.156631600000  0.069728687500  0.259914900000 19991.906   197.244     0.931098750     0.992668878  -55.57974
   0 10 0.9893603400000 0.6000000000000 0.0450000000000 0.6000000000000 0.0200000000000 0.6397354650043 0.2019428572373 23038.495000000  2309.241863665 12650.720000000   455.217900000    61.738753718    95.574201941    -846639  0.577640015734  0.577640015734  0.157500600000  0.061526562500  0.285097100000 20096.236   222.178     0.857505125     0.994984956  -55.98622
   0  9 0.9829424800000 0.6000000000000 0.0450000000000 0.6000000000000 0.0200000000000 0.7168602264252 0.2627168066688 23223.566500000  2471.887978686 13428.070000000   324.566900000    73.115269105   108.206138611    -470460  0.514903831374  0.514903831374  0.126436300000  0.069701625000  0.262435500000 20234.500   205.148     0.859071375     0.992939409  -57.83432
   0  7 0.9722388100000 0.6000000000000 0.0450000000000 0.6000000000000 0.0200000000000 0.9689904384618 0.4432178767129 22507.675000000  2717.232084913 14104.796000000   349.583400000    75.753033195   119.202933908    -962960  0.359720526374  0.359720526374  0.157300300000  0.056992875000  0.266156500000 19569.363   228.429     0.867410875     0.993679872  -53.83884
   0  7 0.9567771300000 0.6000000000000 0.0450000000000 0.6000000000000 0.0200000000000 0.8157166154979 0.4116276585425 24761.594500000  2732.962782855 14610.148000000   276.453100000    91.496140176   127.414904237    -244407  0.539773169097  0.539773169097  0.169599350000  0.081653000000  0.554721400000 19557.336   196.781     0.787036625     0.991246922  -55.33796
   0  6 0.9688404400000 0.6000000000000 0.0450000000000 0.6000000000000 0.0200000000000 0.7934259175447 0.3932380792558 24450.635500000  2694.692702888 14288.470000000   277.824600000    87.431213342   122.187634110    -432717  0.410660736945  0.410660736945  0.208935150000  0.065897625000  0.420612400000 19554.855   194.827     0.799522750     0.991371855  -54.21008
   0 10 0.9831658300000 0.6000000000000 0.0450000000000 0.6000000000000 0.0200000000000 0.9205040973966 0.3138930540865 25519.808500000  2316.303150646 13179.222000000   365.863800000    70.426875052   104.162359238    -367035  0.451402960616  0.451402960616  0.206639500000  0.116412750000  0.457730800000 21313.831   213.351     0.812251875     0.993116148  -52.02987
   0  7 0.9872901700000 0.6000000000000 0.0450000000000 0.6000000000000 0.0200000000000 0.8433468444269 0.3337748820170 22551.131500000  2464.402883184 12908.134000000   376.980400000    66.071621841    99.757177234    -493344  0.322909513710  0.322909513710  0.126451550000  0.086282312500  0.358480800000 19311.371   210.268     0.854001375     0.994080853  -56.77384
   0 11 0.9749902700000 0.6000000000000 0.0450000000000 0.6000000000000 0.0200000000000 0.9474010018305 0.3261860749084 22561.715500000  2953.764252004 15568.920000000   246.750700000   106.462836615   142.994952202    -985370  0.582262235630  0.582262235630  0.149984150000  0.054070375000  0.464290700000 20216.873   190.441     0.875815125     0.991014116  -56.46916
   0  9 0.9863039100000 0.6000000000000 0.0450000000000 0.6000000000000 0.0200000000000 0.7572010734172 0.2669794153625 25006.646500000  2342.930964473 13094.564000000   342.637700000    70.924334924   102.786664367    -971493  0.458505568411  0.458505568411  0.131969400000  0.106877750000  0.238101400000 21019.590   204.147     0.823923375     0.992783211  -55.37952
   0  6 0.9763923800000 0.6000000000000 0.0450000000000 0.6000000000000 0.0200000000000 0.7865376818844 0.3680059395838 22209.068500000  2958.393058880 15113.000000000   266.535500000    94.081951327   135.586248636    -481699  0.370137170477  0.370137170477  0.169663650000  0.077737937500  0.373693400000 20172.969   201.807     0.916630125     0.991805950  -55.68367
   0 12 0.9837016300000 0.6000000000000 0.0450000000000 0.6000000000000 0.0200000000000 0.9636164223895 0.2791149006562 22231.316500000  2503.972447749 13655.618000000   311.296200000    74.654842976   111.903795600    -122089  0.555515281963  0.555515281963  0.119256500000  0.069851937500  0.211374800000 20440.608   204.859     0.913068625     0.992949761  -56.75275
   0  7 0.9790795000000 0.6000000000000 0.0450000000000 0.6000000000000 0.0200000000000 0.7384816692605 0.3188338298462 25173.965500000  2377.837903878 12731.868000000   429.425100000    64.756117154    96.892851591    -212808  0.423077607800  0.423077607800  0.114993250000  0.105915312500  0.410563600000 21255.185   218.055     0.837253250     0.994227574  -54.53113
   0  7 0.9515112100000 0.6000000000000 0.0450000000000 0.6000000000000 0.0200000000000 0.8062620619257 0.4176751347529 22775.569000000  2536.663505211 12838.616000000   403.771400000    65.104546289    98.627508283    -755237  0.589192433153  0.589192433153  0.184011700000  0.065360500000  0.244530100000 18571.819   209.526     0.817203875     0.994492457  -55.02884
   0  8 0.9801467200000 0.6000000000000 0.0450000000000 0.6000000000000 0.0200000000000 0.7692892327325 0.3095441751387 23472.547000000  2667.695914885 14432.948000000   258.282400000    91.084833349   124.535406828    -391780  0.447757551883  0.447757551883  0.128298350000  0.051810750000  0.368554000000 20034.495   187.267     0.842897750     0.991046310  -56.38142
   0  9 0.9603841000000 0.6000000000000 0.0450000000000 0.6000000000000 0.0200000000000 0.9368751276771 0.4120930541624 22700.441500000  2526.609567259 13209.924000000   352.455900000    69.508841403   104.661268592    -523906  0.581047567072  0.581047567072  0.124897900000  0.098164000000  0.330487100000 19844.716   207.962     0.866594375     0.993701052  -56.24950
   0  7 0.9825589000000 0.6000000000000 0.0450000000000 0.6000000000000 0.0200000000000 0.4953217501156 0.2066798583581 21861.484000000  2539.393563142 13090.990000000   399.319400000    65.855664553   102.728588581     -69024  0.595610377729  0.595610377729  0.116939050000  0.059197000000  0.207353700000 18918.796   220.840     0.865798125     0.994598947  -56.93085
   0  6 0.9766436700000 0.6000000000000 0.0450000000000 0.6000000000000 0.0200000000000 0.4998499194726 0.2333721820491 25898.267500000  2474.471318374 13249.540000000   334.128700000    73.759913135   105.305022597     -93034  0.580197490908  0.580197490908  0.125735200000  0.075998812500  0.575054700000 23490.264   206.941     0.905925000     0.992376906  -53.75379
   0  7 0.9791276200000 0.6000000000000 0.0450000000000 0.6000000000000 0.0200000000000 0.6542444635805 0.2823386468563 23567.060500000  2731.963095905 14638.718000000   273.275800000    90.171878391   127.879169583     -32514  0.477176184147  0.477176184147  0.167687350000  0.058206625000  0.332354000000 20077.190   198.889     0.844908875     0.991508016  -57.36414
   0  6 0.9808630300000 0.6000000000000 0.0450000000000 0.6000000000000 0.0200000000000 0.8209077782871 0.3688823758143 21708.124000000  3192.127666716 15919.314000000   263.997600000   102.216312701   148.688850999    -884916  0.330919601289  0.330919601289  0.139474100000  0.071257625000  0.408169000000 19875.443   207.646     0.927947250     0.991895487  -54.62625
   0  6 0.9583270700000 0.6000000000000 0.0450000000000 0.6000000000000 0.0200000000000 0.7086256491653 0.3743304417231 23942.954500000  2728.111395972 14184.648000000   285.723400000    84.745289076   120.500530601    -788653  0.533682822019  0.533682822019  0.137218850000  0.062918375000  0.258412600000 21569.789   200.222     0.903286875     0.991808346  -57.35153
   0  9 0.9859475500000 0.6000000000000 0.0450000000000 0.6000000000000 0.0200000000000 0.8143180248145 0.2883550570264 22102.931500000  2420.672338166 12849.884000000   395.661000000    64.369616628    98.810615540    -468469  0.429144466729  0.429144466729  0.142581850000  0.099725187500  0.266316300000 17245.253   210.736     0.778018125     0.994477328  -53.89650
   0 11 0.9830390000000 0.6000000000000 0.0450000000000 0.6000000000000 0.0200000000000 0.9598991655091 0.3040957311545 22472.845000000  2534.573699485 13803.296000000   312.708200000    75.998014438   114.303561449    -569888  0.493391693570  0.493391693570  0.121464150000  0.099935875000  0.549704000000 20050.091   207.404     0.875250875     0.992908145  -56.31636
   0  6 0.9861538500000 0.6000000000000 0.0450000000000 0.6000000000000 0.0200000000000 0.6851624675289 0.2912134871848 22628.149000000  2665.853244817 13930.608000000   295.415100000    79.285632194   116.372376680    -806839  0.364275807733  0.364275807733  0.180763000000  0.069611250000  0.557012400000 21160.083   205.104     0.955732250     0.992426488  -55.08906
   0  6 0.9675490700000 0.6000000000000 0.0450000000000 0.6000000000000 0.0200000000000 0.7126400770647 0.3563006697776 21420.506500000  2632.601528424 13075.262000000   382.930600000    66.342208560   102.473008633    -849728  0.465872424652  0.465872424652  0.143456250000  0.053020875000  0.528790200000 17921.787   212.609     0.842255625     0.994518255  -57.02885
   0  6 0.9776403400000 0.6000000000000 0.0450000000000 0.6000000000000 0.0200000000000 0.6872949266410 0.3181364260622 24876.587500000  2444.331656598 12862.064000000   447.458600000    64.974706875    99.008538127    -168318  0.415561245798  0.415561245798  0.151493850000  0.056699312500  0.410663500000 19276.585   223.333     0.780656500     0.994529595  -55.59582
   0  6 0.9720220600000 0.6000000000000 0.0450000000000 0.6000000000000 0.0200000000000 0.6959882359127 0.3371579595180 19759.493500000  2968.423953463 14061.406000000   291.866700000    77.034429488   118.497849703    -870450  0.446738520359  0.446738520359  0.146607300000  0.050789062500  0.254149000000 18361.949   203.052     0.962698250     0.993354923  -55.44107
   0  8 0.9764502600000 0.6000000000000 0.0450000000000 0.6000000000000 0.0200000000000 0.8161665307416 0.3398564909637 25918.004500000  2425.841696781 13443.934000000   342.921200000    74.431703852   108.463926911    -976816  0.449390370085  0.449390370085  0.177660200000  0.051924312500  0.358648400000 20829.664   210.301     0.793735125     0.992567375  -56.27999
   0  6 0.9600767700000 0.6000000000000 0.0450000000000 0.6000000000000 0.0200000000000 0.8855071871747 0.4633268187459 24184.793500000  2476.824145348 12663.950000000   438.375300000    63.785392281    95.789186954    -750442  0.416852969305  0.416852969305  0.169652600000  0.102823500000  0.456487700000 21486.092   215.898     0.890243500     0.994604847  -53.68210
   0  6 0.9690505200000 0.6000000000000 0.0450000000000 0.6000000000000 0.0200000000000 0.6125782336892 0.3031663796491 21738.674500000  2641.487706682 13241.686000000   326.767400000    70.614478372   105.177395344    -601346  0.530269792412  0.530269792412  0.139054950000  0.112163687500  0.525949600000 18708.864   200.104     0.864646750     0.993477350  -55.02718
   0  8 0.9776379300000 0.6000000000000 0.0450000000000 0.6000000000000 0.0200000000000 0.9452068255343 0.3894342434466 19904.794000000  2651.797189288 13056.850000000   406.648100000    63.708872612   102.173811793    -685867  0.380338671731  0.380338671731  0.145420700000  0.081117250000  0.282251500000 18749.981   222.834     0.985087375     0.995183629  -52.47866
   0  6 0.9585740200000 0.6000000000000 0.0450000000000 0.6000000000000 0.0200000000000 0.8793527128241 0.4639023627906 21919.804000000  2811.786337905 14038.444000000   287.100900000    80.644183575   118.124715686    -872479  0.428604797133  0.428604797133  0.121053350000  0.085683625000  0.266019600000 20043.120   199.115     0.928839750     0.992536122  -55.70165
   0  6 0.9800331900000 0.6000000000000 0.0450000000000 0.6000000000000 0.0200000000000 0.7509779176283 0.3401397253397 21973.345000000  2773.632694997 14200.208000000   295.397900000    80.718358497   120.753383040    -343536  0.366469727654  0.366469727654  0.121428150000  0.124883500000  0.263012900000 18814.811   205.616     0.857637250     0.992671768  -54.70595
   0  6 0.9741187100000 0.6000000000000 0.0450000000000 0.6000000000000 0.0200000000000 0.8431994913158 0.4019279759463 22498.778500000  2791.061366600 14364.556000000   307.175000000    81.458486826   123.424032331    -125639  0.357365978662  0.357365978662  0.167520700000  0.100413312500  0.230613200000 17301.074   211.255     0.779470625     0.992804588  -53.17973
   0 10 0.9746329100000 0.6000000000000 0.0450000000000 0.6000000000000 0.0200000000000 0.8354197944224 0.3101729385059 21859.891000000  2398.866341295 12581.572000000   483.930400000    60.138154130    94.450545907    -298098  0.581816488906  0.581816488906  0.134793200000  0.120994687500  0.203043700000 20045.240   223.572     0.923404750     0.995561420  -53.04564
   0  8 0.9850938600000 0.6000000000000 0.0450000000000 0.6000000000000 0.0200000000000 0.6988534985140 0.2668780976718 21354.667000000  2386.104640831 12243.824000000   481.870000000    58.157576380    88.962140083    -744695  0.452264794874  0.452264794874  0.118478150000  0.090952750000  0.421465600000 16686.133   206.340     0.788053125     0.995621269  -51.86295
   0  9 0.9740311200000 0.6000000000000 0.0450000000000 0.6000000000000 0.0200000000000 0.7586193345682 0.3027961531341 23233.691500000  2441.684399932 13077.538000000   384.156700000    67.274640439   102.509992719    -794144  0.569728677183  0.569728677183  0.141788450000  0.091108937500  0.472326900000 21524.655   218.513     0.936218750     0.994058773  -54.31348
   0  9 0.9586999800000 0.6000000000000 0.0450000000000 0.6000000000000 0.0200000000000 0.9577778445877 0.4254982238004 21483.295000000  2790.915674705 14098.478000000   290.540500000    79.932078036   119.100264907     -32132  0.584323945546  0.584323945546  0.166257400000  0.088900375000  0.598631000000 17681.760   198.062     0.814401875     0.992771164  -54.46069
   0  6 0.9621634700000 0.6000000000000 0.0450000000000 0.6000000000000 0.0200000000000 0.6402349482034 0.3310323735837 21343.138000000  3016.114856922 14797.874000000   264.794800000    89.988797959   130.465452075    -572490  0.559965339174  0.559965339174  0.136022250000  0.068138562500  0.371770900000 19194.542   196.155     0.909315750     0.992113633  -56.46415
   0  7 0.9720494800000 0.6000000000000 0.0450000000000 0.6000000000000 0.0200000000000 0.7034842267490 0.3222409751262 24152.204500000  2490.932518666 13194.390000000   370.755800000    69.629717446   104.408834577    -658552  0.496958734005  0.496958734005  0.156285850000  0.054256687500  0.233221800000 16843.114   210.225     0.720319250     0.993605858  -54.10636
   0  7 0.9802389900000 0.6000000000000 0.0450000000000 0.6000000000000 0.0200000000000 0.8312162962087 0.3549569560751 24085.798000000  2517.361781032 13501.282000000   311.362800000    75.832090141   109.395835996    -288098  0.368810285631  0.368810285631  0.152854550000  0.070280250000  0.259752000000 19756.156   199.802     0.815564250     0.992378291  -56.88168
   0  8 0.9681421600000 0.6000000000000 0.0450000000000 0.6000000000000 0.0200000000000 0.7751850312662 0.3445920872635 25310.801500000  2697.486473030 14929.168000000   271.563300000    96.535123063   132.598983645    -730121  0.542639591533  0.542639591533  0.162420300000  0.073510875000  0.526170900000 22173.295   200.638     0.862415000     0.990864561  -56.05701
   0  7 0.9621277500000 0.6000000000000 0.0450000000000 0.6000000000000 0.0200000000000 0.7499049029022 0.3672452738404 26194.619500000  2827.937726463 15646.222000000   250.190300000   114.546346720   144.251109362    -304871  0.542580831393  0.542580831393  0.123111050000  0.053699062500  0.206520300000 23156.262   192.831     0.872692000     0.989756089  -55.64924
   0 10 0.9768095500000 0.6000000000000 0.0450000000000 0.6000000000000 0.0200000000000 0.8678132420927 0.3158906485409 26338.786000000  2293.097550361 13049.506000000   365.259700000    70.259216470   102.054475546    -215193  0.538394517629  0.538394517629  0.191617900000  0.081468250000  0.350107000000 21896.163   208.956     0.808057250     0.992907452  -53.96914
   0  8 0.9796542500000 0.6000000000000 0.0450000000000 0.6000000000000 0.0200000000000 0.9388606499657 0.3795869661633 22732.720000000  2477.846658060 13092.844000000   355.161500000    68.445939139   102.758715153    -368106  0.369994236073  0.369994236073  0.151364400000  0.053931750000  0.472374300000 19182.402   207.188     0.837838500     0.993695522  -57.50584
   0  6 0.9840460300000 0.6000000000000 0.0450000000000 0.6000000000000 0.0200000000000 0.7670880053465 0.3337301249552 25178.393500000  2507.895051701 13498.256000000   338.591600000    74.596700045   109.346663356     -90970  0.336669170629  0.336669170629  0.135370250000  0.065547500000  0.355361700000 21971.463   213.492     0.865851750     0.992657314  -56.89706
   0 11 0.9897603100000 0.6000000000000 0.0450000000000 0.6000000000000 0.0200000000000 0.7757065020275 0.2252916569552 26039.585500000  2356.889358432 13963.684000000   295.683700000    83.345752721   116.909866333    -406613  0.535920534804  0.535920534804  0.140948050000  0.066442125000  0.326800300000 23801.629   203.826     0.894724250     0.991270821  -55.32494
   0  6 0.9721480200000 0.6000000000000 0.0450000000000 0.6000000000000 0.0200000000000 0.5570164475423 0.2695810743922 24471.884500000  2562.674620091 13506.458000000   343.637400000    73.820548720   109.479939342    -221933  0.557152895092  0.557152895092  0.125358250000  0.057388500000  0.507470000000 20812.969   213.199     0.846179750     0.993009675  -58.09037
   0  6 0.9528084800000 0.6000000000000 0.0450000000000 0.6000000000000 0.0200000000000 0.9506263354530 0.5163076211337 26126.431000000  2420.977480191 12480.368000000   467.034100000    62.937611076    92.805982232    -682867  0.428853464975  0.428853464975  0.138684400000  0.086063562500  0.406214800000 22286.475   213.935     0.849493125     0.994536917  -54.00459
   0  8 0.9580024400000 0.6000000000000 0.0450000000000 0.6000000000000 0.0200000000000 0.8578034614563 0.4062711796653 24025.439500000  2603.040296538 13843.332000000   302.660500000    79.668026980   114.954141974    -514687  0.575815285440  0.575815285440  0.146824700000  0.069243312500  0.438161800000 21572.737   202.649     0.895581500     0.992240642  -56.92317
   0  9 0.9899445900000 0.6000000000000 0.0450000000000 0.6000000000000 0.0200000000000 0.8414993603813 0.2830796020061 23485.993000000  2385.632008071 13096.350000000   403.309400000    66.569704144   102.815690637     -58122  0.385626414632  0.385626414632  0.119920750000  0.053714937500  0.312312000000 20702.119   224.815     0.869742500     0.994227071  -56.55799
   0  6 0.9641669000000 0.6000000000000 0.0450000000000 0.6000000000000 0.0200000000000 0.7380497324251 0.3770625707981 21251.432500000  2812.938041355 13894.278000000   322.357600000    75.137150861   115.782018304    -450697  0.472189634653  0.472189634653  0.207391000000  0.067563375000  0.531323600000 17285.396   210.061     0.820448500     0.993546246  -53.78976
   0  7 0.9553286500000 0.6000000000000 0.0450000000000 0.6000000000000 0.0200000000000 0.8817281697865 0.4482952792721 21308.605000000  2920.457295233 14388.496000000   290.024300000    82.298589563   123.813058734    -974136  0.509987926294  0.509987926294  0.119862400000  0.067262437500  0.260715400000 19372.279   205.210     0.921882125     0.992821933  -56.39862
   0  8 0.9798528600000 0.6000000000000 0.0450000000000 0.6000000000000 0.0200000000000 0.9158381290516 0.3695683994291 27830.279500000  2455.111038810 14107.076000000   286.554100000    88.409832823   119.239987731    -852899  0.378008056008  0.378008056008  0.121228150000  0.103750375000  0.452429800000 25620.488   201.611     0.913509125     0.990432908  -49.16483
   0 10 0.9802849900000 0.6000000000000 0.0450000000000 0.6000000000000 0.0200000000000 0.9532468501072 0.3353266955057 24036.725500000  2378.849109944 13182.340000000   370.346300000    69.082813025   104.213027358    -190922  0.459860832408  0.459860832408  0.108806400000  0.063036125000  0.267922600000 19897.407   213.888     0.807921625     0.993605066  -56.92221
   0  9 0.9698533100000 0.6000000000000 0.0450000000000 0.6000000000000 0.0200000000000 0.7844204577997 0.3237016584088 20839.736500000  2908.083871472 14467.276000000   307.346500000    79.793089471   125.093236566    -966021  0.592075533520  0.592075533520  0.166858650000  0.055675687500  0.208752400000 17188.240   213.199     0.817528250     0.993350065  -54.59016
   0  8 0.9812428100000 0.6000000000000 0.0450000000000 0.6000000000000 0.0200000000000 0.7175829353273 0.2856078097180 22750.972000000  2779.511609414 14797.758000000   267.280400000    91.608534699   130.463569164    -847012  0.471055300135  0.471055300135  0.119736300000  0.072223437500  0.491166900000 19231.110   196.802     0.836282125     0.991608720  -56.86432
   0  6 0.9630961900000 0.6000000000000 0.0450000000000 0.6000000000000 0.0200000000000 0.6587153411984 0.3387172986713 23375.414500000  2736.914226722 14155.846000000   298.887200000    81.963670316   120.032499433    -402457  0.537147043870  0.537147043870  0.122868500000  0.070447375000  0.371450000000 19803.838   205.011     0.845136625     0.992346038  -58.03040
   0  9 0.9884470500000 0.6000000000000 0.0450000000000 0.6000000000000 0.0200000000000 0.8605989114513 0.2953655922927 26332.711000000  2518.404920488 14678.698000000   306.471600000    88.594822143   128.528843522    -824012  0.387752424829  0.387752424829  0.135239450000  0.052486625000  0.438059600000 22945.555   219.155     0.848335500     0.991491323  -54.62067
   0  6 0.9705902700000 0.6000000000000 0.0450000000000 0.6000000000000 0.0200000000000 0.6144105979162 0.3007851545732 20518.598500000  2932.626287221 14233.006000000   295.984400000    79.045001399   121.286347508    -839765  0.516885321707  0.516885321707  0.223045800000  0.104069937500  0.517718700000 18312.369   206.494     0.904201500     0.993199363  -51.47258
   0  7 0.9854072300000 0.6000000000000 0.0450000000000 0.6000000000000 0.0200000000000 0.6144540032466 0.2486034409730 24797.774500000  2524.487663415 13816.756000000   292.699300000    81.157083239   114.522281289     -16245  0.457679235646  0.457679235646  0.110330700000  0.107075687500  0.289020200000 20266.555   197.337     0.810418750     0.991627355  -55.04962
   0  7 0.9818081100000 0.6000000000000 0.0450000000000 0.6000000000000 0.0200000000000 0.8888739920040 0.3737516279998 25425.214000000  2603.232602369 14417.488000000   281.251900000    89.189740151   124.284181595    -906721  0.336069906552  0.336069906552  0.155858400000  0.076136812500  0.591622000000 18639.471   197.337     0.741545875     0.991085401  -54.43708
   0  6 0.9776452900000 0.6000000000000 0.0450000000000 0.6000000000000 0.0200000000000 0.8634100982190 0.3996396180530 20584.222000000  2820.617067786 13884.134000000   309.797200000    75.113385051   115.617174506    -402847  0.330771427434  0.330771427434  0.142035550000  0.055367437500  0.233812800000 18499.280   208.093     0.911636125     0.993462081  -57.03232
   0  7 0.9849298000000 0.6000000000000 0.0450000000000 0.6000000000000 0.0200000000000 0.5752250403215 0.2339849050121 22693.691500000  2923.047146871 15410.078000000   249.369200000   103.169316850   140.413768291    -909097  0.492862506740  0.492862506740  0.208100600000  0.068922187500  0.288142800000 19991.615   192.176     0.876936125     0.991009107  -54.00671
   0  7 0.9844106600000 0.6000000000000 0.0450000000000 0.6000000000000 0.0200000000000 0.6680396264559 0.2733047239003 22727.333500000  2634.199705265 13928.760000000   301.292600000    78.684836668   116.342350841    -578083  0.428123293101  0.428123293101  0.148602550000  0.089760375000  0.336958600000 20049.854   205.377     0.879808500     0.992549932  -56.75491
   0  6 0.9868678600000 0.6000000000000 0.0450000000000 0.6000000000000 0.0200000000000 0.5877940776080 0.2477675279791 24361.360000000  2582.108906019 13884.436000000   335.221600000    76.966259232   115.622087121    -935661  0.419686055878  0.419686055878  0.115184350000  0.052944562500  0.544256200000 19841.308   218.455     0.811999000     0.992811214  -56.79545
   0 10 0.9881533500000 0.6000000000000 0.0450000000000 0.6000000000000 0.0200000000000 0.7228674256625 0.2319351056970 19636.576000000  2711.520825548 13497.194000000   330.904800000    69.110720784   109.329399467    -716800  0.523154433767  0.523154433767  0.160690400000  0.078794125000  0.579883800000 17516.366   209.060     0.891916625     0.994124700  -54.44231
   0  6 0.9714360700000 0.6000000000000 0.0450000000000 0.6000000000000 0.0200000000000 0.9489795196352 0.4617195577043 26726.128000000  2501.004655746 13492.984000000   364.299600000    74.190699484   109.260987043    -155091  0.330500552075  0.330500552075  0.138202150000  0.080440812500  0.212124400000 21392.147   218.990     0.796976625     0.992800753  -54.93388
   0  9 0.9691726800000 0.6000000000000 0.0450000000000 0.6000000000000 0.0200000000000 0.8818721306422 0.3657752479501 22779.794500000  2617.465343347 13879.478000000   354.870800000    73.928267658   115.541517138    -360635  0.532794285194  0.532794285194  0.147565050000  0.052916000000  0.313104700000 20708.649   226.650     0.908741000     0.993705984  -54.81739
   0  6 0.9569457800000 0.6000000000000 0.0450000000000 0.6000000000000 0.0200000000000 0.6690838866595 0.3560212140316 23307.671500000  2565.266500412 13014.486000000   372.076000000    67.996352237   101.485394835    -674485  0.576055897823  0.576055897823  0.137772400000  0.168829375000  0.500549000000 20853.552   209.827     0.899543375     0.993878116  -52.49455
   0  7 0.9806870800000 0.6000000000000 0.0450000000000 0.6000000000000 0.0200000000000 0.6881692354194 0.2925978255458 23221.028500000  2516.667405907 13290.884000000   347.147100000    70.772578898   105.976865292    -871922  0.442202241138  0.442202241138  0.155522900000  0.076922437500  0.393124600000 18517.204   208.382     0.798392500     0.993407792  -56.38757
   0  9 0.9873578400000 0.6000000000000 0.0450000000000 0.6000000000000 0.0200000000000 0.7680107451744 0.2672894232386 22632.644500000  2476.212215392 13367.950000000   361.886500000    69.635853249   107.229186893    -576039  0.443357195387  0.443357195387  0.127123300000  0.068842687500  0.366081300000 20190.432   218.871     0.884770750     0.993811400  -57.02663
   0  7 0.9827775700000 0.6000000000000 0.0450000000000 0.6000000000000 0.0200000000000 0.8597114276270 0.3579135135711 21971.549500000  2991.274474152 15376.002000000   254.011800000    99.641015433   139.860029817     -29166  0.341911356268  0.341911356268  0.148190700000  0.077161250000  0.345856400000 19465.331   195.244     0.885602500     0.991465438  -56.06417
   0  6 0.9670037900000 0.6000000000000 0.0450000000000 0.6000000000000 0.0200000000000 0.8847386322773 0.4439435361778 25013.855500000  2845.494487578 15299.952000000   278.815200000    98.296598490   138.624220490    -554463  0.378220358474  0.378220358474  0.181178700000  0.056235812500  0.245876700000 20421.097   207.672     0.811327875     0.991209842  -55.34913
   0  7 0.9787550800000 0.6000000000000 0.0450000000000 0.6000000000000 0.0200000000000 0.7535940173493 0.3263364022269 26075.401000000  2445.226021226 13394.496000000   340.785500000    74.397242501   107.660559416    -501557  0.416791076693  0.416791076693  0.144439300000  0.079654500000  0.308298600000 22279.293   210.687     0.843671750     0.992466927  -55.87543
   0  6 0.9872860100000 0.6000000000000 0.0450000000000 0.6000000000000 0.0200000000000 0.4835934837330 0.2028386332710 22494.229000000  2645.614671859 13795.742000000   290.942100000    78.530131498   114.180808067    -153986  0.506623199919  0.506623199919  0.140595450000  0.051128562500  0.375998800000 18045.817   196.044     0.806730250     0.992349798  -57.00805
   0  6 0.9650934800000 0.6000000000000 0.0450000000000 0.6000000000000 0.0200000000000 0.9343550128380 0.4746209654505 23976.002500000  2951.159142409 15521.206000000   252.446100000   106.687256559   142.219595909    -205117  0.368093180335  0.368093180335  0.164093650000  0.091371125000  0.483536300000 22704.574   196.939     0.975760125     0.990699934  -52.62929
   0 10 0.9758144200000 0.6000000000000 0.0450000000000 0.6000000000000 0.0200000000000 0.9242507873391 0.3395397032300 27170.669500000  2467.358879263 14469.064000000   294.464500000    89.855818307   125.122293830    -336228  0.514755519974  0.514755519974  0.152016050000  0.053266250000  0.245310800000 22969.119   206.645     0.815415375     0.990928584  -56.42948
   0  8 0.9637296900000 0.6000000000000 0.0450000000000 0.6000000000000 0.0200000000000 0.7943791371863 0.3636804813542 23464.973500000  2530.194584157 13342.202000000   399.104800000    68.759719979   106.810785532    -709534  0.568331154830  0.568331154830  0.168554300000  0.063542312500  0.598847600000 20204.260   226.247     0.854228625     0.994245040  -54.98730
   0  9 0.9783616100000 0.6000000000000 0.0450000000000 0.6000000000000 0.0200000000000 0.6857749074862 0.2633181959063 22548.242500000  2797.132878895 14856.854000000   280.146500000    89.358473923   131.423876882     -80504  0.584185418447  0.584185418447  0.155506000000  0.125028750000  0.490994200000 17820.083   203.275     0.781145000     0.992077474  -52.23751
   0  7 0.9726902400000 0.6000000000000 0.0450000000000 0.6000000000000 0.0200000000000 0.6201710305644 0.2826815456056 24618.751000000  2479.091748845 13228.578000000   366.983200000    70.415420128   104.964393973    -495250  0.558074514961  0.558074514961  0.109558650000  0.105253312500  0.311732600000 19527.521   212.781     0.792163000     0.993413656  -54.73444
   0  7 0.9838854500000 0.6000000000000 0.0450000000000 0.6000000000000 0.0200000000000 0.7021794997446 0.2889179641284 27020.684500000  2403.214561011 13348.386000000   344.979300000    74.460164335   106.911269426    -926908  0.410924469436  0.410924469436  0.158768450000  0.054572875000  0.277281500000 21789.395   210.253     0.797997625     0.992266715  -56.07343
   0  8 0.9845111700000 0.6000000000000 0.0450000000000 0.6000000000000 0.0200000000000 0.9309248687142 0.3578522225955 22277.176000000  2849.451819253 15010.420000000   294.999500000    87.768784147   133.919322491    -996415  0.343018796328  0.343018796328  0.114498950000  0.093794625000  0.485406100000 21095.746   220.346     0.977286625     0.992541250  -50.65572
   0  6 0.9765865400000 0.6000000000000 0.0450000000000 0.6000000000000 0.0200000000000 0.8581016740010 0.4008291377426 23848.522000000  2881.375363931 15317.284000000   259.250100000   101.347046455   138.905866742    -458471  0.338264086951  0.338264086951  0.137222450000  0.075164375000  0.349868200000 21865.432   199.173     0.922366250     0.990952987  -55.92000
   0  6 0.9849063400000 0.6000000000000 0.0450000000000 0.6000000000000 0.0200000000000 0.6041218639938 0.2603903874505 24516.137500000  2397.736881683 12589.538000000   376.925900000    65.498049013    94.579994082    -896152  0.421600172110  0.421600172110  0.100147350000  0.162806187500  0.466945500000 20454.334   200.901     0.831621125     0.993574156  -51.38329
   0  8 0.9556754100000 0.6000000000000 0.0450000000000 0.6000000000000 0.0200000000000 0.8611795981890 0.4130370422628 25344.848500000  2569.553203140 13933.838000000   280.949600000    84.964266018   116.424865723    -609920  0.594558962192  0.594558962192  0.152256450000  0.123536875000  0.347657900000 22167.672   192.258     0.864475750     0.991185956  -53.38940
   0 11 0.9832721900000 0.6000000000000 0.0450000000000 0.6000000000000 0.0200000000000 0.9321681098147 0.2945096969230 21833.836000000  2789.560971126 14745.818000000   252.885800000    92.782602578   129.619544744     -34832  0.505801095560  0.505801095560  0.178036150000  0.080893125000  0.469545300000 19983.503   188.825     0.908573375     0.991478687  -54.03937
   0  8 0.9654002100000 0.6000000000000 0.0450000000000 0.6000000000000 0.0200000000000 0.8629312799848 0.3908283908161 23300.705500000  2671.944881864 14146.820000000   297.417800000    81.830153325   119.885826111    -839639  0.509440618145  0.509440618145  0.106449100000  0.057242000000  0.311523900000 19083.357   203.010     0.811617625     0.992327808  -57.18453
   0  7 0.9594129400000 0.6000000000000 0.0450000000000 0.6000000000000 0.0200000000000 0.8271781034105 0.4114811199275 22174.913500000  2535.664114850 12788.368000000   482.290300000    62.128966333    97.810983658    -378860  0.512113233719  0.512113233719  0.126376450000  0.067408187500  0.581664800000 19564.670   226.637     0.886535000     0.995504320  -55.66709
   0  6 0.9729841900000 0.6000000000000 0.0450000000000 0.6000000000000 0.0200000000000 0.5829895112426 0.2803649124458 23205.004000000  2627.216789097 13628.834000000   323.133300000    75.077455925   111.468548775      -9565  0.525738468452  0.525738468452  0.142961250000  0.076697187500  0.461434600000 19284.628   206.929     0.830746375     0.992948582  -57.46012
   0  6 0.9763949700000 0.6000000000000 0.0450000000000 0.6000000000000 0.0200000000000 0.5145012560437 0.2407200283369 25211.792500000  2706.868997807 14690.060000000   265.365800000    95.008707207   128.713477254    -951779  0.565820437090  0.565820437090  0.156463000000  0.097861375000  0.592444500000 20042.503   192.709     0.793242625     0.990657081  -54.56613
   0 11 0.9869190700000 0.6000000000000 0.0450000000000 0.6000000000000 0.0200000000000 0.8678246587169 0.2620813763701 22275.974500000  2582.350273955 14056.614000000   302.752200000    78.681883738   118.419976234    -595650  0.506355562785  0.506355562785  0.114453650000  0.054461250000  0.294918000000 20410.755   208.549     0.909580750     0.992721359  -57.58104
   0  6 0.9897673500000 0.6000000000000 0.0450000000000 0.6000000000000 0.0200000000000 0.7186458126594 0.2922543359001 28057.538500000  2291.501829886 12360.374000000   484.959800000    62.310702750    90.856077075    -775139  0.327148118660  0.327148118660  0.184502050000  0.057279187500  0.595075400000 18907.161   213.538     0.703484250     0.994265273  -51.70814
   0  6 0.9868748000000 0.6000000000000 0.0450000000000 0.6000000000000 0.0200000000000 0.7082592281553 0.2985217741789 23592.278500000  2589.472702242 13745.190000000   304.561100000    77.906434132   113.359339833    -403054  0.348263569329  0.348263569329  0.179763550000  0.056667312500  0.372394700000 20091.130   203.222     0.847914875     0.992337270  -56.91791
   0  8 0.9651726500000 0.6000000000000 0.0450000000000 0.6000000000000 0.0200000000000 0.9131646990018 0.4141979391984 27519.739000000  2559.171532466 14512.212000000   290.308300000    91.593226900   125.823441744    -503284  0.483170145628  0.483170145628  0.140174450000  0.077044625000  0.329582300000 21364.960   202.631     0.766678000     0.990717330  -54.84838
 
  COND2           1      509374  6.198885527163162E+044  4.136807755054396E+042
  6.673470153509274E-003         100
    509374   7834208    335562         0     10961         0         0         0         0         0    765365        44         0   3144486    509374
 PARAMETER FILE GB59B.PAR   
