  Aa Am            MSYL            MSYR           MORTJ           MORTA             K1+           PInit      ISEED   PTarget           CVADD              AR        PREG-MAX           GAMMA              P0   SSTILDA     LIKEL
   0 10 0.9877119400000 0.6000000000000 0.0450000000000 0.6000000000000 0.0200000000000 0.9092048212887 0.2934184313628 22714.076500000  2448.756653954 13136.808000000   411.774700000   121.471292051   148.077267500    -499663  0.419451714617  0.419451714617  0.113607450000  0.064681562500  0.568959300000 19764.626   204.341     0.857632375     0.994540284  -58.60905
   0  7 0.9881921900000 0.6000000000000 0.0450000000000 0.6000000000000 0.0200000000000 0.7513274056512 0.2940826113076 24938.660500000  2623.742932657 14288.686000000   454.674400000   111.643318277   133.574467500    -987369  0.356866392398  0.356866392398  0.115530800000  0.080629812500  0.429263300000 22531.479   198.928     0.900152375     0.994569351  -55.27454
   0 11 0.9877059300000 0.6000000000000 0.0450000000000 0.6000000000000 0.0200000000000 0.9823363455126 0.2935805920717 21193.760500000  2730.401349352 14114.396000000   391.872000000   119.251810987   146.827707500    -743757  0.440533802754  0.440533802754  0.112276750000  0.109576437500  0.495566500000 18183.208   197.014     0.841584500     0.994647008  -53.89750
   0  6 0.9883832500000 0.6000000000000 0.0450000000000 0.6000000000000 0.0200000000000 0.6979401740767 0.2888671432424 21841.868500000  3039.385270285 15325.698000000   426.705700000   108.280959009   132.385032500    -609604  0.344723945410  0.344723945410  0.128523850000  0.084715312500  0.392427500000 19167.138   188.028     0.881591375     0.994931277  -53.49887
   0  7 0.9603758900000 0.6000000000000 0.0450000000000 0.6000000000000 0.0200000000000 0.8337863621942 0.4125169547480 22493.837500000  2730.395831463 13753.500000000   362.063000000   127.190681034   148.694052500    -222883  0.500875035223  0.500875035223  0.126117500000  0.077640125000  0.498468900000 19191.996   187.141     0.854363625     0.993924009  -56.69019
   0  6 0.9873434500000 0.6000000000000 0.0450000000000 0.6000000000000 0.0200000000000 0.4252192500352 0.1782319334529 21606.266500000  2579.531133035 12903.244000000   423.958000000   120.692954085   149.618612500    -300920  0.575628020622  0.575628020622  0.136683950000  0.053344687500  0.338103900000 18249.621   208.640     0.851139750     0.994957079  -58.47718
   0  8 0.9682201300000 0.6000000000000 0.0450000000000 0.6000000000000 0.0200000000000 0.8393051974573 0.3728902660602 21249.097000000  2737.155612166 13612.068000000   467.823600000   107.626622063   132.339565000    -400275  0.500551731732  0.500551731732  0.118471350000  0.061303062500  0.545614500000 18243.730   190.151     0.860148250     0.995547906  -55.19538
   0 11 0.9833576300000 0.6000000000000 0.0450000000000 0.6000000000000 0.0200000000000 0.8345774021446 0.2634133402956 20911.880500000  2662.297359816 13612.848000000   486.176600000   108.100911689   137.509697500    -395254  0.564020591198  0.564020591198  0.153861650000  0.059829312500  0.310384700000 18007.778   205.411     0.847144875     0.995754567  -56.89473
   0  9 0.9821317700000 0.6000000000000 0.0450000000000 0.6000000000000 0.0200000000000 0.6581113786824 0.2433000861171 21866.641000000  2312.038794262 11761.902000000   370.375900000   124.417156560   143.210197500    -463019  0.569131269709  0.569131269709  0.155599950000  0.115427937500  0.434508100000 19280.129   179.456     0.883868125     0.994176932  -51.23792
   0  7 0.9545621500000 0.6000000000000 0.0450000000000 0.6000000000000 0.0200000000000 0.7821505801841 0.3992143710049 22003.355500000  2644.742315642 13053.562000000   432.139500000   116.653336914   142.370137500    -650869  0.581327208552  0.581327208552  0.140140950000  0.051129187500  0.484123800000 18200.484   196.664     0.831974625     0.995026136  -58.24074
   0  6 0.9762116900000 0.6000000000000 0.0450000000000 0.6000000000000 0.0200000000000 0.8392583063618 0.3932715542160 24371.890000000  2487.516388315 12755.184000000   476.392300000   113.584899616   136.994702500    -569364  0.347843125619  0.347843125619  0.126400750000  0.087622937500  0.436439800000 18643.748   197.816     0.776463500     0.994969498  -55.90825
   0  6 0.9840698400000 0.6000000000000 0.0450000000000 0.6000000000000 0.0200000000000 0.6252057869447 0.2719334510008 23743.519000000  2497.519755446 12840.320000000   374.344100000   128.824175110   149.603532500     -56547  0.412913774644  0.412913774644  0.119381850000  0.071112937500  0.342491300000 20029.386   192.391     0.844098750     0.993736984  -58.07649
   0 10 0.9745349800000 0.6000000000000 0.0450000000000 0.6000000000000 0.0200000000000 0.9421072317456 0.3500854502348 24055.976500000  2359.944761619 12673.858000000   413.081800000   119.826957753   141.225260000    -841083  0.516844026562  0.516844026562  0.141430100000  0.086939375000  0.401399300000 20626.565   191.644     0.842769875     0.994278006  -56.26411
   0  6 0.9758555800000 0.6000000000000 0.0450000000000 0.6000000000000 0.0200000000000 0.9474448729439 0.4452918524998 26026.355500000  2585.136817296 13763.216000000   472.600000000   115.024109583   138.964722500    -603808  0.309798895749  0.309798895749  0.273806900000  0.061134750000  0.327455200000 20498.903   205.749     0.789095750     0.994585785  -51.14390
   0  8 0.9790444600000 0.6000000000000 0.0450000000000 0.6000000000000 0.0200000000000 0.9603926859439 0.3905613800427 25834.817500000  2636.193229591 14633.686000000   421.171400000   120.999651934   145.662257500    -322749  0.365485647090  0.365485647090  0.164465200000  0.065435875000  0.284336200000 22612.884   209.001     0.862148375     0.993960056  -55.82191
   0  7 0.9799965500000 0.6000000000000 0.0450000000000 0.6000000000000 0.0200000000000 0.5363376582310 0.2295670923822 25902.452500000  2745.235901187 15143.190000000   388.503400000   120.113961601   139.008695000    -907316  0.573861372672  0.573861372672  0.185571350000  0.070239250000  0.556497300000 23126.411   191.099     0.884750125     0.993431774  -52.89495
   0  6 0.9795531500000 0.6000000000000 0.0450000000000 0.6000000000000 0.0200000000000 0.6510232383534 0.2961933204417 20437.477000000  2973.503223669 14309.404000000   454.298400000   114.553131278   148.622455000     -12457  0.425913908097  0.425913908097  0.122120800000  0.087887937500  0.253339800000 17140.438   217.028     0.848899625     0.995569153  -52.57994
   0  9 0.9830228500000 0.6000000000000 0.0450000000000 0.6000000000000 0.0200000000000 0.8990673707367 0.3292037143006 20966.596000000  2802.650278140 14122.218000000   486.169300000   105.640177546   132.879390000    -221440  0.409956138140  0.409956138140  0.145908450000  0.058524187500  0.489398400000 19085.734   199.634     0.918732500     0.995744238  -56.58691
   0  9 0.9819682300000 0.6000000000000 0.0450000000000 0.6000000000000 0.0200000000000 0.9120698108524 0.3377722810295 25109.935000000  2676.926634938 14938.534000000   412.823900000   121.859275160   148.135962500    -388451  0.411871727662  0.411871727662  0.120831200000  0.053594062500  0.588658900000 20528.464   208.250     0.800713875     0.994001360  -56.80513
   0  8 0.9876486500000 0.6000000000000 0.0450000000000 0.6000000000000 0.0200000000000 0.8513707680279 0.3153735165469 24292.510000000  2109.994521410 10581.502000000   489.220500000   117.830772177   143.361127500    -970504  0.354775501194  0.354775501194  0.176631700000  0.057820812500  0.518286700000 19642.301   206.319     0.814372250     0.995085453  -53.86979
   0  6 0.9603602900000 0.6000000000000 0.0450000000000 0.6000000000000 0.0200000000000 0.6863542148948 0.3585556716243 22357.771000000  2842.352204076 14140.816000000   497.382700000   108.674188499   135.877417500    -107028  0.535688721658  0.535688721658  0.159456450000  0.059103562500  0.526574900000 18610.385   203.205     0.836492875     0.995603836  -57.43126
   0  7 0.9868531700000 0.6000000000000 0.0450000000000 0.6000000000000 0.0200000000000 0.6786262817595 0.2699938619709 24849.857500000  2422.156423443 12845.814000000   404.143900000   125.685000049   148.627557500    -118064  0.404308407587  0.404308407587  0.172343400000  0.111472312500  0.306626100000 20834.851   201.746     0.833556875     0.993917675  -54.78822
   0  7 0.9794555700000 0.6000000000000 0.0450000000000 0.6000000000000 0.0200000000000 0.8246830223758 0.3548011324073 22854.503500000  2908.274149404 15091.546000000   468.315500000   107.036733422   131.987915000    -706288  0.376535143008  0.376535143008  0.163751950000  0.050276750000  0.228305500000 21024.591   198.907     0.931254625     0.995193689  -55.81838
   0  6 0.9776105900000 0.6000000000000 0.0450000000000 0.6000000000000 0.0200000000000 0.7409469474609 0.3430603833461 20214.362500000  2490.342929675 11825.510000000   417.393000000   120.274173418   147.819380000    -620839  0.385646862211  0.385646862211  0.117128450000  0.075657437500  0.359307000000 17917.326   200.642     0.904384375     0.995234701  -55.30997
   0  7 0.9774425500000 0.6000000000000 0.0450000000000 0.6000000000000 0.0200000000000 0.7124792541920 0.3122111369779 23425.324000000  2744.835218916 14396.010000000   339.624900000   132.130165810   149.886087500    -517618  0.450327656464  0.450327656464  0.104789950000  0.072748812500  0.263490800000 20023.084   182.261     0.851123625     0.993213812  -54.98008
   0  6 0.9828909200000 0.6000000000000 0.0450000000000 0.6000000000000 0.0200000000000 0.6917908457096 0.3046398953021 22234.529500000  2639.631179013 13356.348000000   423.775400000   115.128374380   138.778790000    -135153  0.380279373773  0.380279373773  0.192607450000  0.069042375000  0.561412600000 19268.873   192.970     0.870881625     0.994822794  -55.15503
   0  7 0.9858067400000 0.6000000000000 0.0450000000000 0.6000000000000 0.0200000000000 0.8189440876377 0.3298312497758 23036.402500000  2824.462365703 14852.900000000   432.047500000   111.908066248   136.398685000    -525198  0.341073691220  0.341073691220  0.142671950000  0.057391000000  0.339727800000 19444.720   195.350     0.840655750     0.994729325  -57.14704
   0  8 0.9811975900000 0.6000000000000 0.0450000000000 0.6000000000000 0.0200000000000 0.7122888543904 0.2836302819080 27312.554500000  2488.491021508 13982.162000000   489.392500000   112.981661861   135.890905000    -279605  0.474926750284  0.474926750284  0.125085600000  0.059726750000  0.288091300000 21448.853   206.274     0.776800625     0.994498394  -55.91945
   0 12 0.9832271400000 0.6000000000000 0.0450000000000 0.6000000000000 0.0200000000000 0.9367006866203 0.2728979680149 23977.582000000  2702.311187337 15072.990000000   402.338700000   118.056632498   142.802550000      -9880  0.576818449161  0.576818449161  0.116901100000  0.081813500000  0.303249500000 21460.438   199.405     0.868875000     0.994118299  -56.30122
   0  9 0.9841710200000 0.6000000000000 0.0450000000000 0.6000000000000 0.0200000000000 0.6142584548454 0.2220632527401 26828.039500000  2564.844807546 14738.396000000   461.729800000   112.801507820   134.994392500    -792357  0.587675037077  0.587675037077  0.165695550000  0.094114937500  0.328172700000 22791.098   203.312     0.827538000     0.994262307  -53.95471
   0  9 0.9798894400000 0.6000000000000 0.0450000000000 0.6000000000000 0.0200000000000 0.9616487863993 0.3638040721115 23285.410000000  2754.929285067 14735.566000000   475.999900000   110.568576489   138.965015000    -125600  0.405448537369  0.405448537369  0.115827950000  0.073154500000  0.532154500000 21221.955   213.018     0.910144000     0.995181028  -55.95460
   0  9 0.9855611800000 0.6000000000000 0.0450000000000 0.6000000000000 0.0200000000000 0.7705195826557 0.2741050102715 26802.146500000  2308.615444588 12880.472000000   400.405100000   128.322417562   148.824767500    -800004  0.456761107026  0.456761107026  0.123544800000  0.067046812500  0.407122500000 21406.018   199.162     0.786530625     0.993384169  -56.58018
   0  7 0.9633802800000 0.6000000000000 0.0450000000000 0.6000000000000 0.0200000000000 0.8112540902079 0.3942950849613 24598.231000000  2368.405366923 11983.178000000   427.397600000   123.033450521   146.320122500     -76881  0.492231058602  0.492231058602  0.117795450000  0.074826750000  0.366445500000 21427.593   201.678     0.872837625     0.994367005  -55.89119
   0  7 0.9719262800000 0.6000000000000 0.0450000000000 0.6000000000000 0.0200000000000 0.8158723950226 0.3740726742032 18802.681000000  2980.420210069 13537.052000000   484.417000000   107.418419518   138.875185000    -517775  0.429329932172  0.429329932172  0.130648000000  0.065574125000  0.258237600000 17317.627   205.188     0.957102000     0.996190282  -53.26362
   0 10 0.9808068000000 0.6000000000000 0.0450000000000 0.6000000000000 0.0200000000000 0.7900764378662 0.2764209026915 25261.783000000  2491.258875483 13981.046000000   482.217500000   113.009569065   139.186535000    -581050  0.549506116460  0.549506116460  0.158010350000  0.070611750000  0.454439200000 21333.177   211.374     0.821777375     0.994836879  -56.66658
   0  7 0.9566096200000 0.6000000000000 0.0450000000000 0.6000000000000 0.0200000000000 0.8479800477528 0.4282857851998 22176.938500000  2717.958471010 13534.158000000   450.972500000   113.354673638   139.410135000    -336570  0.520505468416  0.520505468416  0.128302550000  0.060863562500  0.502038800000 19036.316   198.969     0.861340750     0.995194471  -58.32795
   0  9 0.9584912400000 0.6000000000000 0.0450000000000 0.6000000000000 0.0200000000000 0.9509231796545 0.4229631875985 24514.207000000  2591.646916849 13827.460000000   422.745400000   120.484536673   145.387047500    -147870  0.590552860406  0.590552860406  0.196731900000  0.060460562500  0.534910800000 18559.878   200.201     0.753542375     0.994331166  -55.27611
   0  6 0.9659169900000 0.6000000000000 0.0450000000000 0.6000000000000 0.0200000000000 0.5821208430990 0.2941607125976 24280.009000000  2573.868193295 13155.660000000   421.631400000   120.815235284   144.376297500    -439443  0.583898901520  0.583898901520  0.167286100000  0.110383000000  0.457372000000 18011.656   196.609     0.758295625     0.994359717  -53.88920
   0  6 0.9691122000000 0.6000000000000 0.0450000000000 0.6000000000000 0.0200000000000 0.6093421514759 0.3014360338212 22730.425000000  2576.307566374 12870.382000000   438.103800000   116.274687054   140.627877500    -443329  0.532606058979  0.532606058979  0.202842600000  0.050378000000  0.579299300000 18276.545   195.413     0.812035625     0.994912908  -55.57705
   0  8 0.9868510800000 0.6000000000000 0.0450000000000 0.6000000000000 0.0200000000000 0.5557623761278 0.2078953865064 22753.793500000  2628.902672984 13874.580000000   450.892300000   114.585283798   142.459512500    -390669  0.551273758615  0.551273758615  0.137041300000  0.051163375000  0.445990200000 21362.318   212.229     0.961758875     0.995008143  -56.28796
   0  6 0.9601091200000 0.6000000000000 0.0450000000000 0.6000000000000 0.0200000000000 0.8885923442186 0.4648573989422 24926.807500000  2826.045395768 14798.430000000   427.153700000   117.582881370   141.849292500    -545110  0.415218750088  0.415218750088  0.141352850000  0.053460187500  0.591094000000 19758.765   200.125     0.794200875     0.994293193  -57.40512
   0  6 0.9835689100000 0.6000000000000 0.0450000000000 0.6000000000000 0.0200000000000 0.5074185531940 0.2218777782042 21679.976500000  2639.009970991 13204.544000000   402.541600000   119.899602860   145.151747500    -654853  0.512869189380  0.512869189380  0.115317350000  0.084304312500  0.271884400000 18354.119   195.738     0.852709500     0.994683499  -57.00361
   0  7 0.9786416100000 0.6000000000000 0.0450000000000 0.6000000000000 0.0200000000000 0.7828068589584 0.3393404472369 28876.259500000  2238.040767737 11779.798000000   434.976100000   127.799516972   148.589987500    -467540  0.401978930109  0.401978930109  0.183783700000  0.077978437500  0.218700400000 21948.337   204.082     0.767191500     0.993464589  -53.14987
   0  6 0.9723503200000 0.6000000000000 0.0450000000000 0.6000000000000 0.0200000000000 0.8453261884040 0.4084924646385 24333.955000000  2695.214808857 14062.460000000   440.334400000   120.784141541   149.446980000    -646352  0.366025415838  0.366025415838  0.112665200000  0.087354500000  0.381612500000 21700.753   218.276     0.892613875     0.994575054  -54.78108
   0  8 0.9831417700000 0.6000000000000 0.0450000000000 0.6000000000000 0.0200000000000 0.6537363671570 0.2551005554655 22579.954000000  2495.801633757 12964.476000000   491.713500000   111.280632891   138.389147500    -631294  0.500309241079  0.500309241079  0.217288550000  0.059253062500  0.210378900000 19251.477   207.105     0.849746000     0.995468121  -54.94673
   0  7 0.9767327400000 0.6000000000000 0.0450000000000 0.6000000000000 0.0200000000000 0.9591077391746 0.4229089604155 20996.174500000  2683.040112220 13268.456000000   467.260900000   110.850546984   138.312935000    -478989  0.338379354693  0.338379354693  0.134305200000  0.100992562500  0.222896500000 17029.706   199.027     0.819536875     0.995580498  -54.56671
   0  8 0.9899046700000 0.6000000000000 0.0450000000000 0.6000000000000 0.0200000000000 0.8671111578264 0.3119669499856 25043.731000000  2506.274925934 13801.850000000   491.115400000   112.802708917   139.307435000    -728681  0.334458369211  0.334458369211  0.128354650000  0.069113375000  0.243451400000 19672.684   211.972     0.781066125     0.994944917  -56.44601
   0  9 0.9854975300000 0.6000000000000 0.0450000000000 0.6000000000000 0.0200000000000 0.6465232114055 0.2301677387638 23354.287000000  2428.371414607 12976.298000000   470.523000000   110.315415828   133.010885000     -71687  0.544997756200  0.544997756200  0.130498250000  0.054258000000  0.227672500000 20907.708   195.278     0.890965750     0.995094509  -57.11179
   0 10 0.9820269300000 0.6000000000000 0.0450000000000 0.6000000000000 0.0200000000000 0.7502483607843 0.2590843643790 25393.003000000  2483.035505207 13988.528000000   480.356500000   111.969118793   136.650137500    -721548  0.565724811441  0.565724811441  0.147211150000  0.067254125000  0.411628900000 20935.646   205.884     0.802194625     0.994786409  -57.29731
   0  8 0.9700667800000 0.6000000000000 0.0450000000000 0.6000000000000 0.0200000000000 0.7647440954409 0.3352602943898 24464.203000000  2527.069279780 13415.590000000   450.872100000   115.767076084   139.967575000    -632682  0.533111685923  0.533111685923  0.167727250000  0.070449187500  0.345766600000 21734.968   203.631     0.884655000     0.994678124  -56.64376
   0 10 0.9714717600000 0.6000000000000 0.0450000000000 0.6000000000000 0.0200000000000 0.9397715976885 0.3583720249497 22162.588000000  2661.772116564 13813.708000000   368.149400000   124.672791397   147.369872500    -895338  0.547469900302  0.547469900302  0.121747600000  0.060469500000  0.576286200000 19100.958   188.151     0.848525375     0.994092387  -56.94990
   0  7 0.9668803100000 0.6000000000000 0.0450000000000 0.6000000000000 0.0200000000000 0.6833895466734 0.3247955582799 23529.935500000  2445.169980138 12380.976000000   497.024100000   111.756178429   136.139465000    -579560  0.554166960714  0.554166960714  0.139536450000  0.111461875000  0.506571200000 18614.310   198.561     0.797510250     0.995361702  -55.14862
   0  8 0.9763789200000 0.6000000000000 0.0450000000000 0.6000000000000 0.0200000000000 0.9576474850049 0.3990197712391 25796.531500000  2708.959058910 15030.716000000   459.309400000   111.855198844   135.016720000    -759861  0.383458271848  0.383458271848  0.174822500000  0.061332000000  0.568982200000 20667.455   200.262     0.790845500     0.994476981  -55.38994
   0  6 0.9881073600000 0.6000000000000 0.0450000000000 0.6000000000000 0.0200000000000 0.7733363907781 0.3211629277696 24361.940500000  2573.567354991 13573.026000000   449.152100000   116.365685842   141.231077500    -972461  0.312541516008  0.312541516008  0.151959250000  0.086070500000  0.575732800000 19588.782   204.261     0.805832875     0.994630030  -56.81079
   0  9 0.9890544200000 0.6000000000000 0.0450000000000 0.6000000000000 0.0200000000000 0.7555658140714 0.2572501503809 24546.958000000  2508.213600662 13887.230000000   485.399100000   111.002995377   136.357410000     -78714  0.436689870282  0.436689870282  0.169656800000  0.112869437500  0.430861100000 21228.645   207.981     0.849606000     0.994989940  -54.57396
   0  7 0.9798739300000 0.6000000000000 0.0450000000000 0.6000000000000 0.0200000000000 0.5529885693335 0.2369710864059 23905.964500000  2619.631438268 13835.586000000   399.575400000   123.025822413   147.178675000    -302455  0.557702080142  0.557702080142  0.154857100000  0.104640312500  0.569441300000 20067.882   200.005     0.835487000     0.994106391  -56.09909
   0  7 0.9742600600000 0.6000000000000 0.0450000000000 0.6000000000000 0.0200000000000 0.8045354842411 0.3621826434377 23675.803000000  2382.545698520 12093.234000000   435.852400000   121.458183127   146.935412500    -668943  0.419648411609  0.419648411609  0.113257950000  0.089636437500  0.468401600000 18952.163   203.617     0.805667375     0.994663283  -56.18682
   0  8 0.9857946800000 0.6000000000000 0.0450000000000 0.6000000000000 0.0200000000000 0.7161708789270 0.2712863706663 21055.520500000  2722.047378762 13754.014000000   441.337600000   114.456250610   144.272265000    -892379  0.435898986567  0.435898986567  0.119149600000  0.074481375000  0.447443900000 19475.978   209.914     0.945066250     0.995283990  -55.70149
   0  6 0.9714464900000 0.6000000000000 0.0450000000000 0.6000000000000 0.0200000000000 0.5413648681651 0.2633771955163 23683.741000000  2676.472812538 13767.646000000   496.199500000   111.593455436   138.624642500    -520914  0.579257893709  0.579257893709  0.158110550000  0.113990812500  0.356292500000 20571.658   210.915     0.868793500     0.995316124  -55.12570
   0  6 0.9771342900000 0.6000000000000 0.0450000000000 0.6000000000000 0.0200000000000 0.9325147381861 0.4335488704639 27449.296000000  2524.599306801 13591.830000000   432.972000000   120.839617578   141.651757500    -162810  0.308672422261  0.308672422261  0.167502800000  0.098016875000  0.319246900000 20855.561   199.403     0.765156625     0.993763416  -53.88144
   0  6 0.9591831500000 0.6000000000000 0.0450000000000 0.6000000000000 0.0200000000000 0.7570475213835 0.3980659365251 22371.230500000  2571.787168896 12602.650000000   498.176700000   112.767627716   140.396867500    -341171  0.493672299674  0.493672299674  0.130929150000  0.062583750000  0.472826900000 20261.521   210.057     0.920596375     0.995609375  -57.14751
   0  7 0.9887524700000 0.6000000000000 0.0450000000000 0.6000000000000 0.0200000000000 0.4629940507469 0.1799502428497 23710.565500000  2395.777960510 12459.568000000   438.527900000   116.717620721   139.276462500     -41475  0.573514441552  0.573514441552  0.189119700000  0.052795750000  0.293880000000 19441.697   194.900     0.820173125     0.994644559  -56.13859
   0  7 0.9817335800000 0.6000000000000 0.0450000000000 0.6000000000000 0.0200000000000 0.5883125543476 0.2475583293385 21766.984000000  2365.996598747 11696.172000000   422.773800000   122.297549742   149.293482500    -520323  0.508391621058  0.508391621058  0.145769650000  0.113100437500  0.306285800000 17502.086   202.571     0.814253125     0.994923030  -54.10824
   0 10 0.9859006300000 0.6000000000000 0.0450000000000 0.6000000000000 0.0200000000000 0.9300686181428 0.3071112710521 22926.701500000  2427.307483734 13031.822000000   460.074100000   113.954650890   140.427547500    -688131  0.424379784870  0.424379784870  0.102266200000  0.055696500000  0.277152500000 19996.055   205.295     0.859765000     0.995073673  -58.25850
   0  6 0.9837479900000 0.6000000000000 0.0450000000000 0.6000000000000 0.0200000000000 0.7606510220454 0.3319802259771 24388.927000000  2661.791358070 14074.784000000   482.984600000   110.976469862   135.637307500    -884112  0.341146604812  0.341146604812  0.185662350000  0.053008625000  0.321661200000 18777.749   202.092     0.777836375     0.995014783  -56.14433
   0  8 0.9799124900000 0.6000000000000 0.0450000000000 0.6000000000000 0.0200000000000 0.8201623598500 0.3307688268289 24834.791500000  2312.275610019 12153.240000000   406.808000000   126.970374578   149.936462500    -478315  0.421673576529  0.421673576529  0.221250250000  0.102081750000  0.293646200000 20381.788   200.859     0.816881125     0.993986135  -52.45931
   0  6 0.9731543300000 0.6000000000000 0.0450000000000 0.6000000000000 0.0200000000000 0.6057827599358 0.2909449472227 23606.264500000  2921.039756475 15156.924000000   402.847700000   121.044268392   148.043792500    -362222  0.504671812220  0.504671812220  0.142098500000  0.077761750000  0.430542000000 20924.281   206.454     0.887058625     0.994245690  -56.46372
   0  6 0.9760708500000 0.6000000000000 0.0450000000000 0.6000000000000 0.0200000000000 0.7342643088327 0.3444788997271 28262.644000000  2297.357169780 11818.224000000   484.579200000   122.521032276   147.489277500    -143159  0.398436002036  0.398436002036  0.193934000000  0.076105562500  0.539117700000 22214.268   216.561     0.790577000     0.994265353  -51.97254
   0 10 0.9876133000000 0.6000000000000 0.0450000000000 0.6000000000000 0.0200000000000 0.7303974608803 0.2360165763486 24584.447500000  2391.748491814 13293.654000000   472.708600000   110.467578128   132.512920000    -444140  0.523118743819  0.523118743819  0.200050150000  0.053767375000  0.238498300000 22623.932   198.562     0.917471625     0.994852787  -54.03938
   0 11 0.9811060600000 0.6000000000000 0.0450000000000 0.6000000000000 0.0200000000000 0.8782736708932 0.2843663122118 26943.572500000  2255.491841701 12918.696000000   495.890800000   119.973695851   149.793040000    -695565  0.559553586996  0.559553586996  0.118736200000  0.058397875000  0.540466600000 21890.731   228.665     0.787469750     0.994644110  -51.34956
   0  7 0.9751996200000 0.6000000000000 0.0450000000000 0.6000000000000 0.0200000000000 0.9220685899816 0.4119060286883 25310.977000000  2755.649204351 14958.282000000   392.043300000   119.845604431   139.950512500    -552632  0.360724233203  0.360724233203  0.131670450000  0.056836437500  0.477674700000 22703.780   192.596     0.892310250     0.993654552  -55.66967
   0  7 0.9720284400000 0.6000000000000 0.0450000000000 0.6000000000000 0.0200000000000 0.9273444813159 0.4248514920747 22835.671000000  2818.045530583 14507.876000000   427.925700000   113.940068921   139.073500000    -203780  0.377117666725  0.377117666725  0.129126450000  0.050716937500  0.434421100000 19262.350   196.455     0.841923125     0.994762123  -58.07477
   0  6 0.9556302500000 0.6000000000000 0.0450000000000 0.6000000000000 0.0200000000000 0.7953782426497 0.4260761032584 22256.993500000  2780.085491057 13715.482000000   490.188000000   108.305662388   133.308715000    -344845  0.493370394747  0.493370394747  0.141694900000  0.062845750000  0.354874400000 18669.766   195.316     0.843553375     0.995563769  -57.13448
   0  7 0.9820533600000 0.6000000000000 0.0450000000000 0.6000000000000 0.0200000000000 0.8999264897350 0.3774592453986 22656.580000000  2608.071794210 13463.700000000   440.554300000   114.679851469   139.973717500    -795648  0.330594057984  0.330594057984  0.135599250000  0.085000125000  0.211037800000 17952.565   197.589     0.797825625     0.994927898  -56.36492
   0  7 0.9786723800000 0.6000000000000 0.0450000000000 0.6000000000000 0.0200000000000 0.6515851633253 0.2823771316947 24530.245000000  2554.040481086 13543.816000000   421.933700000   121.800951826   147.062845000    -199516  0.482691088090  0.482691088090  0.125341350000  0.050681187500  0.534393300000 18893.154   204.056     0.775193375     0.994276499  -57.88288
   0  7 0.9661925100000 0.6000000000000 0.0450000000000 0.6000000000000 0.0200000000000 0.9022588724556 0.4307742639482 24492.998500000  2708.630455224 14294.806000000   439.319700000   115.632120893   139.894645000    -382378  0.424161911637  0.424161911637  0.189669850000  0.069404125000  0.536341800000 21287.378   201.999     0.864216875     0.994538864  -55.70294
   0  7 0.9668128000000 0.6000000000000 0.0450000000000 0.6000000000000 0.0200000000000 0.9557378717435 0.4544395013234 22838.398000000  2597.820849083 13195.936000000   430.052300000   118.393892975   144.317115000    -807458  0.396659467591  0.396659467591  0.182393950000  0.082897562500  0.412934300000 19845.349   202.584     0.870648250     0.994797041  -56.01687
   0  9 0.9757278400000 0.6000000000000 0.0450000000000 0.6000000000000 0.0200000000000 0.8800793978415 0.3461748641433 24147.263500000  2638.447694940 14300.918000000   462.189400000   114.425278111   142.038930000    -192555  0.476793027511  0.476793027511  0.123640250000  0.055251187500  0.377880600000 20029.641   210.688     0.815219375     0.994863840  -57.84705
   0  7 0.9764675900000 0.6000000000000 0.0450000000000 0.6000000000000 0.0200000000000 0.6345928207463 0.2804596672690 22437.785500000  2679.693734577 13713.302000000   373.198700000   125.292456037   148.456087500    -992075  0.513603089479  0.513603089479  0.149261300000  0.053904312500  0.576147400000 18634.899   191.120     0.831685750     0.994087401  -57.89806
   0  9 0.9889629800000 0.6000000000000 0.0450000000000 0.6000000000000 0.0200000000000 0.9570520752322 0.3262472418686 23844.971500000  2480.742015441 13518.114000000   410.960200000   115.777861533   135.933480000    -996921  0.345342522990  0.345342522990  0.151667850000  0.160796812500  0.250930100000 19803.920   185.735     0.818303375     0.994252053  -52.17183
   0  9 0.9827492300000 0.6000000000000 0.0450000000000 0.6000000000000 0.0200000000000 0.7585005432607 0.2785615657701 23618.644000000  2568.640754459 13868.146000000   464.852700000   113.982665178   141.555557500    -804546  0.488338435754  0.488338435754  0.148191100000  0.077025312500  0.471653200000 20477.724   211.020     0.855088875     0.994986894  -57.25102
   0  6 0.9571536900000 0.6000000000000 0.0450000000000 0.6000000000000 0.0200000000000 0.7432631072060 0.3950653049724 20584.289500000  2748.690802588 13038.854000000   430.558400000   117.587771932   146.713437500    -533895  0.517088777118  0.517088777118  0.135481400000  0.112501125000  0.547728500000 16508.077   201.724     0.816526875     0.995327606  -53.25560
   0  8 0.9876176200000 0.6000000000000 0.0450000000000 0.6000000000000 0.0200000000000 0.7007100591747 0.2596643508661 22898.419000000  2286.150682520 11718.814000000   408.499700000   124.419496055   148.736432500    -208602  0.431295722203  0.431295722203  0.186934600000  0.050661312500  0.326427700000 18658.551   198.483     0.816555375     0.994452207  -56.40787
   0  6 0.9804102100000 0.6000000000000 0.0450000000000 0.6000000000000 0.0200000000000 0.7297881703088 0.3293642723613 24391.870000000  2560.761824862 13344.960000000   478.651100000   113.869648009   139.266615000    -107564  0.374891988604  0.374891988604  0.154400600000  0.132349375000  0.322375500000 20320.083   207.249     0.832049625     0.994978610  -54.52103
   0  7 0.9818317800000 0.6000000000000 0.0450000000000 0.6000000000000 0.0200000000000 0.8690307370072 0.3653206058264 21945.076000000  2603.167801357 13223.578000000   442.838900000   114.705090021   141.142352500    -218196  0.343608732430  0.343608732430  0.114961850000  0.058294875000  0.295543600000 17793.647   199.522     0.816045000     0.995113141  -57.52363
   0  8 0.9787909500000 0.6000000000000 0.0450000000000 0.6000000000000 0.0200000000000 0.8262904959342 0.3368308339225 23873.470000000  2499.594605933 13247.724000000   462.832200000   113.335509289   137.561047500    -449440  0.426640955421  0.426640955421  0.140769750000  0.065546062500  0.591754000000 18807.047   198.501     0.787106250     0.994921655  -57.46623
   0  6 0.9600126800000 0.6000000000000 0.0450000000000 0.6000000000000 0.0200000000000 0.7828336638305 0.4097505380117 24443.291500000  2575.291575178 13103.940000000   413.751900000   120.266843852   141.533327500    -352309  0.471946368451  0.471946368451  0.143378050000  0.085157250000  0.529488400000 20544.360   192.435     0.840500875     0.994222756  -56.69669
   0  7 0.9897610900000 0.6000000000000 0.0450000000000 0.6000000000000 0.0200000000000 0.6640330091286 0.2547397662430 23998.210000000  2801.040168280 15122.780000000   404.133100000   121.751696277   148.960520000    -748595  0.392916715313  0.392916715313  0.111361950000  0.064433000000  0.513691100000 20775.384   209.067     0.858523375     0.994113985  -56.67229
   0 11 0.9877547400000 0.6000000000000 0.0450000000000 0.6000000000000 0.0200000000000 0.9351506984422 0.2792951665282 24567.451000000  2617.603387330 14846.578000000   372.165900000   125.997265904   147.835857500     -89939  0.462322333148  0.462322333148  0.123934100000  0.123379875000  0.425636900000 21805.790   195.513     0.863253250     0.993466123  -54.36736
   0  7 0.9859147000000 0.6000000000000 0.0450000000000 0.6000000000000 0.0200000000000 0.4922378634591 0.1980035154047 23200.738000000  2409.522438571 12392.824000000   468.622000000   117.011818193   144.696130000    -867483  0.566408103466  0.566408103466  0.204355500000  0.053365250000  0.347020700000 21025.431   214.370     0.913451750     0.995105678  -54.46267
   0  6 0.9790031500000 0.6000000000000 0.0450000000000 0.6000000000000 0.0200000000000 0.7746128562495 0.3542105881932 24389.008000000  2804.057315252 14854.882000000   420.627500000   119.547211811   146.002110000    -347617  0.361033851342  0.361033851342  0.140642700000  0.073677125000  0.369962100000 21111.521   208.679     0.861724125     0.994290821  -56.84373
   0  8 0.9757405200000 0.6000000000000 0.0450000000000 0.6000000000000 0.0200000000000 0.7601813333181 0.3185044410637 21028.048000000  2414.928159054 11911.302000000   407.246200000   121.692786781   147.628995000    -267889  0.488272966049  0.488272966049  0.127380200000  0.146868375000  0.570212200000 18183.380   197.070     0.871306625     0.994923844  -52.66168
   0  6 0.9767472100000 0.6000000000000 0.0450000000000 0.6000000000000 0.0200000000000 0.6304119493604 0.2940698199468 23155.486000000  2598.706975456 13242.726000000   489.593100000   111.869752186   138.213777500    -513986  0.459307464659  0.459307464659  0.121629050000  0.069602562500  0.306195300000 19861.770   206.764     0.859541000     0.995348274  -58.47880
   0  6 0.9799526200000 0.6000000000000 0.0450000000000 0.6000000000000 0.0200000000000 0.8058049291035 0.3652490910584 21685.768000000  2799.768897118 14009.370000000   390.819900000   121.026324639   147.168080000    -249757  0.341965333021  0.341965333021  0.218586900000  0.051893687500  0.367480800000 17732.789   195.645     0.825214250     0.994533743  -54.72468
   0  9 0.9852568100000 0.6000000000000 0.0450000000000 0.6000000000000 0.0200000000000 0.9404984824808 0.3357756182586 24405.626500000  2320.076449782 12479.162000000   441.372600000   118.921322814   143.126380000    -377351  0.376299002789  0.376299002789  0.145854950000  0.065698625000  0.326987800000 18480.909   200.023     0.758072125     0.994535949  -56.67425
   0  6 0.9591500800000 0.6000000000000 0.0450000000000 0.6000000000000 0.0200000000000 0.8958710403483 0.4711460951949 19971.632500000  2579.059503620 11993.504000000   454.538100000   116.457351755   146.135132500    -933358  0.417364303743  0.417364303743  0.130834750000  0.076582375000  0.457106300000 18193.452   207.381     0.939485875     0.995704043  -54.46070
   0  6 0.9646132600000 0.6000000000000 0.0450000000000 0.6000000000000 0.0200000000000 0.7970927627096 0.4061092001431 23255.777500000  2715.969704551 13779.586000000   384.544900000   124.051975264   146.843762500    -440763  0.434445517583  0.434445517583  0.136572450000  0.093648000000  0.269080200000 20292.396   194.077     0.874719000     0.994078918  -56.89685
   0  6 0.9776422100000 0.6000000000000 0.0450000000000 0.6000000000000 0.0200000000000 0.7940616654964 0.3675507956918 20886.514000000  2477.138887540 11926.902000000   449.090900000   112.519599170   135.875012500    -991721  0.359675998895  0.359675998895  0.130494750000  0.075220687500  0.425690200000 17984.376   187.775     0.873035500     0.995423709  -54.11406
   0  7 0.9871535100000 0.6000000000000 0.0450000000000 0.6000000000000 0.0200000000000 0.6431147445027 0.2549477956630 25744.583500000  2735.759770846 15189.916000000   385.698800000   126.322073909   149.363292500     -45899  0.424441625123  0.424441625123  0.135362850000  0.055649125000  0.223742700000 21250.342   202.275     0.815748250     0.993396001  -57.03244
   0 10 0.9799296400000 0.6000000000000 0.0450000000000 0.6000000000000 0.0200000000000 0.9449426459637 0.3336225605179 23059.177000000  2542.429814019 13634.330000000   457.482000000   109.671795664   132.609380000    -369555  0.466954921850  0.466954921850  0.133802500000  0.058775062500  0.574578000000 20291.851   192.382     0.867012625     0.995034575  -56.96804
 
  COND2           1      484925  6.996260363837937E+044  6.689045112476908E+042
  9.560886480227418E-003         100
    484925  26867239   1148482         0     38950         0         0         0         0         0   4084516   1833725         0   8742163    484925
 PARAMETER FILE GB60B.PAR   
