  Aa Am            MSYL            MSYR           MORTJ           MORTA             K1+           PInit      ISEED   PTarget           CVADD              AR        PREG-MAX           GAMMA              P0   SSTILDA     LIKEL
   0  8 0.9894140300000 0.6000000000000 0.0450000000000 0.6000000000000 0.0200000000000 0.6367879228117 0.2306060536090 20965.259500000  2499.064548376 12984.638000000   298.964300000    50.618353825    96.998740000    -596040  0.459496962737  0.459496962737  0.155159300000  0.053309437500  0.542127200000 19223.793   219.944     0.927169500     0.993050752  -55.85154
   0  7 0.9682678500000 0.6000000000000 0.0450000000000 0.6000000000000 0.0200000000000 0.8719673981250 0.4105340864636 28343.873500000  2455.651579931 13823.012000000   307.718500000    61.940835806   108.685740000     -12894  0.425181802195  0.425181802195  0.189906100000  0.061259937500  0.468963000000 21393.919   227.952     0.753715000     0.990971438  -49.72794
   0  7 0.9720631100000 0.6000000000000 0.0450000000000 0.6000000000000 0.0200000000000 0.8881051628708 0.4067669332655 25011.479500000  2414.594928098 12990.646000000   297.153700000    54.131294925    96.386960000    -638823  0.393565913843  0.393565913843  0.155902400000  0.155466437500  0.335409200000 20026.057   212.860     0.797115375     0.991738212  -52.74441
   0  7 0.9638929100000 0.6000000000000 0.0450000000000 0.6000000000000 0.0200000000000 0.7465468113749 0.3616999291934 20686.619500000  2749.720549581 13611.792000000   256.353000000    61.241767949   111.391040000    -884359  0.530788715782  0.530788715782  0.124349150000  0.115260625000  0.292406700000 17036.706   203.441     0.827390250     0.992100858  -53.28635
   0  6 0.9653399800000 0.6000000000000 0.0450000000000 0.6000000000000 0.0200000000000 0.5845047047714 0.2964492047797 24932.491000000  2403.371254177 12508.440000000   290.005000000    63.445561455   110.722612500    -935886  0.586343148051  0.586343148051  0.161549350000  0.058711812500  0.504997300000 19083.572   219.005     0.773231250     0.991580821  -55.20744
   0  6 0.9750877600000 0.6000000000000 0.0450000000000 0.6000000000000 0.0200000000000 0.8883095332015 0.4201464813243 24823.303000000  2485.675409987 13247.466000000   271.904000000    70.409062407   120.691857500    -818247  0.334294065422  0.334294065422  0.109509100000  0.075388500000  0.246480700000 19890.595   217.724     0.800345625     0.991027576  -55.19213
   0 10 0.9899759200000 0.6000000000000 0.0450000000000 0.6000000000000 0.0200000000000 0.6286610927220 0.1967435556917 22925.014000000  2807.171314437 15467.000000000   242.180200000    71.728088994   124.665535000    -470488  0.580929430127  0.580929430127  0.183532900000  0.071646812500  0.292316200000 20349.206   204.317     0.867888375     0.990615598  -55.28384
   0  7 0.9865105400000 0.6000000000000 0.0450000000000 0.6000000000000 0.0200000000000 0.7498761912756 0.2995529329836 25021.267000000  2485.285867612 13764.086000000   239.365700000    68.898114706   111.612170000    -536696  0.368044524293  0.368044524293  0.146507800000  0.065634250000  0.393213600000 21273.382   194.256     0.838863250     0.989662150  -57.18747
   0 10 0.9832198400000 0.6000000000000 0.0450000000000 0.6000000000000 0.0200000000000 0.8539690062110 0.2910270987381 20216.009500000  2635.991042103 13448.274000000   297.973200000    44.399749914    87.347085000    -570638  0.486082200336  0.486082200336  0.148180150000  0.079030812500  0.581764100000 17788.372   207.250     0.872556000     0.993304151  -54.71805
   0  6 0.9724759800000 0.6000000000000 0.0450000000000 0.6000000000000 0.0200000000000 0.8478859457331 0.4093401561311 25122.692500000  2655.931969357 14405.922000000   398.065000000    36.082105268    70.346432500    -942523  0.364238270949  0.364238270949  0.120732150000  0.148315875000  0.563117400000 21177.404   216.271     0.834895875     0.993804172  -52.77585
   0  8 0.9794296300000 0.6000000000000 0.0450000000000 0.6000000000000 0.0200000000000 0.8858803049015 0.3589405834477 22976.381500000  2929.111733865 15656.692000000   297.220000000    47.273442893    93.970032500    -287106  0.393630590181  0.393630590181  0.136375050000  0.057503062500  0.458557600000 19793.500   217.376     0.849793625     0.992386640  -55.49716
   0  6 0.9832673900000 0.6000000000000 0.0450000000000 0.6000000000000 0.0200000000000 0.4959156174961 0.2175336187385 21949.436500000  2490.379214818 12771.164000000   436.385400000    36.418153054    72.009750000    -924611  0.527302985795  0.527302985795  0.143997650000  0.110091125000  0.241065400000 18529.396   220.526     0.846096375     0.995035759  -54.29867
   0  8 0.9813030600000 0.6000000000000 0.0450000000000 0.6000000000000 0.0200000000000 0.7418818273740 0.2950990741305 23800.475500000  2407.551098444 13080.972000000   226.727600000    99.875973742   143.233987500    -222622  0.455153352947  0.455153352947  0.134699150000  0.070147062500  0.440297000000 19619.620   194.001     0.815433125     0.989651173  -58.54987
   0  7 0.9656298300000 0.6000000000000 0.0450000000000 0.6000000000000 0.0200000000000 0.7489989834606 0.3589155613180 23913.457000000  2650.424503766 14161.148000000   222.300900000    85.823205862   129.184237500    -572662  0.515342196913  0.515342196913  0.155935300000  0.142612312500  0.447455700000 19010.767   186.111     0.792477375     0.989464664  -52.51233
   0  7 0.9714931100000 0.6000000000000 0.0450000000000 0.6000000000000 0.0200000000000 0.9028582871831 0.4153124913425 21964.367500000  2519.938715775 12946.916000000   223.724500000    89.100111519   135.116527500    -456435  0.390605531549  0.390605531549  0.113163750000  0.065238625000  0.391861800000 20008.102   192.319     0.920966375     0.990365606  -57.07750
   0 10 0.9829186700000 0.6000000000000 0.0450000000000 0.6000000000000 0.0200000000000 0.8491020814694 0.2903497259185 24769.195000000  2450.812126594 14032.780000000   313.194600000    44.058847535    82.089755000    -977103  0.491625897308  0.491625897308  0.167829300000  0.052051875000  0.355585900000 22360.194   210.726     0.885220875     0.992196167  -55.25467
   0 11 0.9847480800000 0.6000000000000 0.0450000000000 0.6000000000000 0.0200000000000 0.9452251780575 0.2934116050361 21564.038500000  2772.689115927 14681.056000000   258.842900000    66.645430641   122.555245000    -532677  0.484846721675  0.484846721675  0.200443950000  0.113406562500  0.479144400000 20215.311   215.976     0.948923250     0.991770282  -51.12915
   0  6 0.9772338000000 0.6000000000000 0.0450000000000 0.6000000000000 0.0200000000000 0.8331364956064 0.3870122721204 24350.654500000  2576.809405974 13801.128000000   260.330500000    59.032185603   102.170692500    -169885  0.344964595189  0.344964595189  0.119165500000  0.141208625000  0.290954600000 20476.291   201.522     0.835294625     0.990798011  -54.46167
   0  6 0.9631484400000 0.6000000000000 0.0450000000000 0.6000000000000 0.0200000000000 0.6366160738886 0.3272515142800 24163.828000000  2478.949177974 12865.254000000   244.056400000    89.176601751   138.053487500    -284298  0.555383136213  0.555383136213  0.167053650000  0.076680937500  0.571150100000 20339.908   205.683     0.839031000     0.990310175  -56.95650
   0  7 0.9799548400000 0.6000000000000 0.0450000000000 0.6000000000000 0.0200000000000 0.7248874096516 0.3103951060225 22212.565000000  2732.818784076 14331.386000000   244.241900000    67.485241203   117.557135000    -702877  0.424885391708  0.424885391708  0.167898950000  0.054510000000  0.237598100000 17785.333   199.716     0.801254125     0.991040765  -56.73756
   0 11 0.9842917300000 0.6000000000000 0.0450000000000 0.6000000000000 0.0200000000000 0.9712415886906 0.3031630469575 25704.880000000  2247.432039800 13113.490000000   255.820900000    62.780199479   103.800372500    -610642  0.476028085182  0.476028085182  0.140136750000  0.081115875000  0.270250400000 22286.937   198.202     0.838556125     0.990076887  -56.01669
   0 10 0.9886034600000 0.6000000000000 0.0450000000000 0.6000000000000 0.0200000000000 0.8972446910644 0.2861623279272 21973.831000000  2260.560322477 12161.608000000   260.971200000    71.910726492   124.012122500    -850801  0.417871946841  0.417871946841  0.135463550000  0.074001500000  0.212855400000 19446.703   214.262     0.875687500     0.991660926  -56.32385
   0  9 0.9752697300000 0.6000000000000 0.0450000000000 0.6000000000000 0.0200000000000 0.7403960696600 0.2924032479193 22024.442500000  2564.416994555 13565.094000000   256.797400000    68.678375204   120.772977500    -247684  0.571299217745  0.571299217745  0.158937000000  0.073070250000  0.407404500000 18616.437   209.269     0.833803750     0.991570239  -56.76956
   0  7 0.9832539800000 0.6000000000000 0.0450000000000 0.6000000000000 0.0200000000000 0.6018476594390 0.2493109715023 23336.129500000  2442.115999182 13019.206000000   314.009600000    44.997697007    83.140025000    -853991  0.484531838664  0.484531838664  0.156657650000  0.058314375000  0.479028300000 19740.677   208.352     0.840528375     0.992665304  -56.56582
   0  7 0.9845958200000 0.6000000000000 0.0450000000000 0.6000000000000 0.0200000000000 0.4938860359389 0.2016446445165 24691.151500000  2634.487595899 14620.066000000   233.437800000    82.773874005   129.870735000     -90077  0.577281698424  0.577281698424  0.117833450000  0.061088250000  0.224730800000 21063.398   197.716     0.841417500     0.989552314  -58.15638
   0  6 0.9558013000000 0.6000000000000 0.0450000000000 0.6000000000000 0.0200000000000 0.7926504297852 0.4242486697174 23144.672500000  2835.431092903 14626.372000000   210.225500000    81.112283992   121.900630000    -778578  0.493916427559  0.493916427559  0.136782100000  0.080784500000  0.360810500000 20790.334   177.791     0.900514125     0.989243040  -52.39246
   0 10 0.9733364100000 0.6000000000000 0.0450000000000 0.6000000000000 0.0200000000000 0.9071469302342 0.3406097421931 22860.781000000  2671.015998821 14472.350000000   257.720500000    68.084998682   120.494647500     -46482  0.548495582176  0.548495582176  0.157352600000  0.065757062500  0.550342300000 19628.776   210.207     0.836750125     0.991288727  -56.87521
   0  9 0.9837588100000 0.6000000000000 0.0450000000000 0.6000000000000 0.0200000000000 0.6269228282985 0.2276953276538 20363.159500000  2511.327242092 12856.836000000   254.559600000    60.138040226   108.667767500    -353610  0.580131016932  0.580131016932  0.134440950000  0.064323812500  0.545839300000 18963.608   204.414     0.953488000     0.992102618  -55.91409
   0  7 0.9873220300000 0.6000000000000 0.0450000000000 0.6000000000000 0.0200000000000 0.5722027271605 0.2263758496067 23104.091500000  2400.569274915 12763.142000000   221.688300000    83.242278277   125.790132500    -394248  0.475662983123  0.475662983123  0.162221100000  0.055094125000  0.429570000000 21248.320   188.867     0.926609125     0.989687474  -55.68376
   0  7 0.9833659800000 0.6000000000000 0.0450000000000 0.6000000000000 0.0200000000000 0.5406723819478 0.2237040918114 24009.293500000  2443.715839685 13189.034000000   230.196900000    71.437154179   113.193197500    -832191  0.538344642681  0.538344642681  0.155944700000  0.109170000000  0.377175800000 19814.205   187.315     0.819371000     0.989705504  -54.52070
   0  7 0.9792800900000 0.6000000000000 0.0450000000000 0.6000000000000 0.0200000000000 0.8916249926997 0.3842330323430 24583.529500000  2633.607411843 14482.240000000   279.196300000    53.556161010    97.155260000    -966641  0.349265458706  0.349265458706  0.139274200000  0.064544562500  0.404574000000 20700.877   209.257     0.831704750     0.991328911  -57.35404
   0  6 0.9618269200000 0.6000000000000 0.0450000000000 0.6000000000000 0.0200000000000 0.7989902340808 0.4139258874613 22501.924000000  2524.187493095 12771.202000000   243.603200000    72.011947418   119.105337500    -921838  0.450829605907  0.450829605907  0.159807650000  0.051170750000  0.538148700000 18519.472   197.926     0.825826500     0.990962930  -58.22468
   0  9 0.9855158700000 0.6000000000000 0.0450000000000 0.6000000000000 0.0200000000000 0.6423143671189 0.2286197820526 20813.020000000  2435.406124782 12645.688000000   235.551300000    80.089794539   131.407952500    -582970  0.548384796863  0.548384796863  0.202322550000  0.064840500000  0.555609600000 19317.732   201.529     0.945327750     0.991267242  -54.80818
   0  7 0.9734016300000 0.6000000000000 0.0450000000000 0.6000000000000 0.0200000000000 0.6466193247917 0.2930991746083 23018.771500000  3008.711116933 15820.608000000   229.836400000    76.185224853   126.887657500    -424231  0.529278749549  0.529278749549  0.133842650000  0.064546812500  0.313705000000 21202.817   196.721     0.927987625     0.990164088  -55.77233
   0  6 0.9833516700000 0.6000000000000 0.0450000000000 0.6000000000000 0.0200000000000 0.6936535412156 0.3040040016033 21484.307500000  2759.116893873 14126.308000000   233.337100000    82.180716106   135.166057500    -457810  0.376478560439  0.376478560439  0.128419750000  0.055033687500  0.308093800000 18828.387   200.504     0.878941500     0.990912194  -58.68116
   0  6 0.9667782600000 0.6000000000000 0.0450000000000 0.6000000000000 0.0200000000000 0.8801216939175 0.4422797610025 23221.055500000  2687.687926382 14013.062000000   221.322100000    84.508344933   128.720040000    -119422  0.381443090916  0.381443090916  0.158386550000  0.076596312500  0.500528000000 20174.061   187.579     0.866315500     0.989720820  -56.30184
   0  8 0.9739938500000 0.6000000000000 0.0450000000000 0.6000000000000 0.0200000000000 0.8746263137500 0.3718767305058 25293.197500000  2461.493179543 13657.050000000   255.364700000    61.996598029   104.048445000    -709357  0.436939897251  0.436939897251  0.153877100000  0.084293375000  0.309453600000 21780.683   199.150     0.847096375     0.990270235  -56.09645
   0 12 0.9861180300000 0.6000000000000 0.0450000000000 0.6000000000000 0.0200000000000 0.9159450400316 0.2572323926213 23407.274500000  2767.023682883 15523.414000000   263.110800000    51.724761327    97.163872500    -673544  0.557302706709  0.557302706709  0.176293250000  0.053458375000  0.484481200000 20801.749   202.286     0.856392750     0.991204045  -55.53562
   0  8 0.9792507600000 0.6000000000000 0.0450000000000 0.6000000000000 0.0200000000000 0.6688583480893 0.2714711352416 23978.689000000  2238.322290231 11878.896000000   288.364400000    60.080668196   105.429597500    -357977  0.522945494443  0.522945494443  0.122654250000  0.094506125000  0.437502100000 17268.799   212.799     0.734815500     0.991811275  -52.01450
   0  8 0.9791735100000 0.6000000000000 0.0450000000000 0.6000000000000 0.0200000000000 0.6290236009531 0.2554910519727 22147.711000000  2497.354848741 13161.486000000   353.733600000    38.232602964    73.622985000    -772146  0.556796155684  0.556796155684  0.140807750000  0.137015187500  0.423785700000 18989.865   206.939     0.851683000     0.993834508  -53.41294
   0  8 0.9725349500000 0.6000000000000 0.0450000000000 0.6000000000000 0.0200000000000 0.8144823509189 0.3503947089653 25121.383000000  2589.529581026 14426.880000000   301.748800000    52.235024905    96.714495000    -965744  0.480682830561  0.480682830561  0.157744900000  0.067612812500  0.463717800000 21263.159   219.210     0.831124500     0.991826738  -55.60545
   0 11 0.9827125000000 0.6000000000000 0.0450000000000 0.6000000000000 0.0200000000000 0.8843297241711 0.2812135425889 23197.079500000  2283.395613320 12686.090000000   269.608200000    64.426232179   112.796990000    -881880  0.538917008454  0.538917008454  0.129759300000  0.104328250000  0.568765700000 17705.982   209.194     0.747626500     0.991510968  -53.19796
   0  6 0.9744199000000 0.6000000000000 0.0450000000000 0.6000000000000 0.0200000000000 0.9118840292617 0.4336269893365 22358.135500000  2760.516397240 14278.780000000   240.793400000    90.858127444   145.793070000    -411609  0.328953267435  0.328953267435  0.141851800000  0.061431687500  0.452107000000 20474.013   209.925     0.925935500     0.990877165  -56.77981
   0  7 0.9779461400000 0.6000000000000 0.0450000000000 0.6000000000000 0.0200000000000 0.9613170656470 0.4193637925827 24205.880500000  2609.044675484 14205.696000000   236.194100000    71.296886702   116.313295000    -285425  0.331051422873  0.331051422873  0.107258700000  0.058312250000  0.287517300000 19269.514   192.601     0.792360750     0.989914476  -56.16834
   0  6 0.9758934900000 0.6000000000000 0.0450000000000 0.6000000000000 0.0200000000000 0.8966126578039 0.4212680726615 22017.490000000  2536.800673112 12947.298000000   247.084500000    72.489871141   122.554562500    -872879  0.327173805863  0.327173805863  0.158744250000  0.160762750000  0.202563000000 20210.983   206.110     0.932154875     0.991239162  -52.13610
   0  9 0.9773362400000 0.6000000000000 0.0450000000000 0.6000000000000 0.0200000000000 0.6823789386656 0.2645426353013 23817.539500000  2360.465618625 12898.136000000   276.305600000    62.704259882   110.362447500    -467962  0.597815668446  0.597815668446  0.166896300000  0.096537000000  0.250799700000 20077.865   214.259     0.828651000     0.991519436  -55.31168
   0  6 0.9723235800000 0.6000000000000 0.0450000000000 0.6000000000000 0.0200000000000 0.5796665916462 0.2801725998765 22425.514000000  2636.219350630 13584.494000000   253.986700000    63.338100057   110.833340000    -485523  0.533986312857  0.533986312857  0.115788550000  0.054503562500  0.579315800000 19676.666   203.743     0.878393500     0.991332535  -58.88489
   0  6 0.9701764800000 0.6000000000000 0.0450000000000 0.6000000000000 0.0200000000000 0.6986538908875 0.3430421243942 27621.367000000  2576.224356303 14329.844000000   231.074400000   100.700431604   140.365342500    -352828  0.457335104315  0.457335104315  0.132807000000  0.073935875000  0.474241600000 21756.644   194.862     0.782612125     0.988275407  -55.40350
   0  7 0.9782742000000 0.6000000000000 0.0450000000000 0.6000000000000 0.0200000000000 0.5347764200007 0.2325998760436 24201.479500000  2513.426404710 13603.680000000   283.720900000    54.700851538    98.395687500     -90281  0.591941774535  0.591941774535  0.106852650000  0.053234937500  0.275153600000 21827.927   213.287     0.899244125     0.991604089  -56.62433
   0  7 0.9881820200000 0.6000000000000 0.0450000000000 0.6000000000000 0.0200000000000 0.4650427211187 0.1820488799518 19795.228000000  2415.652013168 11978.052000000   373.772500000    38.008119393    73.975610000    -858485  0.576658101627  0.576658101627  0.142750200000  0.084715687500  0.459450100000 16633.960   208.143     0.848054375     0.994756404  -51.50068
   0  7 0.9626482900000 0.6000000000000 0.0450000000000 0.6000000000000 0.0200000000000 0.6780477670375 0.3310218306154 23832.025000000  2625.607362839 13943.426000000   217.034700000   108.966845240   146.653735000    -149316  0.595430698267  0.595430698267  0.123014650000  0.056533937500  0.573583100000 18913.597   185.806     0.791939750     0.989254800  -56.97998
   0  7 0.9863099900000 0.6000000000000 0.0450000000000 0.6000000000000 0.0200000000000 0.7268710116988 0.2910466076160 20822.497000000  2567.369683326 13109.002000000   252.536500000    76.469416748   132.975330000    -878460  0.380995982111  0.380995982111  0.161648900000  0.053648625000  0.482771900000 19814.407   216.760     0.998794125     0.991846688  -53.53464
   0  7 0.9784631200000 0.6000000000000 0.0450000000000 0.6000000000000 0.0200000000000 0.7918093972181 0.3438041115170 24694.877500000  2229.185527316 11651.026000000   238.289100000   104.521971427   148.638380000    -987711  0.398563766492  0.398563766492  0.133400750000  0.122310437500  0.219874600000 20435.306   203.151     0.824954250     0.989798571  -53.92721
   0  6 0.9523739100000 0.6000000000000 0.0450000000000 0.6000000000000 0.0200000000000 0.7384859471711 0.4019121096698 26917.936000000  2447.082723955 12943.900000000   292.406100000    51.582901475    87.676407500    -113546  0.555276873923  0.555276873923  0.146320550000  0.060886062500  0.567145400000 22153.221   200.512     0.817511875     0.991010545  -54.48546
   0  8 0.9859055400000 0.6000000000000 0.0450000000000 0.6000000000000 0.0200000000000 0.9330112793210 0.3529674508784 23641.067500000  2293.127527336 12339.502000000   233.272500000    99.325949505   144.905007500    -279783  0.333935924522  0.333935924522  0.118223450000  0.052491062500  0.350430700000 19494.468   199.499     0.817636750     0.989981231  -59.13304
   0  8 0.9762847800000 0.6000000000000 0.0450000000000 0.6000000000000 0.0200000000000 0.6230971248810 0.2598379184501 25032.107500000  2634.153541730 14748.672000000   242.541300000    83.025074299   132.529917500    -959144  0.590276614243  0.590276614243  0.190116800000  0.061159875000  0.582434800000 21277.396   204.573     0.834015250     0.989851233  -55.74975
   0 11 0.9865622100000 0.6000000000000 0.0450000000000 0.6000000000000 0.0200000000000 0.8736821978965 0.2650802276285 23721.203500000  2325.170659230 13186.050000000   224.341200000   101.047994715   143.064467500    -853694  0.506457924099  0.506457924099  0.158874850000  0.068961062500  0.409111200000 19790.089   191.941     0.807873375     0.989542561  -57.63799
   0  7 0.9627128300000 0.6000000000000 0.0450000000000 0.6000000000000 0.0200000000000 0.8105548612706 0.3955576322282 21615.608500000  2489.778761493 12539.010000000   232.618600000    80.354874371   128.170952500    -878493  0.497610528160  0.497610528160  0.125135600000  0.070734375000  0.283608700000 19755.104   196.380     0.928754250     0.990906876  -56.71873
   0  7 0.9755899000000 0.6000000000000 0.0450000000000 0.6000000000000 0.0200000000000 0.9726370001363 0.4330810594903 26771.663500000  2212.950952396 11767.432000000   288.627100000    60.188550616   101.042065000    -885626  0.339845070911  0.339845070911  0.202318100000  0.098022250000  0.500235000000 21101.247   209.706     0.788215625     0.990881956  -52.20706
   0  8 0.9771104200000 0.6000000000000 0.0450000000000 0.6000000000000 0.0200000000000 0.7207868669594 0.2983875986471 24255.290500000  2564.417478361 14124.990000000   262.203200000    59.253744819   103.932420000    -523146  0.503226390612  0.503226390612  0.138891400000  0.063170312500  0.437417100000 20479.543   203.762     0.831241250     0.990900052  -58.04662
   0  7 0.9864098600000 0.6000000000000 0.0450000000000 0.6000000000000 0.0200000000000 0.6990902920971 0.2795959001525 21174.469000000  2522.619762221 12979.072000000   301.542300000    46.818717600    88.938805000    -881059  0.395461144456  0.395461144456  0.123304550000  0.080887500000  0.208510400000 18446.489   210.839     0.872593875     0.993055864  -56.36822
   0  7 0.9769651400000 0.6000000000000 0.0450000000000 0.6000000000000 0.0200000000000 0.7864030959034 0.3460554396739 27115.171000000  2620.439541287 14962.838000000   238.695700000    95.066245932   140.543182500    -476138  0.411150574259  0.411150574259  0.189922950000  0.081028750000  0.401649100000 19855.259   200.426     0.736214250     0.988826015  -52.56568
   0  6 0.9575177400000 0.6000000000000 0.0450000000000 0.6000000000000 0.0200000000000 0.7922794868761 0.4203182702400 27523.735000000  2722.773720355 15104.726000000   256.962200000    74.702804505   121.526717500    -489932  0.482680118800  0.482680118800  0.150499500000  0.059412625000  0.458603800000 21873.994   207.796     0.787684250     0.989530997  -54.95294
   0  9 0.9882407200000 0.6000000000000 0.0450000000000 0.6000000000000 0.0200000000000 0.6752796578642 0.2323844831659 22708.042000000  2260.233387763 12159.424000000   228.814600000    99.233472455   144.324330000    -682322  0.496062044768  0.496062044768  0.156370300000  0.111990625000  0.269520400000 19608.239   197.016     0.853682750     0.990173705  -55.38472
   0  6 0.9691121300000 0.6000000000000 0.0450000000000 0.6000000000000 0.0200000000000 0.8453935977341 0.4182087489547 24139.987000000  2663.498802177 14153.028000000   329.197000000    46.083964900    87.901502500    -948777  0.383891777584  0.383891777584  0.136068900000  0.055942812500  0.534535600000 20950.958   221.581     0.862576875     0.992810143  -56.75834
   0  7 0.9884325900000 0.6000000000000 0.0450000000000 0.6000000000000 0.0200000000000 0.6980597188408 0.2724117177577 24419.788000000  2352.336556523 12730.190000000   241.168000000    87.484518238   135.106062500    -300827  0.382503766343  0.382503766343  0.132476750000  0.051237312500  0.537341000000 20779.850   204.063     0.842712250     0.989972919  -59.11898
   0  7 0.9833744100000 0.6000000000000 0.0450000000000 0.6000000000000 0.0200000000000 0.8764819859285 0.3626134293601 26341.945000000  2313.385905372 12677.116000000   251.363300000    79.383783067   124.600080000    -590229  0.332039905263  0.332039905263  0.142342650000  0.056467500000  0.228716000000 21577.408   205.409     0.810716000     0.989656362  -57.43170
   0  8 0.9864674800000 0.6000000000000 0.0450000000000 0.6000000000000 0.0200000000000 0.5498192072213 0.2066231264520 19552.498000000  3142.642257790 14901.206000000   299.045500000    44.711390111    94.649770000    -149148  0.561048519979  0.561048519979  0.150983950000  0.080621562500  0.318241200000 16932.750   217.775     0.867987375     0.993534004  -52.22339
   0  9 0.9594100800000 0.6000000000000 0.0450000000000 0.6000000000000 0.0200000000000 0.9308520014506 0.4118244865101 21077.741500000  2378.342706548 11987.378000000   413.608100000    39.594488249    77.638360000    -717072  0.594259092081  0.594259092081  0.137327050000  0.059626000000  0.210070400000 18731.749   222.119     0.892132250     0.995017162  -54.11821
   0 10 0.9698480600000 0.6000000000000 0.0450000000000 0.6000000000000 0.0200000000000 0.8887799894070 0.3433286757415 22688.764000000  2248.937340826 11919.816000000   232.856900000    86.895307875   132.310087500    -485946  0.595891492033  0.595891492033  0.140220000000  0.054978687500  0.263437700000 19881.401   195.202     0.866503000     0.990444039  -57.83269
   0  7 0.9796595500000 0.6000000000000 0.0450000000000 0.6000000000000 0.0200000000000 0.5992102491822 0.2573012311098 24181.607500000  2446.435245634 13176.748000000   237.939100000    93.288105770   141.242550000    -476415  0.516492672743  0.516492672743  0.179988650000  0.077972500000  0.390755700000 20675.632   203.353     0.847404250     0.989989767  -56.46601
   0 11 0.9826355800000 0.6000000000000 0.0450000000000 0.6000000000000 0.0200000000000 0.9787116853726 0.3115015160168 24113.648500000  2269.932741303 12841.754000000   265.343700000    61.562988817   105.953270000    -232697  0.487664808703  0.487664808703  0.119559500000  0.064902125000  0.316416600000 20642.334   204.716     0.830570625     0.991034125  -58.08103
   0 11 0.9837373900000 0.6000000000000 0.0450000000000 0.6000000000000 0.0200000000000 0.9601723534433 0.3017008859936 24983.372500000  2452.873709643 14287.760000000   303.766700000    50.531335946    94.303157500    -893785  0.486679900958  0.486679900958  0.121109500000  0.069035187500  0.224070900000 22661.357   220.074     0.885266125     0.991880435  -55.33118
   0  6 0.9595816600000 0.6000000000000 0.0450000000000 0.6000000000000 0.0200000000000 0.8275956771640 0.4342128806003 25388.642500000  2532.184183754 13415.500000000   287.608800000    53.048785312    93.030132500    -573941  0.449101355975  0.449101355975  0.139672350000  0.084519625000  0.465973400000 22862.522   208.305     0.899113375     0.991368312  -54.82146
   0  6 0.9767888500000 0.6000000000000 0.0450000000000 0.6000000000000 0.0200000000000 0.5739068493942 0.2676165199909 22599.920500000  2368.129712714 12007.970000000   288.563000000    56.329429498   100.803547500    -840206  0.504208184064  0.504208184064  0.133323550000  0.057970062500  0.352073100000 17809.521   211.627     0.796940625     0.992296815  -56.80481
   0  8 0.9894290900000 0.6000000000000 0.0450000000000 0.6000000000000 0.0200000000000 0.9529942971872 0.3450481278190 25558.526500000  2502.636749108 14312.790000000   385.934700000    38.353252413    74.717910000     -45157  0.306950854388  0.306950854388  0.112773100000  0.067764562500  0.234868100000 20635.234   222.754     0.793852500     0.993437283  -54.27026
   0  8 0.9737026900000 0.6000000000000 0.0450000000000 0.6000000000000 0.0200000000000 0.6918247563049 0.2948535650692 23674.831000000  2326.795056277 12360.326000000   229.059300000   103.122465418   145.953360000    -551338  0.555071274895  0.555071274895  0.144465700000  0.058563437500  0.416267700000 19567.164   195.652     0.820288125     0.989848156  -58.80161
   0  8 0.9787931600000 0.6000000000000 0.0450000000000 0.6000000000000 0.0200000000000 0.6673231645923 0.2720233877750 22560.635500000  2382.657950119 12564.114000000   245.857300000    75.869991337   125.071752500    -482201  0.528253963511  0.528253963511  0.160492550000  0.053012062500  0.254232700000 18959.015   203.032     0.834941750     0.990965608  -58.41351
   0  6 0.9853758000000 0.6000000000000 0.0450000000000 0.6000000000000 0.0200000000000 0.4766592302009 0.2043851327064 22525.144000000  2438.641965773 12618.526000000   225.949100000    86.367535987   131.825837500    -133605  0.530291467189  0.530291467189  0.157457300000  0.060267437500  0.541595200000 18695.633   191.298     0.831273000     0.990148101  -57.81854
   0  6 0.9684607800000 0.6000000000000 0.0450000000000 0.6000000000000 0.0200000000000 0.5804147336530 0.2884144528887 24676.085500000  2598.186155633 13858.810000000   243.647000000    83.926318583   132.822547500    -430076  0.564485409440  0.564485409440  0.157644950000  0.065912687500  0.594406600000 19274.662   203.012     0.783276750     0.990072118  -57.20012
   0  7 0.9644709900000 0.6000000000000 0.0450000000000 0.6000000000000 0.0200000000000 0.8643577804739 0.4172690447422 25590.224500000  2363.529765836 12592.880000000   251.142900000    72.351763620   115.560010000    -564561  0.454465513029  0.454465513029  0.123763400000  0.077798687500  0.493925000000 21920.259   200.828     0.849393250     0.990024084  -56.44955
   0  6 0.9654831100000 0.6000000000000 0.0450000000000 0.6000000000000 0.0200000000000 0.9579674753100 0.4854232303134 24133.480000000  2755.154491699 14633.098000000   219.698600000   103.752379089   144.955480000    -166756  0.357026020862  0.357026020862  0.136048350000  0.103530562500  0.566028100000 22083.877   191.776     0.919340750     0.989242267  -54.80351
   0  6 0.9615469900000 0.6000000000000 0.0450000000000 0.6000000000000 0.0200000000000 0.8883492957058 0.4609637799124 20865.062500000  3056.333509688 14833.162000000   214.158000000    83.284493470   131.778907500    -235268  0.407075848585  0.407075848585  0.161718300000  0.094543437500  0.240989100000 18534.276   184.091     0.895829625     0.990468836  -53.15799
   0 10 0.9866373700000 0.6000000000000 0.0450000000000 0.6000000000000 0.0200000000000 0.7971012965836 0.2608052426605 23363.291500000  2447.430488187 13683.220000000   221.108700000    91.515091364   134.845055000    -368487  0.488313894976  0.488313894976  0.129006650000  0.056766312500  0.408539800000 19341.864   187.929     0.806831000     0.989549249  -57.66745
   0  6 0.9766374500000 0.6000000000000 0.0450000000000 0.6000000000000 0.0200000000000 0.7478333602367 0.3491703024978 21208.813000000  2579.889279688 12981.468000000   239.779600000    70.726378798   119.885890000    -955326  0.387839394393  0.387839394393  0.174906800000  0.058109062500  0.256894300000 19418.735   199.971     0.931806375     0.991300842  -56.72676
   0  8 0.9846193000000 0.6000000000000 0.0450000000000 0.6000000000000 0.0200000000000 0.8859750497175 0.3401601960409 23067.358000000  2272.821209704 12044.852000000   232.129800000    89.980910160   135.685862500    -714981  0.359737510096  0.359737510096  0.190866800000  0.051918812500  0.496188200000 19008.075   195.942     0.819453750     0.990184255  -56.77058
   0  8 0.9761617900000 0.6000000000000 0.0450000000000 0.6000000000000 0.0200000000000 0.7514618906408 0.3137040223823 21580.441000000  2873.596490860 14786.902000000   262.404700000    56.474371347   106.335697500    -139146  0.490458310694  0.490458310694  0.159089700000  0.059161312500  0.498545100000 18822.338   207.196     0.867134250     0.991913407  -56.73909
   0 11 0.9887062500000 0.6000000000000 0.0450000000000 0.6000000000000 0.0200000000000 0.9472458575306 0.2792475911048 21351.143500000  2556.817522709 13721.232000000   242.131200000    87.859420655   144.045642500    -267281  0.448022089506  0.448022089506  0.164581700000  0.055059875000  0.357813800000 16455.727   206.447     0.756025000     0.991266131  -54.04280
   0  6 0.9892509100000 0.6000000000000 0.0450000000000 0.6000000000000 0.0200000000000 0.5954347957705 0.2437660756027 21724.594000000  2837.803625635 14698.476000000   239.532500000    75.550471527   129.862382500    -537779  0.398272495774  0.398272495774  0.115511050000  0.080878437500  0.234872400000 19664.223   205.239     0.910953625     0.991013453  -56.11207
   0  6 0.9683586100000 0.6000000000000 0.0450000000000 0.6000000000000 0.0200000000000 0.8411445716427 0.4182647806439 22771.343500000  2726.310849257 14125.526000000   238.977500000    74.080733446   123.330857500     -43445  0.390090980221  0.390090980221  0.122349000000  0.100277812500  0.482675500000 20564.999   200.439     0.907781375     0.990659761  -56.25347
   0  7 0.9843479300000 0.6000000000000 0.0450000000000 0.6000000000000 0.0200000000000 0.5936314178852 0.2430302925220 22450.610500000  2339.739723366 12144.096000000   307.349100000    49.842208855    91.486090000    -558192  0.482295732157  0.482295732157  0.172057250000  0.059894312500  0.304745300000 17957.763   212.225     0.803368250     0.992785942  -55.65175
   0  8 0.9811312000000 0.6000000000000 0.0450000000000 0.6000000000000 0.0200000000000 0.6392180440085 0.2547043570729 23360.956000000  2714.743730459 14788.830000000   222.066300000    80.688937995   126.395542500     -40206  0.529823218034  0.529823218034  0.189453900000  0.054158062500  0.550416200000 19509.047   187.423     0.823502000     0.989630054  -54.92916
   0  7 0.9820035700000 0.6000000000000 0.0450000000000 0.6000000000000 0.0200000000000 0.9728418302548 0.4082490354213 23585.569000000  2621.335197153 14185.202000000   226.616700000    90.991183569   137.490945000    -492289  0.306068717445  0.306068717445  0.124469950000  0.059307562500  0.369834400000 21944.435   196.991     0.940933875     0.989735561  -56.98289
   0  8 0.9746574000000 0.6000000000000 0.0450000000000 0.6000000000000 0.0200000000000 0.9061594726432 0.3831723351024 28317.130000000  2172.955562931 11937.314000000   257.025000000    85.321327915   128.681105000    -760074  0.417101013625  0.417101013625  0.191535900000  0.080938312500  0.431357200000 21519.814   206.215     0.760179125     0.989174263  -53.16677
   0  6 0.9833802600000 0.6000000000000 0.0450000000000 0.6000000000000 0.0200000000000 0.6000556900340 0.2629047666441 25552.451500000  2571.804037547 14152.974000000   243.876100000    89.246482869   138.415862500    -235085  0.435003474390  0.435003474390  0.129365350000  0.076818562500  0.315671200000 22415.906   208.619     0.867766250     0.989658294  -56.17973
   0  7 0.9750349900000 0.6000000000000 0.0450000000000 0.6000000000000 0.0200000000000 0.5672850781334 0.2537635121392 22254.658000000  2492.044697233 12917.554000000   238.200900000    78.274766290   127.249187500    -308714  0.587864464009  0.587864464009  0.182266850000  0.050272312500  0.499771300000 20819.539   201.991     0.959163250     0.990818087  -56.32323
   0  8 0.9854408600000 0.6000000000000 0.0450000000000 0.6000000000000 0.0200000000000 0.9723228501058 0.3698339272894 21358.420000000  2581.634635651 13486.476000000   234.063600000    77.577938013   128.526242500    -563405  0.323079296472  0.323079296472  0.154627800000  0.055241187500  0.564252400000 19034.140   198.865     0.890862875     0.990981875  -58.39842
   0  7 0.9722347000000 0.6000000000000 0.0450000000000 0.6000000000000 0.0200000000000 0.9241952157433 0.4227417815334 23109.532000000  2700.367819438 14321.032000000   389.857200000    36.041744926    72.218367500    -173924  0.377180309684  0.377180309684  0.136402650000  0.050720437500  0.416470700000 18376.412   214.260     0.794252125     0.994181234  -54.63458
   0  9 0.9805920100000 0.6000000000000 0.0450000000000 0.6000000000000 0.0200000000000 0.7860594659024 0.2952859213630 22212.700000000  2547.567210102 13631.878000000   233.265300000    76.073195303   124.570830000    -160074  0.489837502732  0.489837502732  0.127062200000  0.052164437500  0.220669300000 18973.124   195.020     0.841965750     0.990615918  -58.82182
   0  6 0.9891791400000 0.6000000000000 0.0450000000000 0.6000000000000 0.0200000000000 0.4076492384982 0.1670411484099 22563.038500000  2254.062923707 11396.226000000   279.748400000    68.096643974   119.269625000     -14316  0.582436457086  0.582436457086  0.178541550000  0.123280250000  0.431864700000 18439.211   221.796     0.822339125     0.992008779  -50.89587
 
  COND2           1     1867945  1.280683430845902E+045  1.129624135656056E+043
  8.820479038367269E-003         100
   1867945  24628237   1052957         0     33885         0         0         0         0         0   1930480        89         0  10086407   1867945
 PARAMETER FILE GB61B.PAR   
