  Aa Am            MSYL            MSYR           MORTJ           MORTA             K1+           PInit      ISEED   PTarget           CVADD              AR        PREG-MAX           GAMMA              P0   SSTILDA     LIKEL
   0  6 0.9771390700000 0.6000000000000 0.0450000000000 0.6000000000000 0.0200000000000 0.9507745491417 0.4420200534486 23288.164000000  2581.029261202 13436.620000000   256.421300000    69.149543611   112.645442500    -162075  0.302722119895  0.302722119895  0.115828000000  0.060449875000  0.305089000000 20534.495   200.972     0.881779375     0.991065762  -58.48632
   0  8 0.9707814200000 0.6000000000000 0.0450000000000 0.6000000000000 0.0200000000000 0.8403974779961 0.3664657713409 24881.609500000  2311.740477030 12296.796000000   299.062100000    63.979831156   106.816015000    -543717  0.479486107193  0.479486107193  0.135462050000  0.066346562500  0.519645300000 19195.155   213.652     0.772624875     0.991837582  -56.23182
   0  6 0.9869278500000 0.6000000000000 0.0450000000000 0.6000000000000 0.0200000000000 0.4122656756384 0.1736560684857 23682.566500000  2536.739728905 13427.036000000   414.178300000    43.341583747    79.519070000    -413581  0.597784995823  0.597784995823  0.143508150000  0.085115437500  0.350650600000 20986.454   225.918     0.884254000     0.994343538  -55.06571
   0  6 0.9639799000000 0.6000000000000 0.0450000000000 0.6000000000000 0.0200000000000 0.9235810919532 0.4723883161212 22770.655000000  2905.925088331 14871.676000000   245.816500000    76.890029460   125.200712500    -879821  0.378338467004  0.378338467004  0.145356250000  0.075299937500  0.331053600000 21055.560   202.388     0.940006625     0.990932161  -56.14414
   0  9 0.9875625500000 0.6000000000000 0.0450000000000 0.6000000000000 0.0200000000000 0.9658661972652 0.3352820728571 21648.319000000  2566.307080959 13555.056000000   337.504600000    48.175479121    89.311710000    -741776  0.351204796515  0.351204796515  0.139284400000  0.083368562500  0.536255200000 18787.050   217.996     0.859524500     0.993652034  -56.01864
   0  6 0.9654030700000 0.6000000000000 0.0450000000000 0.6000000000000 0.0200000000000 0.6095437825025 0.3090255214371 23065.157500000  2559.959527848 13054.042000000   279.024900000    62.969884524   106.088210000    -692366  0.561750005605  0.561750005605  0.157404350000  0.062080562500  0.405304200000 18329.591   205.288     0.800510250     0.991904733  -57.32205
   0  7 0.9737205500000 0.6000000000000 0.0450000000000 0.6000000000000 0.0200000000000 0.8222149915386 0.3717500905479 24006.350500000  2439.986223453 12845.476000000   239.149400000   100.958512925   144.245030000    -707831  0.414150472426  0.414150472426  0.159194200000  0.055869687500  0.313824700000 20985.674   200.820     0.870624250     0.990140246  -58.47810
   0  7 0.9880101500000 0.6000000000000 0.0450000000000 0.6000000000000 0.0200000000000 0.8796053357740 0.3450724682349 24714.992500000  2588.073297653 14268.906000000   349.077000000    44.660234867    79.589985000    -637293  0.305782809744  0.305782809744  0.143462700000  0.096435437500  0.321372300000 21182.376   211.430     0.846544750     0.992990882  -54.94563
   0  9 0.9707619500000 0.6000000000000 0.0450000000000 0.6000000000000 0.0200000000000 0.7638160645072 0.3130188110116 27062.386000000  2472.499231053 14152.120000000   260.288700000    85.364334607   130.381537500    -211714  0.598671899039  0.598671899039  0.124945000000  0.070488125000  0.599288300000 21965.663   208.601     0.791645625     0.989799785  -55.71086
   0 11 0.9798505000000 0.6000000000000 0.0450000000000 0.6000000000000 0.0200000000000 0.9288046598577 0.3048150779781 23141.648500000  2645.620118766 14547.824000000   272.003300000    60.080353198   104.333470000    -774368  0.541905208006  0.541905208006  0.125471150000  0.166241000000  0.323641200000 21398.354   206.293     0.920234375     0.991619140  -51.86256
   0  8 0.9898143000000 0.6000000000000 0.0450000000000 0.6000000000000 0.0200000000000 0.8944403756245 0.3221902676856 23124.598000000  2548.929857624 13829.654000000   232.011400000    89.130120711   133.170557500     -54705  0.324771130182  0.324771130182  0.174422500000  0.098438000000  0.316714500000 20642.755   194.456     0.886583625     0.990120186  -55.42131
   0  7 0.9550256800000 0.6000000000000 0.0450000000000 0.6000000000000 0.0200000000000 0.8067960477713 0.4108308909298 24509.833000000  2753.896241458 14634.720000000   295.349300000    50.350983513    86.675862500    -326505  0.559804561027  0.559804561027  0.152882350000  0.062579312500  0.405725400000 22213.356   199.985     0.906892250     0.991892853  -53.77563
   0  6 0.9873215300000 0.6000000000000 0.0450000000000 0.6000000000000 0.0200000000000 0.4510848051114 0.1891230427315 22835.806000000  2458.177627060 12716.406000000   324.472400000    54.173292494    95.772320000    -702624  0.542816930468  0.542816930468  0.172787300000  0.053123500000  0.470903100000 16328.739   215.953     0.740450000     0.993036022  -53.95783
   0  8 0.9813030600000 0.6000000000000 0.0450000000000 0.6000000000000 0.0200000000000 0.7418818273740 0.2950990741305 23800.475500000  2428.335224736 13080.972000000   226.727600000   105.072170229   143.233987500    -222622  0.455153352947  0.455153352947  0.134699150000  0.070147062500  0.440297000000 19586.150   189.760     0.815433125     0.989651173  -58.04749
   0  8 0.9893066100000 0.6000000000000 0.0450000000000 0.6000000000000 0.0200000000000 0.7959861858024 0.2886669541357 24795.601000000  2147.287810965 11339.614000000   438.608400000    42.267294792    72.459647500    -983329  0.368311783143  0.368311783143  0.172199550000  0.131212812500  0.209117100000 19604.057   207.739     0.791053375     0.994398288  -50.01956
   0  7 0.9509259800000 0.6000000000000 0.0450000000000 0.6000000000000 0.0200000000000 0.8432775760672 0.4380495384454 22434.964000000  2531.860032652 12714.468000000   299.100000000    60.141293713   104.028262500    -804403  0.568048278004  0.568048278004  0.131890550000  0.099097062500  0.389408400000 17258.823   210.815     0.779121625     0.992676842  -54.40947
   0  8 0.9852430300000 0.6000000000000 0.0450000000000 0.6000000000000 0.0200000000000 0.6277216071387 0.2393053062393 25837.828000000  2237.477626873 12164.560000000   269.569900000    64.599931041   101.318152500    -540060  0.502191454721  0.502191454721  0.154813200000  0.078028437500  0.256287700000 21220.175   196.311     0.812627875     0.990528671  -54.68009
   0  7 0.9793348900000 0.6000000000000 0.0450000000000 0.6000000000000 0.0200000000000 0.8268673814535 0.3561439722897 22691.518000000  2470.907522568 12841.138000000   279.207500000    72.856002178   123.412530000    -261558  0.376281835145  0.376281835145  0.130269500000  0.057584562500  0.514226900000 19836.264   220.662     0.873506250     0.991996354  -56.26934
   0  7 0.9645977400000 0.6000000000000 0.0450000000000 0.6000000000000 0.0200000000000 0.9216013708956 0.4445481859823 22628.756500000  2577.807069900 13238.238000000   299.791600000    60.360880560   105.915960000    -139533  0.425422290023  0.425422290023  0.101639550000  0.054528500000  0.563431400000 18297.454   216.138     0.810075875     0.992609793  -56.05914
   0  6 0.9805679000000 0.6000000000000 0.0450000000000 0.6000000000000 0.0200000000000 0.7688246086326 0.3464600024790 20185.337500000  3314.662653324 15526.918000000   251.959400000    68.997754745   124.638007500    -139695  0.354978515109  0.354978515109  0.173607800000  0.076617687500  0.399458700000 17495.078   206.213     0.874579500     0.992105214  -53.50505
   0  7 0.9842513600000 0.6000000000000 0.0450000000000 0.6000000000000 0.0200000000000 0.9518379294922 0.3900902075996 20713.687000000  2871.461281702 14365.614000000   235.658600000    70.492241588   117.672965000     -72921  0.301282470637  0.301282470637  0.203338250000  0.079343875000  0.536176000000 17594.727   190.591     0.851925000     0.991319760  -52.83621
   0  8 0.9817026100000 0.6000000000000 0.0450000000000 0.6000000000000 0.0200000000000 0.8071131395009 0.3197412499803 23687.980000000  2810.976353680 15298.498000000   248.360300000    85.314122784   136.329395000    -464309  0.415489522267  0.415489522267  0.140188850000  0.080243562500  0.573436500000 21230.878   208.329     0.888647875     0.990595132  -55.81339
   0  9 0.9799077500000 0.6000000000000 0.0450000000000 0.6000000000000 0.0200000000000 0.8961180143141 0.3389512478292 23309.791000000  2293.156418408 12225.108000000   238.598600000    81.184180081   122.146752500     -49884  0.434956016771  0.434956016771  0.169418250000  0.052686937500  0.343648000000 21576.538   193.687     0.936228375     0.990376079  -55.00697
   0  8 0.9862031300000 0.6000000000000 0.0450000000000 0.6000000000000 0.0200000000000 0.6578194540975 0.2479884193981 22944.103000000  2497.146944642 13392.412000000   257.213500000    62.531018662   103.135942500    -496610  0.471142405796  0.471142405796  0.168390800000  0.115031062500  0.354290400000 20781.549   196.470     0.905427250     0.991179924  -53.89995
   0  8 0.9701355700000 0.6000000000000 0.0450000000000 0.6000000000000 0.0200000000000 0.7392950394675 0.3239385069081 23266.564000000  2426.387680811 12739.448000000   251.555000000    77.594592841   122.132030000    -988032  0.550844341414  0.550844341414  0.145735200000  0.098273687500  0.397621300000 21234.327   202.179     0.919130750     0.990928121  -55.45086
   0  7 0.9757637800000 0.6000000000000 0.0450000000000 0.6000000000000 0.0200000000000 0.6860767287047 0.3050387267643 23627.621500000  2862.721751168 15293.170000000   329.661300000    45.188734827    83.391672500    -810022  0.480453337481  0.480453337481  0.121677400000  0.139407000000  0.365577800000 20318.953   210.360     0.852380000     0.992953885  -52.81753
   0  6 0.9683489600000 0.6000000000000 0.0450000000000 0.6000000000000 0.0200000000000 0.8938934662123 0.4445236832510 23312.207500000  2602.198913435 13425.288000000   383.127700000    44.806867971    81.226522500    -732432  0.367123115061  0.367123115061  0.131604050000  0.062650062500  0.537685400000 19300.762   216.173     0.828077125     0.994035628  -56.73194
   0  9 0.9701899600000 0.6000000000000 0.0450000000000 0.6000000000000 0.0200000000000 0.8770407162775 0.3609999272783 23339.018500000  2245.684058890 11722.294000000   260.847300000    87.784518881   136.228060000     -63711  0.526512692460  0.526512692460  0.129697100000  0.076879000000  0.407977400000 19515.390   210.878     0.829631375     0.991223874  -56.13846
   0  6 0.9883930700000 0.6000000000000 0.0450000000000 0.6000000000000 0.0200000000000 0.7112792658423 0.2943521815961 24607.195000000  2462.995169886 13149.664000000   263.401300000    65.284116674   105.262027500    -337148  0.338203980501  0.338203980501  0.164296150000  0.118257062500  0.392670400000 18931.697   197.433     0.775813250     0.990749091  -53.84462
   0  9 0.9775620900000 0.6000000000000 0.0450000000000 0.6000000000000 0.0200000000000 0.8717079726582 0.3372351654887 23502.044500000  2629.270389564 14325.426000000   260.337500000    68.048294585   113.573837500    -110862  0.466115532866  0.466115532866  0.139915150000  0.064154187500  0.433520600000 20804.447   204.226     0.872861000     0.991117527  -58.08311
   0  8 0.9780629200000 0.6000000000000 0.0450000000000 0.6000000000000 0.0200000000000 0.7334833353381 0.3010298915084 23308.103500000  2541.493541203 13611.932000000   254.178600000    68.688784155   111.871812500    -437512  0.486607969056  0.486607969056  0.135938650000  0.056585812500  0.400544100000 20370.374   198.600     0.866587875     0.990975158  -58.56668
   0 12 0.9853017800000 0.6000000000000 0.0450000000000 0.6000000000000 0.0200000000000 0.8935698700125 0.2536483458385 23955.374500000  2216.162594354 12528.846000000   305.695800000    56.686975986    97.162767500    -413714  0.580519137080  0.580519137080  0.141262200000  0.077480500000  0.515566900000 22108.607   213.449     0.918960875     0.992256166  -54.73991
   0  7 0.9673587400000 0.6000000000000 0.0450000000000 0.6000000000000 0.0200000000000 0.6538433797820 0.3097564358064 22968.065500000  2680.804556238 13970.014000000   270.943200000    64.943969406   110.531577500    -598176  0.574987601923  0.574987601923  0.133786250000  0.092810250000  0.205836500000 18925.700   206.191     0.821566375     0.991693303  -56.57814
   0  6 0.9721552600000 0.6000000000000 0.0450000000000 0.6000000000000 0.0200000000000 0.5503903457653 0.2663597316821 24244.922500000  2905.905358185 15494.156000000   250.170500000    67.383511200   111.308457500    -104183  0.563799726246  0.563799726246  0.123988850000  0.068816000000  0.224177700000 20866.986   197.237     0.854450625     0.990487026  -56.25789
   0  7 0.9617654400000 0.6000000000000 0.0450000000000 0.6000000000000 0.0200000000000 0.8384803690849 0.4115052733293 20724.487000000  2631.951950964 12918.520000000   253.727100000    72.652391538   120.910582500    -952325  0.487893409140  0.487893409140  0.116508450000  0.066557875000  0.305798300000 18407.223   202.565     0.898205125     0.992008999  -57.01297
   0  8 0.9853388000000 0.6000000000000 0.0450000000000 0.6000000000000 0.0200000000000 0.6725477141127 0.2561122695753 24015.125500000  2422.902872465 13174.728000000   330.004400000    48.032940062    83.478577500     -45450  0.467928215537  0.467928215537  0.188808300000  0.087680250000  0.369469200000 19272.841   205.385     0.796601125     0.992808527  -53.53332
   0  9 0.9873084000000 0.6000000000000 0.0450000000000 0.6000000000000 0.0200000000000 0.7260493371490 0.2528425742418 24332.065000000  2065.143109762 10827.136000000   487.582700000    42.470743106    74.323652500    -385968  0.469409236770  0.469409236770  0.142662000000  0.058397312500  0.214171800000 19898.912   217.264     0.814415625     0.995062062  -51.28798
   0  8 0.9865924400000 0.6000000000000 0.0450000000000 0.6000000000000 0.0200000000000 0.9710833090934 0.3643894163454 20569.898500000  2420.510557006 12245.240000000   229.521700000    73.326306385   114.978487500    -526603  0.316956075712  0.316956075712  0.144327100000  0.077917250000  0.536581300000 16694.850   182.276     0.816163000     0.991136306  -51.79101
   0  6 0.9854668900000 0.6000000000000 0.0450000000000 0.6000000000000 0.0200000000000 0.7943493950284 0.3402596084477 25501.259500000  2505.557716259 13573.298000000   276.784700000    60.377006149    98.848282500    -184913  0.317737839539  0.317737839539  0.155473400000  0.061261187500  0.544813600000 21789.379   202.605     0.846388500     0.990894417  -56.63535
   0  6 0.9842855700000 0.6000000000000 0.0450000000000 0.6000000000000 0.0200000000000 0.6846260085829 0.2970896280072 23914.226500000  2323.653905575 11915.946000000   312.164500000    52.957104387    88.573927500    -395720  0.375769768845  0.375769768845  0.178190050000  0.062652187500  0.391416400000 21863.629   206.404     0.922715875     0.992434466  -52.73216
   0 11 0.9800274900000 0.6000000000000 0.0450000000000 0.6000000000000 0.0200000000000 0.8815998527610 0.2887818474423 27133.612000000  2225.132143751 13005.060000000   247.667800000    82.042826563   120.023267500    -596161  0.569004842838  0.569004842838  0.130342000000  0.065720687500  0.265678600000 24679.885   197.076     0.892843250     0.989206875  -53.36842
   0  9 0.9753313300000 0.6000000000000 0.0450000000000 0.6000000000000 0.0200000000000 0.7388010793389 0.2916166557701 24621.896500000  2566.241106022 14253.130000000   236.594800000    94.141399844   137.371312500    -908376  0.571917268411  0.571917268411  0.158477250000  0.054698500000  0.266467400000 22434.861   198.595     0.904233125     0.989771093  -57.40378
   0  7 0.9680731900000 0.6000000000000 0.0450000000000 0.6000000000000 0.0200000000000 0.6432954608642 0.3032789760943 25883.998000000  2462.977370478 13290.198000000   384.165600000    42.895395559    73.960107500    -813319  0.578047779107  0.578047779107  0.183623150000  0.108968375000  0.311824500000 21980.446   206.408     0.840262000     0.993396146  -51.47872
   0  9 0.9702127700000 0.6000000000000 0.0450000000000 0.6000000000000 0.0200000000000 0.9552472733064 0.3931223199752 22168.123000000  2447.246235217 12746.942000000   242.314800000    83.389734512   129.179850000    -316556  0.483218395550  0.483218395550  0.111425050000  0.055482625000  0.489672000000 16806.442   194.642     0.759870750     0.991026555  -54.33273
   0  7 0.9859465000000 0.6000000000000 0.0450000000000 0.6000000000000 0.0200000000000 0.5469513929352 0.2199314235442 23192.206000000  2415.722685522 12719.098000000   262.160100000    70.303240239   114.624367500    -871265  0.509472303105  0.509472303105  0.177140300000  0.084174125000  0.225216300000 20644.344   205.669     0.889428750     0.991254235  -55.76784
   0  8 0.9611656600000 0.6000000000000 0.0450000000000 0.6000000000000 0.0200000000000 0.8225793968601 0.3825663466071 22244.425000000  2888.424690952 14788.414000000   279.308500000    58.884916132   105.139697500    -776560  0.571531034288  0.571531034288  0.151813750000  0.064509437500  0.379952200000 20410.305   210.236     0.926975125     0.992209653  -56.25601
   0  6 0.9887849200000 0.6000000000000 0.0450000000000 0.6000000000000 0.0200000000000 0.4567274308358 0.1880877974811 18941.528500000  2718.054557821 12947.244000000   258.966100000    61.399192023   108.566172500    -471787  0.523278417202  0.523278417202  0.158675350000  0.053725750000  0.441922200000 15357.218   198.841     0.827863750     0.992755095  -53.09706
   0  7 0.9822888100000 0.6000000000000 0.0450000000000 0.6000000000000 0.0200000000000 0.7984434764127 0.3340893897042 23817.053500000  2595.555881144 13969.702000000   256.840800000    71.626272990   116.859230000    -237890  0.371157513610  0.371157513610  0.112124100000  0.073799375000  0.531829500000 18720.192   201.573     0.786369250     0.990853065  -56.23631
   0  6 0.9808304000000 0.6000000000000 0.0450000000000 0.6000000000000 0.0200000000000 0.6678796350660 0.3002123313030 21830.366500000  3164.076594414 15872.750000000   248.414800000    85.880758190   143.152055000    -318026  0.406950297407  0.406950297407  0.173597550000  0.052503937500  0.545682300000 19309.720   211.139     0.887351250     0.991338753  -54.46891
   0  7 0.9886938300000 0.6000000000000 0.0450000000000 0.6000000000000 0.0200000000000 0.5983752185643 0.2327416161348 22574.378500000  2733.597112193 14504.678000000   305.458500000    53.082419977    96.854472500    -679680  0.444209762928  0.444209762928  0.156004850000  0.058158750000  0.553266500000 21361.824   220.026     0.974803625     0.992680253  -54.22372
   0  7 0.9867546900000 0.6000000000000 0.0450000000000 0.6000000000000 0.0200000000000 0.4919417123420 0.1959499088191 21130.999000000  2581.230712460 13175.222000000   232.549600000    88.974392936   136.298032500    -927855  0.558678962965  0.558678962965  0.178067950000  0.073489375000  0.406062100000 17555.968   194.144     0.833733500     0.991012112  -55.96372
   0  6 0.9504326100000 0.6000000000000 0.0450000000000 0.6000000000000 0.0200000000000 0.8168258426461 0.4485360996202 24484.669000000  2668.577371683 13838.180000000   341.022600000    46.408007194    80.945332500    -295057  0.515202037820  0.515202037820  0.151627850000  0.073863375000  0.585611400000 20762.510   204.347     0.844140250     0.992990738  -54.87990
   0  6 0.9519962000000 0.6000000000000 0.0450000000000 0.6000000000000 0.0200000000000 0.7909438735417 0.4312227022292 21927.863500000  3014.720676117 14886.412000000   251.534900000    68.237885411   115.753710000    -740672  0.521079198447  0.521079198447  0.132416950000  0.097337875000  0.309887200000 20596.982   201.629     0.970264750     0.991487598  -53.73868
   0  6 0.9812955000000 0.6000000000000 0.0450000000000 0.6000000000000 0.0200000000000 0.4601386665581 0.2058998605977 23475.773500000  2800.754430797 14852.354000000   258.847500000    61.266998227   103.629292500    -511203  0.586370079076  0.586370079076  0.151480900000  0.108401687500  0.369391800000 20679.896   198.680     0.878120625     0.991059044  -54.78234
   0  6 0.9754072200000 0.6000000000000 0.0450000000000 0.6000000000000 0.0200000000000 0.8335236493923 0.3932051887752 25237.348000000  2867.315242591 15640.548000000   490.805300000    37.085177937    72.053397500    -171566  0.354546425545  0.354546425545  0.144873400000  0.090377000000  0.345082600000 21559.233   230.555     0.845198000     0.994945686  -52.27185
   0  8 0.9732865000000 0.6000000000000 0.0450000000000 0.6000000000000 0.0200000000000 0.8982363158959 0.3841179106662 22286.383000000  2604.315985686 13587.012000000   261.488300000    66.091626737   111.208975000    -307842  0.430478834688  0.430478834688  0.242748400000  0.064442187500  0.320655700000 17803.099   200.250     0.797309625     0.991630146  -52.61509
   0  6 0.9518246600000 0.6000000000000 0.0450000000000 0.6000000000000 0.0200000000000 0.9260265625850 0.5052726339821 24011.980000000  2710.462503024 13998.484000000   268.391000000    76.973692626   126.171715000    -258384  0.446090286467  0.446090286467  0.149874950000  0.089344312500  0.278308700000 19517.789   212.606     0.812351875     0.991264185  -55.84670
   0  7 0.9702685500000 0.6000000000000 0.0450000000000 0.6000000000000 0.0200000000000 0.7914833237430 0.3673916859003 27715.637500000  2752.190968207 15708.776000000   269.758900000    65.432823624   106.530600000    -365021  0.454155154669  0.454155154669  0.145831450000  0.068188375000  0.509800900000 22190.745   203.858     0.788719500     0.989922143  -53.68823
   0 11 0.9820314600000 0.6000000000000 0.0450000000000 0.6000000000000 0.0200000000000 0.8261651132738 0.2647601654021 22145.969500000  2353.209962963 12665.106000000   225.310900000   107.384753927   146.691662500    -297601  0.584427955146  0.584427955146  0.163236800000  0.088405250000  0.481337900000 19554.536   190.794     0.868701500     0.990306064  -56.12247
   0  6 0.9896875500000 0.6000000000000 0.0450000000000 0.6000000000000 0.0200000000000 0.5497641558917 0.2238066875890 22721.596000000  2679.012246109 14099.928000000   249.550100000    89.405517533   141.554420000    -604365  0.428217245854  0.428217245854  0.161849700000  0.072422250000  0.405526600000 16451.144   206.846     0.745445125     0.990975470  -53.42238
   0  6 0.9847422700000 0.6000000000000 0.0450000000000 0.6000000000000 0.0200000000000 0.8183515632156 0.3533633920520 23477.866000000  2472.181142521 12906.810000000   239.350500000    77.887096034   119.471515000    -105377  0.312059201613  0.312059201613  0.171005650000  0.068665187500  0.352868600000 20173.482   192.565     0.857336375     0.990310222  -56.56761
   0  9 0.9788493900000 0.6000000000000 0.0450000000000 0.6000000000000 0.0200000000000 0.8078643635874 0.3087522428075 24359.011000000  2453.601163415 13541.220000000   294.291400000    55.234067879    94.124570000    -429528  0.491633852946  0.491633852946  0.170826150000  0.074325687500  0.217070100000 17442.452   201.128     0.721345875     0.991850608  -53.07197
   0  7 0.9620580700000 0.6000000000000 0.0450000000000 0.6000000000000 0.0200000000000 0.8757569652012 0.4290555936225 22816.595500000  3039.588632879 15594.400000000   240.216800000    84.953584546   135.314745000    -276438  0.465091889640  0.465091889640  0.172839500000  0.050454375000  0.428751500000 20681.106   201.591     0.910324375     0.990706829  -56.55235
   0  6 0.9593934700000 0.6000000000000 0.0450000000000 0.6000000000000 0.0200000000000 0.8374045581572 0.4398131966206 23319.349000000  2549.483482396 12953.670000000   243.202700000    73.839330629   114.678252500     -18224  0.445000920479  0.445000920479  0.164630650000  0.050504812500  0.581733700000 18375.873   189.074     0.794650625     0.990624636  -55.76345
   0  6 0.9711402400000 0.6000000000000 0.0450000000000 0.6000000000000 0.0200000000000 0.8963424231880 0.4370572126630 23702.830000000  2631.550576722 13750.992000000   252.393300000    73.398529620   117.758212500    -427580  0.351443261238  0.351443261238  0.181158900000  0.057302187500  0.296106800000 18445.195   198.085     0.784343375     0.990785263  -56.51782
   0  9 0.9896659000000 0.6000000000000 0.0450000000000 0.6000000000000 0.0200000000000 0.7666558334128 0.2588866952847 25378.099000000  2310.329827236 13011.948000000   274.929600000    66.811793075   108.624347500     -13088  0.425486471092  0.425486471092  0.142371850000  0.071081937500  0.462322500000 22406.440   208.756     0.867156250     0.990850987  -56.54344
   0  7 0.9777652100000 0.6000000000000 0.0450000000000 0.6000000000000 0.0200000000000 0.8913504373602 0.3894729755666 20798.143000000  2727.895030936 13654.000000000   241.849200000    88.543645431   140.807375000    -590432  0.358085073493  0.358085073493  0.116879000000  0.054570437500  0.212328200000 18142.162   203.640     0.876814625     0.991537710  -57.73996
   0  8 0.9766659600000 0.6000000000000 0.0450000000000 0.6000000000000 0.0200000000000 0.8635958067964 0.3589233247084 25674.194500000  2657.259756924 14943.312000000   282.175100000    58.066314880    98.504042500    -380187  0.423170030283  0.423170030283  0.202326600000  0.102102687500  0.239930900000 21005.526   204.670     0.803734125     0.991051360  -52.22167
   0  9 0.9871232500000 0.6000000000000 0.0450000000000 0.6000000000000 0.0200000000000 0.8295835224890 0.2895675294242 22158.038500000  2533.142728096 13540.080000000   258.528600000    85.169515290   138.948115000    -433749  0.412232652034  0.412232652034  0.157909500000  0.056047437500  0.537158600000 20084.265   216.335     0.904863875     0.991520246  -55.84195
   0  7 0.9858265900000 0.6000000000000 0.0450000000000 0.6000000000000 0.0200000000000 0.8548561123437 0.3442163431125 20862.335500000  2730.768586106 13824.798000000   244.717500000    75.129904014   124.932002500    -584464  0.326635042497  0.326635042497  0.111459050000  0.050885687500  0.284364100000 18662.100   201.155     0.901443000     0.991572738  -57.71839
   0  6 0.9696622900000 0.6000000000000 0.0450000000000 0.6000000000000 0.0200000000000 0.6743783311979 0.3323301324145 22593.967000000  2639.204626882 13481.388000000   262.709900000    77.953946586   128.575187500    -742024  0.477385654152  0.477385654152  0.142399950000  0.061755437500  0.341008100000 18682.689   211.605     0.828944625     0.991565882  -57.57344
   0  7 0.9884325900000 0.6000000000000 0.0450000000000 0.6000000000000 0.0200000000000 0.6980597188408 0.2724117177577 24419.788000000  2372.852265214 12730.190000000   241.168000000    92.018609155   135.106062500    -300827  0.382503766343  0.382503766343  0.132476750000  0.051237312500  0.537341000000 20747.917   199.406     0.842712250     0.989972919  -59.32593
   0  7 0.9572573600000 0.6000000000000 0.0450000000000 0.6000000000000 0.0200000000000 0.7613344601498 0.3832087976119 25727.438500000  2736.262841081 14890.630000000   362.637700000    43.457994726    77.700012500    -565466  0.574289787078  0.574289787078  0.134024250000  0.138414375000  0.470951900000 22521.223   211.197     0.865549500     0.993066250  -52.19062
   0  6 0.9811049700000 0.6000000000000 0.0450000000000 0.6000000000000 0.0200000000000 0.8715570881690 0.3907245938344 24894.704500000  2663.335450737 14426.012000000   293.775600000    55.569577578    95.615247500    -962053  0.310504731238  0.310504731238  0.166659300000  0.082482000000  0.546487100000 20122.632   207.634     0.805207125     0.991646787  -55.34679
   0  9 0.9830193300000 0.6000000000000 0.0450000000000 0.6000000000000 0.0200000000000 0.7740269492071 0.2834296515616 23512.574500000  2425.114178183 13216.788000000   286.642200000    60.974286892   104.252122500    -956193  0.476212925185  0.476212925185  0.157326150000  0.108816750000  0.306988000000 20154.273   210.678     0.843725125     0.991905387  -55.53881
   0  7 0.9823408300000 0.6000000000000 0.0450000000000 0.6000000000000 0.0200000000000 0.8562126790319 0.3580703353458 21389.132500000  2727.193790810 13942.666000000   252.190700000    85.449795152   139.952430000    -114850  0.345815874608  0.345815874608  0.105196800000  0.052579125000  0.261159800000 18572.579   211.411     0.869404500     0.991633792  -56.34031
   0  8 0.9561635000000 0.6000000000000 0.0450000000000 0.6000000000000 0.0200000000000 0.9253008832530 0.4426438007477 24656.659000000  2723.037621856 14691.160000000   256.483900000    82.401851344   130.834067500    -704612  0.549213385938  0.549213385938  0.133191350000  0.132675812500  0.334377600000 22893.755   211.018     0.937627625     0.990606507  -51.64853
   0  6 0.9752751500000 0.6000000000000 0.0450000000000 0.6000000000000 0.0200000000000 0.6231092954915 0.2942632662642 23561.633500000  2549.066262518 13265.908000000   235.411300000   104.353549078   147.666792500    -221089  0.475221741332  0.475221741332  0.118926400000  0.052266937500  0.569731200000 21392.288   200.710     0.913626000     0.990162605  -58.46786
   0  6 0.9567054000000 0.6000000000000 0.0450000000000 0.6000000000000 0.0200000000000 0.6491220499058 0.3458288558053 24228.493000000  2974.740718942 15587.918000000   239.081100000    88.818297483   135.912322500    -197906  0.595728055589  0.595728055589  0.171251850000  0.065906812500  0.238253500000 21314.348   199.610     0.875446250     0.990096726  -55.98500
   0 11 0.9874477700000 0.6000000000000 0.0450000000000 0.6000000000000 0.0200000000000 0.7813712056192 0.2343289667908 22895.746000000  2368.675412800 13103.040000000   235.644500000    97.906985286   142.325352500    -932856  0.556628155375  0.556628155375  0.124409100000  0.096438187500  0.244295300000 19507.303   197.307     0.829536500     0.990384905  -57.18208
   0  6 0.9832962100000 0.6000000000000 0.0450000000000 0.6000000000000 0.0200000000000 0.4623645807700 0.2027555174858 23120.305000000  2484.374224011 12882.148000000   280.202700000    61.051787046   102.938830000    -248007  0.565305747142  0.565305747142  0.149480000000  0.055276687500  0.371633300000 20384.800   207.460     0.882374375     0.991856176  -58.02458
   0  8 0.9512234400000 0.6000000000000 0.0450000000000 0.6000000000000 0.0200000000000 0.9488123647508 0.4653785654696 21418.832500000  2833.438950339 14087.610000000   253.256300000    86.590913877   140.802727500     -57431  0.577592612861  0.577592612861  0.199133450000  0.061105625000  0.595639800000 19506.568   211.797     0.922285250     0.991742616  -54.32357
   0 11 0.9899994200000 0.6000000000000 0.0450000000000 0.6000000000000 0.0200000000000 0.8730290593048 0.2526818187749 22739.119000000  2343.075067212 12957.100000000   227.388700000    96.507693925   137.551070000    -347893  0.473948394868  0.473948394868  0.174197750000  0.052085937500  0.403844800000 20407.312   191.073     0.883685500     0.990086022  -57.20995
   0  9 0.9794481100000 0.6000000000000 0.0450000000000 0.6000000000000 0.0200000000000 0.7690218017816 0.2922011990206 24161.033500000  2288.855204819 12378.014000000   304.640300000    60.859038185   103.684477500    -745649  0.511004575423  0.511004575423  0.148286000000  0.056556750000  0.420501500000 19296.426   215.157     0.790378625     0.992189028  -56.88683
   0  8 0.9712619400000 0.6000000000000 0.0450000000000 0.6000000000000 0.0200000000000 0.8014294124863 0.3482021523459 25518.512500000  2342.906468644 12658.344000000   236.716900000   108.205922540   146.176472500    -996017  0.498855380346  0.498855380346  0.161485250000  0.071570062500  0.471391500000 22409.191   198.432     0.869849500     0.989421921  -56.55496
   0  6 0.9787264800000 0.6000000000000 0.0450000000000 0.6000000000000 0.0200000000000 0.9132871713258 0.4186742414688 20439.029500000  2613.597066240 12839.346000000   265.691300000    61.167254709   105.484067500     -23727  0.307530781753  0.307530781753  0.146440250000  0.125408562500  0.338976800000 17853.977   200.946     0.883326000     0.992426460  -53.75613
   0  8 0.9821336400000 0.6000000000000 0.0450000000000 0.6000000000000 0.0200000000000 0.7819034089235 0.3083788742387 21993.703000000  2589.195049977 13563.216000000   271.555400000    63.117383577   108.990622500    -203596  0.425696269303  0.425696269303  0.126692350000  0.112860875000  0.427024600000 17731.485   205.659     0.804409000     0.992011727  -54.52620
   0  8 0.9867650700000 0.6000000000000 0.0450000000000 0.6000000000000 0.0200000000000 0.7413432771730 0.2776044957257 19217.266000000  2587.160138405 12634.226000000   267.781400000    68.969396085   121.803357500    -705446  0.413906494997  0.413906494997  0.220119050000  0.053756312500  0.413819800000 17878.994   215.229     0.962650000     0.992901487  -51.76608
   0  6 0.9881130800000 0.6000000000000 0.0450000000000 0.6000000000000 0.0200000000000 0.6458650682543 0.2682058752837 24413.915500000  2486.461410919 13270.706000000   240.226700000    83.517048112   125.901672500    -784536  0.374190903042  0.374190903042  0.120885400000  0.061595437500  0.492613300000 21839.095   197.478     0.891934625     0.989938301  -57.76672
   0  7 0.9751590900000 0.6000000000000 0.0450000000000 0.6000000000000 0.0200000000000 0.5564088732715 0.2486423980266 20667.976000000  2896.663989258 14306.086000000   255.530600000    69.937533455   121.499515000    -690426  0.598170866181  0.598170866181  0.181421050000  0.077633437500  0.299930300000 17719.786   205.403     0.860725375     0.992050595  -54.85640
   0  7 0.9763292700000 0.6000000000000 0.0450000000000 0.6000000000000 0.0200000000000 0.8358090716704 0.3698271798483 22985.912500000  2860.652647543 15068.590000000   228.415100000    79.235179676   123.213825000    -498962  0.390823314559  0.390823314559  0.168382150000  0.149468875000  0.254280700000 20514.123   188.560     0.890785625     0.990104278  -51.63455
   0  7 0.9789238800000 0.6000000000000 0.0450000000000 0.6000000000000 0.0200000000000 0.5562148514241 0.2404883493163 19017.560500000  2901.801364921 13632.700000000   237.862400000    90.661906262   146.350412500    -481902  0.563143585414  0.563143585414  0.184467250000  0.079848187500  0.457265000000 16261.649   202.229     0.866152375     0.992127936  -52.98391
   0  8 0.9816044500000 0.6000000000000 0.0450000000000 0.6000000000000 0.0200000000000 0.7875031618854 0.3122864429407 24020.431000000  2747.555068527 15075.460000000   241.706800000    86.326170912   134.004345000    -331005  0.426559215913  0.426559215913  0.115509150000  0.070501937500  0.563097600000 21424.607   202.154     0.882544500     0.990201157  -56.99418
   0  7 0.9831147100000 0.6000000000000 0.0450000000000 0.6000000000000 0.0200000000000 0.9121655998332 0.3784133420190 22938.514000000  2872.220597680 15228.948000000   296.873400000    47.864118813    86.913892500    -222037  0.320440181854  0.320440181854  0.123168450000  0.079323812500  0.440934900000 20800.683   204.323     0.908201625     0.992374744  -54.60900
   0  6 0.9719902000000 0.6000000000000 0.0450000000000 0.6000000000000 0.0200000000000 0.7644595140200 0.3704158251637 23093.426500000  2627.314692714 13583.264000000   285.550700000    61.914079199   106.705450000    -930667  0.406917455676  0.406917455676  0.163754400000  0.078716375000  0.480273600000 20710.922   213.855     0.900569750     0.992062048  -56.09535
   0  7 0.9642981000000 0.6000000000000 0.0450000000000 0.6000000000000 0.0200000000000 0.8800417782348 0.4253019506813 24203.909500000  2720.533282614 14504.786000000   270.106900000    61.001252805   102.657347500    -683827  0.447531959877  0.447531959877  0.114171150000  0.059385437500  0.318844800000 21248.746   202.067     0.871923125     0.991227405  -57.33825
   0  9 0.9766092900000 0.6000000000000 0.0450000000000 0.6000000000000 0.0200000000000 0.8792282035794 0.3431278047977 24717.098500000  2499.105106584 13884.368000000   243.016400000    81.471730360   124.299650000     -87629  0.469940204327  0.469940204327  0.135915150000  0.063144437500  0.340292000000 20792.575   195.861     0.823565625     0.989997024  -58.25236
   0 12 0.9808618400000 0.6000000000000 0.0450000000000 0.6000000000000 0.0200000000000 0.9440732226620 0.2827815559099 22214.360500000  2477.076846048 13451.474000000   353.201700000    49.882462414    93.532225000    -271369  0.599389545687  0.599389545687  0.113786600000  0.050661875000  0.227725900000 19083.147   226.795     0.831893875     0.993801090  -55.36178
   0 10 0.9844705500000 0.6000000000000 0.0450000000000 0.6000000000000 0.0200000000000 0.7234492054699 0.2430224701730 23710.228000000  2437.044120369 13548.724000000   252.316800000    72.256465070   115.968795000     -14602  0.560486837717  0.560486837717  0.142304500000  0.057548000000  0.417783500000 20983.887   199.765     0.868075500     0.990718764  -58.52561
   0  6 0.9744494500000 0.6000000000000 0.0450000000000 0.6000000000000 0.0200000000000 0.7674432241211 0.3648550280894 24607.208500000  2415.580801978 12545.752000000   280.034900000    64.732967113   105.850797500    -558040  0.390691623498  0.390691623498  0.124032300000  0.154291062500  0.475588400000 19688.484   205.459     0.802510000     0.991366348  -53.28587
 
  COND2           1     1690242  1.161502708443604E+045  1.369942577115532E+043
  1.179457066399125E-002         100
   1690242  23072242    986776         0     32257         0         0         0         0         0   1898067        17         0   9420399   1690242
 PARAMETER FILE GB01B.PAR   
