  Aa Am            MSYL            MSYR           MORTJ           MORTA             K1+           PInit      ISEED   PTarget           CVADD              AR        PREG-MAX           GAMMA              P0   SSTILDA     LIKEL
   0 10 0.9833677500000 0.6000000000000 0.0450000000000 0.6000000000000 0.0450000000000 0.8937480673809 0.8937480673809 24376.048000000  2453.969445577 13820.684000000   215.303000000    11.836800845    49.012685000    -396311  0.463165174960  0.463165174960  0.153377000000  0.090850437500  0.370509700000 20484.888   199.434     0.817378625     0.988825224  -57.16313
   0  8 0.9774301000000 0.6000000000000 0.0450000000000 0.6000000000000 0.0450000000000 0.8973796332324 0.8973796332324 27617.965000000  2285.263485476 12680.728000000   206.251100000    35.711544362   143.960232500    -462077  0.402020541420  0.402020541420  0.126242150000  0.057311875000  0.377571900000 21844.360   192.122     0.783126125     0.986825547  -56.61628
   0  6 0.9683916200000 0.6000000000000 0.0450000000000 0.6000000000000 0.0450000000000 0.6051167070831 0.6051167070831 24726.184000000  2319.636647031 11741.026000000   206.152000000    23.069932600   100.907840000    -492256  0.541987075172  0.541987075172  0.126282600000  0.076885437500  0.578998400000 18468.137   191.225     0.762830125     0.988242886  -55.75700
   0  6 0.9808838700000 0.6000000000000 0.0450000000000 0.6000000000000 0.0450000000000 0.8375446889015 0.8375446889015 24000.734500000  2668.782379541 14230.376000000   218.685900000    22.225250245   111.212290000    -188396  0.324240025388  0.324240025388  0.147901700000  0.051317625000  0.339362400000 18431.384   204.625     0.774896750     0.989182839  -56.56324
   0 11 0.9878018500000 0.6000000000000 0.0450000000000 0.6000000000000 0.0450000000000 0.8606100570156 0.8606100570156 26155.159000000  2311.955116406 13625.970000000   208.067000000    17.806129950    86.738262500    -136134  0.501904861679  0.501904861679  0.129038850000  0.081843937500  0.365639300000 22422.557   195.275     0.826449500     0.987557270  -57.17147
   0 11 0.9871306800000 0.6000000000000 0.0450000000000 0.6000000000000 0.0450000000000 0.7999127658644 0.7999127658644 23995.685500000  2423.500683746 13763.192000000   207.189600000    21.442345999   110.376195000    -651623  0.547090030227  0.547090030227  0.106596000000  0.083878500000  0.305980000000 21441.762   195.889     0.872467875     0.988541496  -57.42391
   0  6 0.9691743600000 0.6000000000000 0.0450000000000 0.6000000000000 0.0450000000000 0.5962155869390 0.5962155869390 22697.404000000  2526.540949106 12815.282000000   218.784500000    21.898604836   106.704215000    -270064  0.543838174422  0.543838174422  0.150060600000  0.075818750000  0.347062800000 18221.590   205.354     0.808662125     0.989827957  -56.82044
   0  7 0.9649152100000 0.6000000000000 0.0450000000000 0.6000000000000 0.0450000000000 0.8214610236053 0.8214610236053 25797.949000000  2341.491171950 12313.532000000   213.495800000    23.696889155   107.496565000    -497994  0.474998748088  0.474998748088  0.127280050000  0.062786437500  0.435060000000 21201.130   199.826     0.818072875     0.988168192  -57.73949
   0  6 0.9536225700000 0.6000000000000 0.0450000000000 0.6000000000000 0.0450000000000 0.7949726888611 0.7949726888611 23962.138000000  2676.595469834 13809.848000000   212.042800000    13.735985926    55.072505000    -308795  0.507233279718  0.507233279718  0.177391400000  0.101375000000  0.334165300000 20385.200   196.975     0.847960250     0.988962681  -55.88332
   0  7 0.9844012800000 0.6000000000000 0.0450000000000 0.6000000000000 0.0450000000000 0.7204875583427 0.7204875583427 20711.095000000  2824.772025948 14167.974000000   200.075600000    15.436892112    77.184855000    -765234  0.397020808853  0.397020808853  0.158939750000  0.052898562500  0.441398200000 19171.927   189.291     0.946744500     0.989776335  -57.01281
   0 10 0.9769178300000 0.6000000000000 0.0450000000000 0.6000000000000 0.0450000000000 0.7929126565525 0.7929126565525 19171.622500000  2598.340660981 12642.064000000   215.435600000    17.828781566    99.689480000    -650841  0.588090467776  0.588090467776  0.143972150000  0.120913687500  0.345684000000 17320.448   204.440     0.913589500     0.991246697  -52.16531
   0  8 0.9697320700000 0.6000000000000 0.0450000000000 0.6000000000000 0.0450000000000 0.9409825511181 0.9409825511181 23206.138000000  2577.886735516 13654.584000000   205.471200000    28.938328826   135.596422500    -119838  0.435635599526  0.435635599526  0.170363050000  0.054723812500  0.342414500000 20859.813   194.147     0.897880625     0.988923911  -58.32524
   0  6 0.9663743500000 0.6000000000000 0.0450000000000 0.6000000000000 0.0450000000000 0.7682995678905 0.7682995678905 24309.898000000  2697.940019602 14230.352000000   203.003400000    21.219477479    99.411247500    -266722  0.439508553798  0.439508553798  0.145797000000  0.055396062500  0.490359300000 20279.965   189.825     0.830242000     0.988269243  -58.88300
   0  7 0.9778972900000 0.6000000000000 0.0450000000000 0.6000000000000 0.0450000000000 0.7333004752838 0.7333004752838 20277.529000000  2615.386873150 12918.786000000   213.261800000    25.153734460   129.587172500    -375575  0.434334035057  0.434334035057  0.172494300000  0.060168375000  0.493378900000 18847.402   202.890     0.958935250     0.990642968  -55.82153
   0  9 0.9883085600000 0.6000000000000 0.0450000000000 0.6000000000000 0.0450000000000 0.8969704441125 0.8969704441125 25961.569000000  2174.773450373 12033.296000000   203.303300000    24.302471289   109.643515000    -741249  0.372987695358  0.372987695358  0.168529250000  0.054127250000  0.452957000000 22485.167   190.989     0.851903500     0.987355520  -56.59781
   0  7 0.9759057700000 0.6000000000000 0.0450000000000 0.6000000000000 0.0450000000000 0.5690177069964 0.5690177069964 21248.530000000  2509.120064417 12624.712000000   209.144700000    15.901110031    72.786727500    -384542  0.577977482005  0.577977482005  0.206207900000  0.063959250000  0.247125000000 17632.118   195.936     0.834034500     0.990011326  -55.49882
   0  6 0.9682612100000 0.6000000000000 0.0450000000000 0.6000000000000 0.0450000000000 0.8412490972347 0.8412490972347 22024.213000000  2906.812867869 14676.612000000   199.779300000    25.812033817   125.894035000    -125954  0.390595170010  0.390595170010  0.154716950000  0.078148875000  0.481400200000 17338.537   186.367     0.795110250     0.989194075  -54.79709
   0  8 0.9714483300000 0.6000000000000 0.0450000000000 0.6000000000000 0.0450000000000 0.7656981591103 0.7656981591103 20072.423500000  2542.770516353 12499.738000000   197.253400000    20.440417608   101.448152500    -772505  0.520539109216  0.520539109216  0.151464800000  0.073223062500  0.223979200000 17991.682   186.009     0.908521250     0.990014103  -55.48615
   0  7 0.9751517600000 0.6000000000000 0.0450000000000 0.6000000000000 0.0450000000000 0.6588999158741 0.6588999158741 26212.304500000  2684.242402512 15004.208000000   203.711400000    32.587752515   141.753255000    -614909  0.505185202747  0.505185202747  0.128187050000  0.063447125000  0.514611200000 23268.151   191.784     0.876326625     0.987353568  -56.37822
   0  6 0.9697160900000 0.6000000000000 0.0450000000000 0.6000000000000 0.0450000000000 0.9421867840096 0.9421867840096 22124.855500000  2721.407089628 13805.580000000   214.204100000    11.939631311    46.061035000    -313369  0.341423659879  0.341423659879  0.139494400000  0.114066875000  0.445257300000 19594.661   199.199     0.890097625     0.989870578  -56.34823
   0  6 0.9602881700000 0.6000000000000 0.0450000000000 0.6000000000000 0.0450000000000 0.7498921692210 0.7498921692210 24610.057000000  2521.425270934 13057.660000000   210.974500000    18.233412091    79.967927500    -216723  0.490792889008  0.490792889008  0.110814400000  0.094664937500  0.406065800000 20639.161   197.279     0.836069875     0.988591950  -57.35051
   0  8 0.9890560100000 0.6000000000000 0.0450000000000 0.6000000000000 0.0450000000000 0.8622844766154 0.8622844766154 24980.483500000  2368.741654503 13089.478000000   210.546700000    19.449413595    91.839722500    -780401  0.341536085410  0.341536085410  0.156315550000  0.058300375000  0.333289300000 21458.843   198.080     0.846334125     0.988245691  -58.59423
   0  7 0.9844465600000 0.6000000000000 0.0450000000000 0.6000000000000 0.0450000000000 0.7945170111276 0.7945170111276 21705.478000000  2608.849079690 13470.162000000   211.874000000    23.613858803   120.786367500    -132552  0.359753470866  0.359753470866  0.151994050000  0.050413000000  0.585052400000 17352.560   198.967     0.803958000     0.989881841  -57.94225
   0  8 0.9870815000000 0.6000000000000 0.0450000000000 0.6000000000000 0.0450000000000 0.7247107182129 0.7247107182129 22666.448500000  2312.852586258 12137.176000000   207.121100000    27.998726748   131.846702500     -74285  0.421025302924  0.421025302924  0.159386550000  0.096695625000  0.251393500000 19048.775   194.861     0.836483750     0.989173017  -56.34367
   0  9 0.9890914600000 0.6000000000000 0.0450000000000 0.6000000000000 0.0450000000000 0.7335253033278 0.7335253033278 26973.178000000  2347.857385223 13612.354000000   211.784000000    12.581896751    46.771192500    -136171  0.449500708876  0.449500708876  0.164950500000  0.078869687500  0.315544900000 21587.142   194.896     0.782770750     0.987381878  -55.48055
   0  8 0.9710497400000 0.6000000000000 0.0450000000000 0.6000000000000 0.0450000000000 0.7933008690983 0.7933008690983 21236.785000000  2564.818109157 13000.282000000   211.986800000    18.710275119    95.222095000    -664255  0.505724040166  0.505724040166  0.288669000000  0.080470062500  0.501373200000 18051.983   199.632     0.849392625     0.990170632  -49.92137
   0  6 0.9809701200000 0.6000000000000 0.0450000000000 0.6000000000000 0.0450000000000 0.5616323409764 0.5616323409764 24191.692000000  2587.097787030 13763.488000000   201.556900000    18.216998284    81.929335000    -116772  0.482873659190  0.482873659190  0.175469900000  0.062724562500  0.245009900000 20028.668   188.244     0.824786625     0.988169621  -57.35716
   0  9 0.9839310400000 0.6000000000000 0.0450000000000 0.6000000000000 0.0450000000000 0.7370976035745 0.7370976035745 21838.925500000  2364.386147366 12391.098000000   209.515700000    23.610675940   118.776405000    -549215  0.491877883722  0.491877883722  0.140857250000  0.053593687500  0.397204900000 19281.515   198.147     0.879409125     0.989708293  -59.10320
   0 11 0.9787326500000 0.6000000000000 0.0450000000000 0.6000000000000 0.0450000000000 0.9674095407446 0.9674095407446 26530.972000000  2159.089625133 12335.012000000   206.761800000    29.851436104   131.264692500    -547611  0.531422414487  0.531422414487  0.151226950000  0.088651437500  0.465262800000 22479.380   194.063     0.822456875     0.987367183  -55.78919
   0  6 0.9890318500000 0.6000000000000 0.0450000000000 0.6000000000000 0.0450000000000 0.6501395330925 0.6501395330925 25022.482000000  2695.303693791 14819.640000000   214.832400000    14.379005418    62.783520000    -395274  0.366097047580  0.366097047580  0.145119950000  0.075571937500  0.219398200000 22246.406   202.289     0.881723625     0.988461011  -56.80067
   0  8 0.9557128100000 0.6000000000000 0.0450000000000 0.6000000000000 0.0450000000000 0.8654628265603 0.8654628265603 23624.206000000  2512.558156655 13150.568000000   220.832900000    14.326158498    62.459137500    -443729  0.591276070084  0.591276070084  0.160835350000  0.052985062500  0.469693500000 21182.931   206.920     0.897226500     0.989547737  -57.79681
   0  6 0.9550226200000 0.6000000000000 0.0450000000000 0.6000000000000 0.0450000000000 0.7338300263480 0.7338300263480 21490.895500000  2814.252411166 13855.142000000   214.634100000    25.042443975   126.384200000    -335649  0.539185659732  0.539185659732  0.131027500000  0.083706500000  0.496025200000 18720.213   202.612     0.876228000     0.990218190  -56.99931
   0  6 0.9636883000000 0.6000000000000 0.0450000000000 0.6000000000000 0.0450000000000 0.8561542265723 0.8561542265723 22267.955500000  2415.154048933 11909.174000000   209.765700000    16.109009270    66.528657500     -14922  0.409826354965  0.409826354965  0.103410800000  0.102770625000  0.408727600000 18866.837   195.991     0.852677750     0.989609174  -55.67645
   0  7 0.9712323500000 0.6000000000000 0.0450000000000 0.6000000000000 0.0450000000000 0.9196896844342 0.9196896844342 21246.694000000  2679.652496527 13475.130000000   228.222300000    12.170170434    51.731407500    -522598  0.385022393794  0.385022393794  0.117980950000  0.055141562500  0.506326000000 19292.255   214.073     0.920348500     0.990864989  -56.39285
   0  6 0.9624897600000 0.6000000000000 0.0450000000000 0.6000000000000 0.0450000000000 0.7210126586096 0.7210126586096 23018.528500000  2668.061415703 13651.532000000   210.925900000    27.588369294   131.310550000    -634408  0.494952408948  0.494952408948  0.245201900000  0.056153625000  0.270971400000 19246.483   198.116     0.836229875     0.989321447  -54.15858
   0  6 0.9834576600000 0.6000000000000 0.0450000000000 0.6000000000000 0.0450000000000 0.6669088810971 0.6669088810971 25324.342000000  2779.708322497 15306.386000000   206.965600000    22.232851309   108.115820000    -422659  0.390912877000  0.390912877000  0.155666450000  0.059908250000  0.537043100000 21406.923   194.122     0.836139625     0.987922170  -57.16010
   0  9 0.9820981100000 0.6000000000000 0.0450000000000 0.6000000000000 0.0450000000000 0.9392360178116 0.9392360178116 20320.729000000  3134.308073476 15169.112000000   201.058100000    13.582583320    77.570272500    -773028  0.399025154040  0.399025154040  0.145824500000  0.074859187500  0.316293000000 19155.706   190.743     0.977287625     0.990031682  -54.44323
   0  6 0.9671575500000 0.6000000000000 0.0450000000000 0.6000000000000 0.0450000000000 0.7864815126061 0.7864815126061 22932.358000000  2436.683572158 12247.470000000   215.139900000    32.300044228   146.395197500    -705928  0.424528937612  0.424528937612  0.122449100000  0.051282375000  0.220468300000 18072.496   201.560     0.797097375     0.989555644  -58.11522
   0  6 0.9667782600000 0.6000000000000 0.0450000000000 0.6000000000000 0.0450000000000 0.8801216939175 0.8801216939175 23221.055500000  2709.143835409 14013.062000000   221.322100000    25.663386393   128.720040000    -119422  0.381443090916  0.381443090916  0.158386550000  0.076596312500  0.500528000000 20145.543   209.117     0.866315500     0.989720820  -56.00414
   0  8 0.9808811100000 0.6000000000000 0.0450000000000 0.6000000000000 0.0450000000000 0.6940332900104 0.6940332900104 26199.682000000  2617.991005866 14915.300000000   197.055600000    25.335783868   116.692667500    -328680  0.490084756592  0.490084756592  0.125656150000  0.052942187500  0.580188300000 23862.443   185.759     0.901241250     0.986895630  -54.99935
   0  7 0.9713346000000 0.6000000000000 0.0450000000000 0.6000000000000 0.0450000000000 0.8332290965388 0.8332290965388 24881.029000000  2613.969663717 14157.086000000   206.128900000    16.819150468    76.366602500    -696409  0.424296434120  0.424296434120  0.187272500000  0.068923187500  0.363893600000 15768.257   189.187     0.673764500     0.988155350  -51.09683
   0  7 0.9765834700000 0.6000000000000 0.0450000000000 0.6000000000000 0.0450000000000 0.7867211182607 0.7867211182607 23645.482000000  2477.009483965 13064.162000000   199.420400000    29.240301574   130.690320000    -656549  0.413516771202  0.413516771202  0.216988850000  0.062933062500  0.201343800000 22365.925   189.204     0.975582750     0.988338869  -53.40314
   0  7 0.9757108700000 0.6000000000000 0.0450000000000 0.6000000000000 0.0450000000000 0.6950025935256 0.6950025935256 21130.972000000  2623.243814720 13214.896000000   205.021700000    22.354714204   112.231815000    -224879  0.474684599392  0.474684599392  0.175904750000  0.068883312500  0.342154400000 19319.497   194.129     0.929745125     0.989867727  -56.84938
   0  8 0.9753516400000 0.6000000000000 0.0450000000000 0.6000000000000 0.0450000000000 0.8173369487806 0.8173369487806 21860.876500000  2233.915422601 11197.386000000   198.218900000    23.055166733   105.999745000     -74565  0.457096365668  0.457096365668  0.144270650000  0.059995187500  0.581698900000 18951.827   186.206     0.870908125     0.989159748  -55.71083
   0  6 0.9860515300000 0.6000000000000 0.0450000000000 0.6000000000000 0.0450000000000 0.7027589717296 0.7027589717296 23056.801000000  2650.127481245 13959.498000000   211.777000000    29.233700348   140.437265000    -387694  0.355747968045  0.355747968045  0.116096300000  0.061545562500  0.291584800000 19925.446   199.731     0.861874125     0.989236035  -59.08914
   0  6 0.9755475600000 0.6000000000000 0.0450000000000 0.6000000000000 0.0450000000000 0.7979881546640 0.7979881546640 21182.258500000  2779.980515487 13883.560000000   210.219400000    14.154915934    64.744992500    -180378  0.369547145831  0.369547145831  0.112345600000  0.070724437500  0.535842300000 18651.073   197.675     0.887144750     0.990094997  -57.75491
   0  8 0.9815018800000 0.6000000000000 0.0450000000000 0.6000000000000 0.0450000000000 0.7674483546858 0.7674483546858 21435.896500000  2474.843993755 12734.052000000   209.441100000    18.363586072    91.365872500    -346558  0.438482538338  0.438482538338  0.141254650000  0.075329437500  0.412581300000 18173.045   197.138     0.846335500     0.989908919  -58.02827
   0  8 0.9844811200000 0.6000000000000 0.0450000000000 0.6000000000000 0.0450000000000 0.6220396004733 0.6220396004733 22378.952500000  2278.285271141 11782.072000000   211.344700000    29.580070724   138.928257500    -722180  0.513622214066  0.513622214066  0.156087450000  0.068514875000  0.270994200000 19974.512   200.095     0.895092875     0.989541546  -56.86582
   0  6 0.9500888100000 0.6000000000000 0.0450000000000 0.6000000000000 0.0450000000000 0.9258694212909 0.9258694212909 27469.330000000  2564.110727363 13713.254000000   214.959100000    16.967924711    69.878692500    -718428  0.456604780700  0.456604780700  0.131173300000  0.071571562500  0.542309600000 21516.528   198.946     0.782230625     0.987525177  -56.57293
   0  6 0.9727372200000 0.6000000000000 0.0450000000000 0.6000000000000 0.0450000000000 0.7705283465508 0.7705283465508 25641.322000000  2473.589466128 13125.244000000   214.759400000    29.941743473   135.324722500    -640050  0.399248378452  0.399248378452  0.159560550000  0.057621875000  0.527678300000 19547.270   200.223     0.769078125     0.988277477  -57.33920
   0 11 0.9840604000000 0.6000000000000 0.0450000000000 0.6000000000000 0.0450000000000 0.8278163767578 0.8278163767578 29252.356000000  2094.011356134 12390.684000000   197.991200000    42.965171430   147.796890000    -229786  0.560996457789  0.560996457789  0.190439900000  0.075968250000  0.407556500000 20326.679   182.013     0.692194000     0.985411123  -51.15576
   0  7 0.9872893900000 0.6000000000000 0.0450000000000 0.6000000000000 0.0450000000000 0.5216763211136 0.5216763211136 23714.507500000  2358.117632167 12456.852000000   217.595000000    17.636596123    80.641750000     -53438  0.522025551874  0.522025551874  0.153514800000  0.074071500000  0.562280700000 21323.026   205.822     0.899210375     0.989216133  -56.47699
   0  7 0.9801311400000 0.6000000000000 0.0450000000000 0.6000000000000 0.0450000000000 0.5398008030216 0.5398008030216 22388.983000000  2547.659917603 13248.152000000   213.774100000    24.221596234   121.512710000    -597581  0.568921893083  0.568921893083  0.158396250000  0.082573062500  0.305774000000 20762.263   203.164     0.944084250     0.989681600  -55.97937
   0  9 0.9821027000000 0.6000000000000 0.0450000000000 0.6000000000000 0.0450000000000 0.7205583185106 0.7205583185106 23879.302000000  2392.980833179 13084.424000000   224.908000000    14.625991742    67.629985000     -22947  0.520079802804  0.520079802804  0.141332750000  0.120159687500  0.496259000000 19448.508   210.511     0.802347500     0.989528184  -54.97743
   0  6 0.9789254700000 0.6000000000000 0.0450000000000 0.6000000000000 0.0450000000000 0.6203004757451 0.6203004757451 21356.705500000  2641.160315107 13281.944000000   218.418900000    14.165877767    62.560342500    -151211  0.451392178760  0.451392178760  0.135675850000  0.094079750000  0.594838800000 18362.143   205.223     0.864506500     0.990372711  -56.95596
   0  7 0.9732609900000 0.6000000000000 0.0450000000000 0.6000000000000 0.0450000000000 0.6581470905682 0.6581470905682 25571.419000000  2423.338324399 13035.004000000   205.517400000    28.307388053   126.195635000    -881293  0.521164173141  0.521164173141  0.140244850000  0.057904437500  0.294737400000 22155.528   193.075     0.858441625     0.987781097  -58.41239
   0  7 0.9584843500000 0.6000000000000 0.0450000000000 0.6000000000000 0.0450000000000 0.8777884672400 0.8777884672400 21957.739000000  2569.594027659 12912.954000000   213.637000000    20.251603905    99.627340000    -524307  0.489227239235  0.489227239235  0.174199700000  0.121688750000  0.257406900000 20217.804   202.422     0.939289875     0.989952332  -53.54955
   0  6 0.9877680100000 0.6000000000000 0.0450000000000 0.6000000000000 0.0450000000000 0.5935442990708 0.5935442990708 24288.514000000  2479.093483988 13186.072000000   210.604500000    27.576943127   128.936262500    -654527  0.409506448429  0.409506448429  0.134299350000  0.061256312500  0.578657600000 19220.178   196.982     0.793864625     0.988584769  -58.76797
   0  7 0.9618871800000 0.6000000000000 0.0450000000000 0.6000000000000 0.0450000000000 0.8424674241782 0.8424674241782 26959.070500000  2373.628208808 12695.546000000   208.478400000    30.515940515   130.587977500      -9354  0.484703862670  0.484703862670  0.152045100000  0.104522437500  0.251778800000 18992.939   192.631     0.722565250     0.987348517  -53.28373
   0  7 0.9847309900000 0.6000000000000 0.0450000000000 0.6000000000000 0.0450000000000 0.5159721489297 0.5159721489297 24547.174000000  2439.537340897 13161.870000000   204.916200000    21.029486729    97.749847500    -230671  0.551311367643  0.551311367643  0.155608100000  0.089651625000  0.229270500000 19517.069   191.239     0.793401875     0.988166542  -56.89259
   0  9 0.9717461100000 0.6000000000000 0.0450000000000 0.6000000000000 0.0450000000000 0.8544918544014 0.8544918544014 22671.808000000  2611.586848533 13855.712000000   213.804800000    18.501203364    96.522452500    -141572  0.526178180656  0.526178180656  0.149514400000  0.068731937500  0.584856100000 20655.325   202.502     0.911698250     0.989592881  -57.76271
   0  9 0.9874941900000 0.6000000000000 0.0450000000000 0.6000000000000 0.0450000000000 0.7296476884404 0.7296476884404 25971.532000000  2511.447378772 14518.542000000   205.548100000    15.252288775    70.078372500    -392037  0.465493114831  0.465493114831  0.124088300000  0.053540875000  0.396616400000 22905.163   192.993     0.861214000     0.987495856  -57.71161
   0  7 0.9677021600000 0.6000000000000 0.0450000000000 0.6000000000000 0.0450000000000 0.7789983672975 0.7789983672975 23841.124000000  2387.137939542 12341.894000000   226.474600000    17.241836289    78.333015000    -881246  0.480076809063  0.480076809063  0.151097150000  0.062938937500  0.535526500000 18949.348   211.952     0.797595750     0.989683361  -55.85408
   0  7 0.9530405200000 0.6000000000000 0.0450000000000 0.6000000000000 0.0450000000000 0.7864843832882 0.7864843832882 24759.394000000  2545.604852914 13384.944000000   209.508200000    15.620613407    66.025947500     -92936  0.590931921005  0.590931921005  0.207625300000  0.058416500000  0.575218700000 19799.876   194.216     0.797898250     0.988458539  -56.08590
   0  9 0.9865487600000 0.6000000000000 0.0450000000000 0.6000000000000 0.0450000000000 0.6849188815552 0.6849188815552 24659.399500000  2357.264194870 13121.722000000   204.646100000    23.809189433   113.716025000    -221912  0.504616212459  0.504616212459  0.120855200000  0.053523562500  0.393622600000 21422.207   192.645     0.853116750     0.988082838  -59.36752
   0  6 0.9881501300000 0.6000000000000 0.0450000000000 0.6000000000000 0.0450000000000 0.5461773717172 0.5461773717172 27527.137000000  2363.630915257 12867.148000000   215.686200000    16.626639854    66.100210000    -635328  0.442216336402  0.442216336402  0.181906700000  0.053637500000  0.539670500000 20551.696   199.594     0.754181000     0.987364132  -56.02453
   0  7 0.9667509500000 0.6000000000000 0.0450000000000 0.6000000000000 0.0450000000000 0.9420200600025 0.9420200600025 22043.234500000  2435.691319234 12250.100000000   204.627500000    18.341066644    83.793145000    -934037  0.402815771012  0.402815771012  0.193804750000  0.051499125000  0.343191700000 19682.764   192.632     0.900573250     0.989446200  -56.65665
   0 10 0.9833638000000 0.6000000000000 0.0450000000000 0.6000000000000 0.0450000000000 0.7737193077538 0.7737193077538 21895.301500000  2233.238322035 11721.182000000   204.637400000    21.473218407   105.832110000    -582089  0.535056502762  0.535056502762  0.129629350000  0.075828125000  0.502259900000 18671.918   192.586     0.843735625     0.989439353  -57.16863
   0  8 0.9852703100000 0.6000000000000 0.0450000000000 0.6000000000000 0.0450000000000 0.7897550289781 0.7897550289781 23997.332500000  2540.477312439 13933.716000000   221.184500000    11.062140373    40.362355000    -994671  0.398965125860  0.398965125860  0.148423500000  0.079456500000  0.431450500000 19660.471   203.243     0.809695375     0.989278832  -57.37942
   0  8 0.9753420500000 0.6000000000000 0.0450000000000 0.6000000000000 0.0450000000000 0.7795506174392 0.7795506174392 24483.818500000  2527.158224661 13786.042000000   216.208000000    11.874222485    44.813490000    -769989  0.479329636233  0.479329636233  0.129675700000  0.129589875000  0.312262100000 21178.074   199.962     0.853733375     0.988869302  -55.81679
   0  8 0.9876239100000 0.6000000000000 0.0450000000000 0.6000000000000 0.0450000000000 0.8294308167536 0.8294308167536 20415.890500000  3011.151063579 14884.932000000   211.592100000    18.903939585   109.013535000    -531299  0.364321204960  0.364321204960  0.230599200000  0.130208125000  0.450546000000 16366.266   199.078     0.804359125     0.990450574  -48.64159
   0  8 0.9880976800000 0.6000000000000 0.0450000000000 0.6000000000000 0.0450000000000 0.5067958306047 0.5067958306047 20449.640500000  2467.708430013 12499.632000000   193.059200000    19.933577831    97.321692500    -743767  0.591213878133  0.591213878133  0.128019700000  0.055247312500  0.375850700000 17976.509   181.666     0.883041750     0.989513135  -55.90418
   0  7 0.9693954000000 0.6000000000000 0.0450000000000 0.6000000000000 0.0450000000000 0.8687649794258 0.8687649794258 23666.339500000  2954.374461134 15649.152000000   219.665400000    15.049409797    77.308192500    -881170  0.419393078581  0.419393078581  0.123214050000  0.097967000000  0.474540600000 21598.740   207.894     0.915272125     0.989435430  -53.94344
   0  7 0.9777228300000 0.6000000000000 0.0450000000000 0.6000000000000 0.0450000000000 0.9369381750965 0.9369381750965 18739.082500000  2591.103521224 12233.674000000   196.604300000    19.577251758    97.817350000    -778729  0.340895804332  0.340895804332  0.121624950000  0.075318937500  0.220306700000 16504.298   185.233     0.898116500     0.990621048  -52.72007
   0  7 0.9892326500000 0.6000000000000 0.0450000000000 0.6000000000000 0.0450000000000 0.7604159396735 0.7604159396735 22833.767500000  2620.657134880 13974.190000000   218.069100000    17.895845161    90.583337500    -109078  0.346292424249  0.346292424249  0.110467100000  0.078614625000  0.475722600000 19320.680   205.641     0.841291625     0.989625114  -57.14032
   0  8 0.9746046900000 0.6000000000000 0.0450000000000 0.6000000000000 0.0450000000000 0.8391452301977 0.8391452301977 23943.751000000  2570.522124147 13901.902000000   209.842600000    20.105914245    99.635562500    -494190  0.450806827330  0.450806827330  0.142248800000  0.060279687500  0.220078700000 20453.462   197.326     0.843710750     0.988788282  -59.32508
   0  9 0.9613201500000 0.6000000000000 0.0450000000000 0.6000000000000 0.0450000000000 0.9022837096012 0.9022837096012 22855.030000000  2328.683200292 12042.762000000   205.782200000    18.105521179    83.732240000    -119279  0.594068904320  0.594068904320  0.170508300000  0.052866312500  0.511191400000 20838.031   193.816     0.920509875     0.989135489  -56.82215
   0  8 0.9689900200000 0.6000000000000 0.0450000000000 0.6000000000000 0.0450000000000 0.7891976624777 0.7891976624777 22759.045000000  2307.830144379 11806.266000000   211.867400000    18.374267224    84.746955000    -824547  0.525729025301  0.525729025301  0.112365600000  0.051803562500  0.571035000000 18249.039   198.033     0.803773625     0.989468010  -57.89543
   0  7 0.9865995500000 0.6000000000000 0.0450000000000 0.6000000000000 0.0450000000000 0.7134977773668 0.7134977773668 26834.600500000  2525.578584989 14291.144000000   202.033400000    34.584263194   143.748430000    -600386  0.386221394833  0.386221394833  0.142778350000  0.050011625000  0.342513600000 25084.989   191.374     0.938106250     0.986863478  -53.83702
   0  9 0.9678012500000 0.6000000000000 0.0450000000000 0.6000000000000 0.0450000000000 0.8558069735364 0.8558069735364 28051.058500000  2692.827122458 15813.902000000   210.918600000    33.223944248   145.822320000    -356781  0.561956372493  0.561956372493  0.134317450000  0.104983312500  0.545337900000 23786.980   198.047     0.820465625     0.986965944  -51.88841
   0 10 0.9736614300000 0.6000000000000 0.0450000000000 0.6000000000000 0.0450000000000 0.9235037451149 0.9235037451149 22350.427000000  2885.982293047 15148.800000000   209.730400000    28.634098391   144.876830000    -437894  0.535635640997  0.535635640997  0.139744700000  0.053095562500  0.203225300000 20702.008   199.359     0.930133000     0.989532984  -57.47573
   0  8 0.9895725200000 0.6000000000000 0.0450000000000 0.6000000000000 0.0450000000000 0.9472860759884 0.9472860759884 24908.893000000  2643.091918678 14910.892000000   210.736200000    28.336293290   137.479960000    -609070  0.307999861006  0.307999861006  0.164682550000  0.079532437500  0.402762400000 21028.912   198.315     0.828641375     0.988285539  -56.15058
   0 10 0.9888385100000 0.6000000000000 0.0450000000000 0.6000000000000 0.0450000000000 0.8716582366282 0.8716582366282 22049.134000000  2476.884851016 13356.674000000   190.449100000    19.280825107    95.559932500    -169902  0.428208001519  0.428208001519  0.125152750000  0.072144437500  0.596360500000 18771.200   178.456     0.835782750     0.988531945  -55.26399
   0  7 0.9611297400000 0.6000000000000 0.0450000000000 0.6000000000000 0.0450000000000 0.8150469062494 0.8150469062494 24918.437500000  2777.495247222 14982.286000000   228.669600000    12.194675631    51.661792500    -159085  0.506692185826  0.506692185826  0.164800500000  0.057044000000  0.448928000000 20998.522   212.520     0.833121875     0.989340709  -55.90897
   0  6 0.9883074400000 0.6000000000000 0.0450000000000 0.6000000000000 0.0450000000000 0.5331725205705 0.5331725205705 27386.845000000  2560.311233969 14389.480000000   216.857400000    19.630252217    90.124762500     -23265  0.451822834458  0.451822834458  0.171938750000  0.056846500000  0.331995300000 23514.346   203.893     0.844959500     0.987495052  -54.96589
   0  7 0.9672758400000 0.6000000000000 0.0450000000000 0.6000000000000 0.0450000000000 0.8770104017403 0.8770104017403 22451.650000000  2747.533139955 14165.498000000   205.017700000    19.332841123    96.390210000    -281260  0.429218526212  0.429218526212  0.158911350000  0.062272750000  0.227255600000 20441.665   193.694     0.918520000     0.989269316  -58.05050
   0  7 0.9870140700000 0.6000000000000 0.0450000000000 0.6000000000000 0.0450000000000 0.8950616724424 0.8950616724424 21972.940000000  2485.227640841 12878.432000000   204.448900000    20.231773334    98.303257500    -108256  0.305698021526  0.305698021526  0.125269550000  0.056972000000  0.551679100000 19418.456   192.876     0.885335000     0.989367583  -59.58699
   0  6 0.9710469700000 0.6000000000000 0.0450000000000 0.6000000000000 0.0450000000000 0.6662237805420 0.6662237805420 23301.785500000  2722.473368029 14182.734000000   203.113000000    22.409033474   107.786042500    -213875  0.473486319711  0.473486319711  0.167891500000  0.073217500000  0.303760400000 19963.708   190.638     0.854478625     0.988743674  -57.49243
   0 11 0.9850847400000 0.6000000000000 0.0450000000000 0.6000000000000 0.0450000000000 0.9447217281353 0.9447217281353 21832.553500000  2882.832776247 15153.852000000   199.365100000    27.851734627   139.687425000    -620692  0.481963343578  0.481963343578  0.147669250000  0.051685875000  0.341734200000 20124.823   189.118     0.918404125     0.989179727  -57.32766
   0  6 0.9652760600000 0.6000000000000 0.0450000000000 0.6000000000000 0.0450000000000 0.6317498758065 0.6317498758065 24764.753500000  2745.225580625 14614.188000000   203.133900000    18.909727199    87.581735000    -691538  0.542989717233  0.542989717233  0.162910550000  0.053815687500  0.228908600000 21394.808   190.337     0.857693000     0.988061413  -57.91305
   0  9 0.9724060600000 0.6000000000000 0.0450000000000 0.6000000000000 0.0450000000000 0.8910122216122 0.8910122216122 22486.966000000  2841.431317501 14930.956000000   204.923600000    28.615285849   140.569702500    -990395  0.498908369591  0.498908369591  0.104138400000  0.097202375000  0.508824100000 20588.784   194.197     0.917005250     0.989227566  -54.55036
   0  6 0.9500695500000 0.6000000000000 0.0450000000000 0.6000000000000 0.0450000000000 0.7128524499037 0.7128524499037 22364.062000000  2937.402545281 14676.530000000   205.936800000    29.183319506   138.273675000    -804407  0.593200561774  0.593200561774  0.103420000000  0.068629750000  0.444228600000 20052.784   194.325     0.902615750     0.989398731  -56.84540
   0 11 0.9843346900000 0.6000000000000 0.0450000000000 0.6000000000000 0.0450000000000 0.8293105634044 0.8293105634044 21857.258500000  2598.276214953 13921.142000000   212.053200000    11.749620042    56.888605000    -262124  0.557035999679  0.557035999679  0.169346400000  0.057741437500  0.324803300000 20345.806   199.663     0.938019500     0.989820400  -57.34659
   0  7 0.9617000800000 0.6000000000000 0.0450000000000 0.6000000000000 0.0450000000000 0.8075617269648 0.8075617269648 22655.189500000  2307.949707780 11453.600000000   205.796400000    16.708595183    69.242797500    -140367  0.507066748647  0.507066748647  0.173005250000  0.058032250000  0.424018900000 19167.438   191.966     0.850308875     0.989230214  -56.29349
   0  6 0.9684884000000 0.6000000000000 0.0450000000000 0.6000000000000 0.0450000000000 0.6038829920399 0.6038829920399 20934.614500000  2854.365817123 14032.304000000   209.984000000    27.370852278   137.100067500    -284359  0.542330231698  0.542330231698  0.143268000000  0.058063687500  0.374815400000 19128.708   199.042     0.931484875     0.990227082  -57.80441
   0 10 0.9866592800000 0.6000000000000 0.0450000000000 0.6000000000000 0.0450000000000 0.9703870449297 0.9703870449297 22332.323500000  2412.619747163 13034.788000000   217.504100000    12.631899580    56.405297500    -148460  0.400947199870  0.400947199870  0.147331450000  0.057266000000  0.499407100000 18137.939   202.530     0.798206500     0.989844715  -58.16801
   0  8 0.9630456800000 0.6000000000000 0.0450000000000 0.6000000000000 0.0450000000000 0.8809207379504 0.8809207379504 23273.881000000  2397.236933787 12434.804000000   198.738700000    18.059170357    80.390687500    -591678  0.518086764593  0.518086764593  0.141800900000  0.093551812500  0.239207000000 19674.017   185.498     0.841245625     0.988539203  -56.35205
   0  7 0.9558197800000 0.6000000000000 0.0450000000000 0.6000000000000 0.0450000000000 0.7533809127547 0.7533809127547 23187.238000000  2639.101824211 13618.042000000   214.386800000    14.888999554    66.248215000    -504454  0.592632977361  0.592632977361  0.158042850000  0.062843375000  0.516611800000 20608.162   201.140     0.889821375     0.989432401  -58.46659
   0  8 0.9775096300000 0.6000000000000 0.0450000000000 0.6000000000000 0.0450000000000 0.6402056121117 0.6402056121117 25285.178500000  2440.193158082 13431.846000000   210.255100000    22.158927063   105.870135000     -44770  0.562756835097  0.562756835097  0.106680800000  0.062327312500  0.251383400000 20170.130   196.548     0.789740125     0.988167585  -57.62917
   0  6 0.9866918000000 0.6000000000000 0.0450000000000 0.6000000000000 0.0450000000000 0.7914159086321 0.7914159086321 23412.958000000  2594.583314116 13728.140000000   214.399800000    18.889135344    91.055692500    -354869  0.312606974170  0.312606974170  0.167842950000  0.088292312500  0.283080900000 19483.836   201.490     0.830263625     0.989198926  -56.68829
 
  COND2           1     1188367  2.012633428602873E+045  2.358697706698841E+043
  1.171946005257499E-002         100
   1188367  21641183    925539         0     30220         0         0         0         0         0    926199      1399         0  10087093   1188367
 PARAMETER FILE GB01A.PAR   
