  Aa Am            MSYL            MSYR           MORTJ           MORTA             K1+           PInit      ISEED   PTarget           CVADD              AR        PREG-MAX           GAMMA              P0   SSTILDA     LIKEL
   0 11 0.9979472840000 0.6000000000000 0.0450000000000 0.6000000000000 0.0100000000000 0.8373252038683 0.0932686346283 23835.980500000  2130.571564399 12054.610000000   955.445500000   129.934517625   149.409930000    -557127  0.421807637012  0.421807637012  0.191013100000  0.172369125000  0.495647300000 17797.586   163.763     0.738007125     1.000000000  -43.92981
   0  8 0.9756204830000 0.6000000000000 0.0450000000000 0.6000000000000 0.0100000000000 0.8254299666204 0.2248422950319 23207.731000000  2528.295312732 13506.750000000   885.823075000   130.067352733   148.437465000    -617115  0.450581621194  0.450581621194  0.132873100000  0.178707125000  0.421977300000 20126.993   160.492     0.858926125     1.000000000  -47.35198
   0  6 0.9945718577500 0.6000000000000 0.0450000000000 0.6000000000000 0.0100000000000 0.6582641265575 0.1325837527173 22157.633500000  2422.107313692 12501.726000000   848.058850000   130.907300395   149.437262500    -190874  0.328976443170  0.328976443170  0.176588400000  0.198360375000  0.524529600000 19251.153   161.763     0.868918000     1.000000000  -45.86957
   0  6 0.9663037822500 0.6000000000000 0.0450000000000 0.6000000000000 0.0100000000000 0.6264612048680 0.2251076733083 22754.414500000  2422.149847478 12144.900000000   544.408300000   130.251117199   145.488902500    -477426  0.539565788010  0.539565788010  0.140341700000  0.261611875000  0.329073900000 19913.801   150.654     0.878543500     1.000000000  -43.46687
   0  6 0.9501240312500 0.6000000000000 0.0450000000000 0.6000000000000 0.0100000000000 0.7745413170944 0.3233891861033 20793.539500000  2829.254508459 13656.098000000   853.571575000   131.261138606   149.615427500    -455373  0.545560057191  0.545560057191  0.129771900000  0.164473750000  0.313738800000 19205.835   161.228     0.947572750     1.000000000  -45.41209
   0  8 0.9970018045000 0.6000000000000 0.0450000000000 0.6000000000000 0.0100000000000 0.7782226968994 0.1207083186597 22285.586500000  2663.056130370 14393.294000000   970.763725000   129.762702015   148.442112500    -356284  0.326640199077  0.326640199077  0.142352000000  0.146375562500  0.380756100000 19389.297   161.273     0.860548000     1.000000000  -46.54156
   0  8 0.9936963135000 0.6000000000000 0.0450000000000 0.6000000000000 0.0100000000000 0.4702269866611 0.0832494942923 22929.185500000  2339.831487474 12564.150000000   657.478450000   127.628932362   143.176657500    -543069  0.575259509155  0.575259509155  0.139071100000  0.237423125000  0.441167600000 21128.449   149.510     0.925775875     1.000000000  -42.36546
   0  8 0.9859884787500 0.6000000000000 0.0450000000000 0.6000000000000 0.0100000000000 0.6064827024176 0.1347571657855 22422.611500000  2503.272383252 13321.462000000   861.862825000   130.085442151   148.472500000    -563510  0.512971789372  0.512971789372  0.110262200000  0.162363562500  0.598815700000 20401.518   160.599     0.911803250     1.000000000  -46.22770
   0  9 0.9836303415000 0.6000000000000 0.0450000000000 0.6000000000000 0.0100000000000 0.8280953823353 0.1785355436570 25961.717500000  2252.770894181 12606.490000000   696.224125000   129.391090186   146.501765000    -772922  0.440222149151  0.440222149151  0.109555150000  0.160459875000  0.406540300000 22237.869   155.822     0.839038250     1.000000000  -42.97038
   0  6 0.9933396547500 0.6000000000000 0.0450000000000 0.6000000000000 0.0100000000000 0.6720951143828 0.1415279704934 23293.969000000  2229.765359076 11303.654000000   815.884750000   129.759707646   147.366720000    -930458  0.329172801358  0.329172801358  0.151614200000  0.227300250000  0.295882900000 21361.822   157.916     0.926044000     1.000000000  -42.02792
   0  9 0.9937834845000 0.6000000000000 0.0450000000000 0.6000000000000 0.0100000000000 0.7963943236560 0.1287454741183 22867.544500000  2674.567613357 14726.520000000   959.596075000   129.669116965   148.445525000    -321702  0.378901283935  0.378901283935  0.150741450000  0.263925312500  0.237445700000 20959.623   161.490     0.911638000     1.000000000  -44.79071
   0 12 0.9978489655000 0.6000000000000 0.0450000000000 0.6000000000000 0.0100000000000 0.6749716775537 0.0675569827996 22909.435000000  2529.453758990 14422.202000000   841.100725000   130.172106802   149.537590000    -365620  0.598211418925  0.598211418925  0.144701200000  0.073686937500  0.429335200000 20540.294   163.446     0.871339000     1.000000000  -44.28503
   0  7 0.9915020690000 0.6000000000000 0.0450000000000 0.6000000000000 0.0100000000000 0.4938605962414 0.1022312397261 25311.503500000  2634.430489999 14845.418000000   903.148075000   130.879602741   149.801685000    -852171  0.512374414352  0.512374414352  0.133780050000  0.184894750000  0.212271200000 21795.971   163.001     0.846910000     1.000000000  -46.37744
   0  6 0.9605808517500 0.6000000000000 0.0450000000000 0.6000000000000 0.0100000000000 0.6824354064034 0.2605531345685 21756.832000000  2722.286905930 13601.386000000   815.338900000   131.214720150   149.467357500    -969030  0.537110981865  0.537110981865  0.140903000000  0.205380687500  0.532073900000 19939.100   160.958     0.931764875     1.000000000  -46.10329
   0  9 0.9952731212500 0.6000000000000 0.0450000000000 0.6000000000000 0.0100000000000 0.8718203834581 0.1331275368403 21532.840000000  2740.196843626 14560.106000000   933.852025000   130.207742970   149.284967500     -96361  0.336349709071  0.336349709071  0.123921850000  0.281191625000  0.287611800000 18468.999   162.842     0.846043375     1.000000000  -44.32607
   0  6 0.9703048527500 0.6000000000000 0.0450000000000 0.6000000000000 0.0100000000000 0.8232369705619 0.2816822671371 24263.458000000  2596.605798209 13699.654000000   925.199425000   130.794728910   149.295270000    -169371  0.387393430735  0.387393430735  0.165517400000  0.153317250000  0.510192000000 21467.200   161.585     0.881574250     1.000000000  -46.21966
   0  9 0.9805208995000 0.6000000000000 0.0450000000000 0.6000000000000 0.0100000000000 0.6892617386735 0.1585162570646 26265.278500000  2226.962328810 12391.746000000   862.354675000   130.783687640   149.791317500     -83403  0.559339073741  0.559339073741  0.159572700000  0.145028187500  0.212306100000 19699.720   163.043     0.746808750     1.000000000  -45.25347
   0  6 0.9888615080000 0.6000000000000 0.0450000000000 0.6000000000000 0.0100000000000 0.4837430021189 0.1169067481219 25613.822500000  2320.793081279 12307.232000000   702.437725000   131.165692189   148.951680000    -128528  0.493425166864  0.493425166864  0.167279650000  0.262820250000  0.530419800000 19896.059   159.522     0.780585000     1.000000000  -43.80072
   0  7 0.9942715490000 0.6000000000000 0.0450000000000 0.6000000000000 0.0100000000000 0.6790165673210 0.1278712847879 24738.293500000  2714.407307844 15243.414000000   966.952900000   128.352499781   145.791607500    -425246  0.354654244478  0.354654244478  0.202286150000  0.187064125000  0.260144300000 22843.277   156.284     0.921035875     1.000000000  -40.70116
   0 11 0.9894870175000 0.6000000000000 0.0450000000000 0.6000000000000 0.0100000000000 0.8008138563770 0.1231246393900 24706.406500000  2592.796640541 15082.168000000   932.651875000   129.905486695   149.147297500    -222143  0.521907608832  0.521907608832  0.130281200000  0.147999000000  0.522087600000 22042.968   163.063     0.863812875     1.000000000  -46.43682
   0  6 0.9916514577500 0.6000000000000 0.0450000000000 0.6000000000000 0.0100000000000 0.4611154814839 0.1026865227015 23538.548500000  2285.145949076 11743.946000000   789.112675000   130.843403962   149.015152500    -339944  0.493876789892  0.493876789892  0.172412500000  0.250440375000  0.370540100000 18795.510   160.555     0.803266875     1.000000000  -44.12125
   0  9 0.9857047932500 0.6000000000000 0.0450000000000 0.6000000000000 0.0100000000000 0.9272393292255 0.1905394994571 26074.483000000  2418.905252223 13916.050000000   794.320300000   131.065415809   149.967337500    -191599  0.378563381074  0.378563381074  0.119245500000  0.145707187500  0.463440600000 22364.009   162.887     0.835493625     1.000000000  -46.51541
   0  6 0.9704412197500 0.6000000000000 0.0450000000000 0.6000000000000 0.0100000000000 0.7131626204995 0.2435849351032 24873.806500000  2491.180892101 13118.498000000   716.589100000   129.789677274   146.649152500    -385297  0.446290193715  0.446290193715  0.124084100000  0.251465312500  0.471662900000 21445.204   155.468     0.856820125     1.000000000  -44.90438
   0  8 0.9633769755000 0.6000000000000 0.0450000000000 0.6000000000000 0.0100000000000 0.7645610037787 0.2447625438236 24330.472000000  2508.688356707 13468.690000000   874.903375000   130.297996105   148.665940000    -607693  0.593810074015  0.593810074015  0.153196800000  0.128149625000  0.503242200000 20718.165   160.528     0.841034000     1.000000000  -46.07773
   0  8 0.9606156907500 0.6000000000000 0.0450000000000 0.6000000000000 0.0100000000000 0.8520047285591 0.2807700158804 22163.506000000  2993.740398631 15237.926000000   732.857500000   131.529403812   149.904937500    -690673  0.556576264942  0.556576264942  0.179332700000  0.176227625000  0.496224500000 19238.197   161.372     0.861316750     1.000000000  -44.64043
   0  6 0.9741411607500 0.6000000000000 0.0450000000000 0.6000000000000 0.0100000000000 0.9679683447784 0.3140310001907 26216.867500000  2498.236130320 13486.234000000   911.626750000   130.692557217   149.118827500    -913756  0.311197205671  0.311197205671  0.154621500000  0.162337812500  0.547211000000 21647.434   161.295     0.818527750     1.000000000  -45.96736
   0  7 0.9936551290000 0.6000000000000 0.0450000000000 0.6000000000000 0.0100000000000 0.5661346634202 0.1090287541668 22878.641500000  2727.184872536 14717.946000000   615.325825000   131.989613370   149.642240000    -353670  0.430121493657  0.430121493657  0.135252750000  0.159262250000  0.208179400000 20448.148   159.548     0.888965250     1.000000000  -46.06970
   0  8 0.9925356137500 0.6000000000000 0.0450000000000 0.6000000000000 0.0100000000000 0.7250672180478 0.1336660232603 23032.784500000  2255.050675136 11963.358000000   531.620650000   132.755520449   149.654882500    -696465  0.381180777787  0.381180777787  0.126966900000  0.147849812500  0.586592600000 18529.948   157.666     0.802223500     1.000000000  -44.84690
   0 11 0.9927975187500 0.6000000000000 0.0450000000000 0.6000000000000 0.0100000000000 0.8219468461639 0.1134462565508 21543.451000000  2447.098654693 13261.194000000   960.880600000   129.956030396   149.382240000    -965007  0.476363018414  0.476363018414  0.163907200000  0.166391250000  0.394234900000 20193.916   163.694     0.949477750     1.000000000  -46.10281
   0  9 0.9972672620000 0.6000000000000 0.0450000000000 0.6000000000000 0.0100000000000 0.6313056009407 0.0885230893998 22825.694500000  2760.552288762 15218.942000000   932.330125000   130.220802491   149.327770000    -373953  0.446845397593  0.446845397593  0.142479150000  0.157042312500  0.291651200000 19182.646   162.917     0.823838250     1.000000000  -45.87864
   0  8 0.9760685145000 0.6000000000000 0.0450000000000 0.6000000000000 0.0100000000000 0.8119818528406 0.2195864073111 24538.048000000  2514.148376215 13777.818000000   942.581125000   130.754144999   149.787417500    -612749  0.454614435984  0.454614435984  0.117025800000  0.136308750000  0.295228400000 21104.870   163.184     0.847370500     1.000000000  -47.67766
   0  7 0.9950277170000 0.6000000000000 0.0450000000000 0.6000000000000 0.0100000000000 0.4365160182393 0.0798814454225 21065.902000000  2311.358996986 11724.710000000   757.575325000   131.034434714   149.383995000    -620985  0.544170477850  0.544170477850  0.183569150000  0.112035375000  0.388109500000 19542.048   161.145     0.946330000     1.000000000  -42.36247
   0  7 0.9922559462500 0.6000000000000 0.0450000000000 0.6000000000000 0.0100000000000 0.7472842784182 0.1509801112971 24807.454000000  2441.954627261 13438.594000000   957.137725000   129.807695236   148.190855000    -444861  0.334114573416  0.334114573416  0.118592000000  0.127334562500  0.282425300000 21756.209   160.466     0.866346500     1.000000000  -45.69537
   0  7 0.9945775172500 0.6000000000000 0.0450000000000 0.6000000000000 0.0100000000000 0.7134661654793 0.1328311326448 25446.355000000  2465.037519830 13791.988000000   906.973975000   130.746437578   149.626315000    -643945  0.335666964646  0.335666964646  0.109133550000  0.238978375000  0.483807000000 21501.805   162.737     0.831931125     1.000000000  -45.71865
   0 10 0.9885263725000 0.6000000000000 0.0450000000000 0.6000000000000 0.0100000000000 0.8628116509277 0.1504386108299 24270.613000000  2394.788871998 13573.490000000   823.731175000   130.791577207   149.914102500    -204509  0.435189305154  0.435189305154  0.160993050000  0.207691562500  0.355557000000 19579.247   163.343     0.786275125     1.000000000  -46.24465
   0  6 0.9932536597500 0.6000000000000 0.0450000000000 0.6000000000000 0.0100000000000 0.4814835972371 0.1016924525045 24857.755000000  2230.102557305 11544.380000000   841.680550000   130.801384881   149.219317500    -913949  0.460169600116  0.460169600116  0.129969000000  0.238501437500  0.202166100000 20388.483   161.333     0.819247375     1.000000000  -44.62675
   0  6 0.9534602330000 0.6000000000000 0.0450000000000 0.6000000000000 0.0100000000000 0.9436713112300 0.3838804011183 26296.598500000  2414.312896355 12515.390000000   599.770225000   132.099489267   149.129812500    -917943  0.428242306886  0.428242306886  0.156698250000  0.236205500000  0.311452700000 21187.893   157.564     0.804715250     1.000000000  -44.34518
   0  6 0.9900674470000 0.6000000000000 0.0450000000000 0.6000000000000 0.0100000000000 0.4101264269193 0.0958138780005 22926.958000000  2507.105123481 13160.772000000   806.543200000   131.102575902   149.521372500    -921356  0.570364476451  0.570364476451  0.123212250000  0.197888375000  0.474841400000 19483.180   161.567     0.847472000     1.000000000  -47.70275
   0 11 0.9953175152500 0.6000000000000 0.0450000000000 0.6000000000000 0.0100000000000 0.7626407603019 0.0955868107814 22202.480500000  2533.617772941 14014.738000000   901.156375000   130.002462950   149.272617500    -575698  0.488269092064  0.488269092064  0.138617200000  0.243514812500  0.584578800000 18929.241   163.161     0.828764125     1.000000000  -46.13113
   0  6 0.9834149620000 0.6000000000000 0.0450000000000 0.6000000000000 0.0100000000000 0.7417778019753 0.2042789017338 25881.473500000  2368.794205866 12622.196000000   952.331050000   130.939884028   149.752610000    -356904  0.351697561641  0.351697561641  0.181137900000  0.176081062500  0.498955700000 22847.935   162.801     0.876228125     1.000000000  -44.69502
   0  8 0.9938940652500 0.6000000000000 0.0450000000000 0.6000000000000 0.0100000000000 0.6550782630236 0.1151471865445 22764.904000000  2395.766478073 12901.988000000   626.900500000   131.025901612   148.393785000     -19409  0.411414936489  0.411414936489  0.150002100000  0.191665125000  0.352498700000 20309.485   157.860     0.886591125     1.000000000  -45.97346
   0  8 0.9953182747500 0.6000000000000 0.0450000000000 0.6000000000000 0.0100000000000 0.6239426102086 0.1038816964863 20060.786500000  2476.450901667 12589.908000000   987.468625000   130.543661092   149.787320000    -533299  0.420586979218  0.420586979218  0.122608050000  0.116648750000  0.343101800000 18196.312   163.728     0.916196375     1.000000000  -45.76031
   0 10 0.9871905590000 0.6000000000000 0.0450000000000 0.6000000000000 0.0100000000000 0.7797215917594 0.1409743315337 23295.062500000  2339.802602788 12918.794000000   997.766425000   128.397056243   146.564945000    -221218  0.493983521183  0.493983521183  0.131125500000  0.166161437500  0.350743100000 19216.693   158.536     0.806805250     1.000000000  -45.97037
   0  9 0.9813575500000 0.6000000000000 0.0450000000000 0.6000000000000 0.0100000000000 0.8772432386640 0.1984295481249 25580.869000000  2161.334540989 11758.198000000   582.315400000   131.606271714   148.779300000    -579961  0.432946565109  0.432946565109  0.163324400000  0.263836375000  0.522833500000 19616.239   157.638     0.763708375     1.000000000  -42.85987
   0  9 0.9652143530000 0.6000000000000 0.0450000000000 0.6000000000000 0.0100000000000 0.8944979275833 0.2591060786053 24382.244500000  2273.717390491 12104.934000000   740.446300000   130.066163624   147.789285000    -647272  0.561607518138  0.561607518138  0.173913600000  0.199229250000  0.380388600000 21055.526   158.165     0.853568000     1.000000000  -44.39644
   0  7 0.9925732825000 0.6000000000000 0.0450000000000 0.6000000000000 0.0100000000000 0.6770578407224 0.1353585003063 22626.286000000  2360.668646097 12386.526000000   913.260700000   130.716232404   149.576265000    -557786  0.366690775670  0.366690775670  0.107604900000  0.151596937500  0.575268200000 19837.037   162.674     0.874027125     1.000000000  -47.22572
   0  8 0.9707017282500 0.6000000000000 0.0450000000000 0.6000000000000 0.0100000000000 0.6780895532942 0.1985895597912 24839.044000000  2401.701630294 12988.074000000   910.702900000   128.458226580   145.805517500    -227231  0.595031978746  0.595031978746  0.149399350000  0.212389437500  0.277768600000 21167.116   155.935     0.841253375     1.000000000  -45.11319
   0  8 0.9757616520000 0.6000000000000 0.0450000000000 0.6000000000000 0.0100000000000 0.7087765649901 0.1926298306243 23776.067500000  2595.278012260 14072.680000000   633.952675000   130.848970441   148.037097500    -917742  0.523499954264  0.523499954264  0.135499600000  0.194319687500  0.512020600000 21833.699   157.172     0.920165000     1.000000000  -44.88721
   0  6 0.9867690487500 0.6000000000000 0.0450000000000 0.6000000000000 0.0100000000000 0.5875054500723 0.1498833428155 26221.714000000  2453.341208677 13398.886000000   851.410225000   130.266540376   148.307302500    -144854  0.420573270975  0.420573270975  0.176262700000  0.155658937500  0.407128500000 22544.210   159.753     0.849233625     1.000000000  -44.17353
   0  8 0.9956795395000 0.6000000000000 0.0450000000000 0.6000000000000 0.0100000000000 0.7470900785456 0.1225882479531 24870.647500000  2785.243466640 15910.198000000   732.893500000   130.354042064   148.297357500    -732523  0.348878342919  0.348878342919  0.117999400000  0.155957187500  0.591135800000 21842.291   159.234     0.860290250     1.000000000  -43.58082
   0  7 0.9944866467500 0.6000000000000 0.0450000000000 0.6000000000000 0.0100000000000 0.7272144720641 0.1358543993543 25570.960000000  2286.151217172 12453.632000000   919.287775000   130.726848093   149.636227500    -260512  0.329863219533  0.329863219533  0.121673400000  0.122852125000  0.260729900000 20909.112   162.826     0.810105375     1.000000000  -46.06067
   0  6 0.9951625895000 0.6000000000000 0.0450000000000 0.6000000000000 0.0100000000000 0.3773360874806 0.0743054261765 24760.622500000  2482.878267844 13513.478000000   410.112325000   134.348414288   148.163327500    -788449  0.568000151079  0.568000151079  0.155239150000  0.236980625000  0.262940000000 18169.159   149.767     0.747162125     1.000000000  -41.35750
   0  8 0.9545701197500 0.6000000000000 0.0450000000000 0.6000000000000 0.0100000000000 0.8973191787468 0.3128746369006 26480.333500000  2253.145364322 11891.972000000   986.875075000   130.656688976   149.553255000    -737987  0.580380583435  0.580380583435  0.152208700000  0.167768312500  0.270437100000 19604.916   162.442     0.748276625     1.000000000  -44.87512
   0  9 0.9977179027500 0.6000000000000 0.0450000000000 0.6000000000000 0.0100000000000 0.5398424112777 0.0741323127675 24802.202500000  2343.170139950 13360.546000000   732.585700000   131.084274858   149.723847500    -692261  0.517964893499  0.517964893499  0.178673600000  0.151248312500  0.558698200000 22451.259   161.913     0.891101000     1.000000000  -45.10595
   0 12 0.9979733887500 0.6000000000000 0.0450000000000 0.6000000000000 0.0100000000000 0.8232597481194 0.0818924593062 22833.902500000  2668.064288537 15072.758000000   584.436925000   131.397249197   149.094387500    -456257  0.489225244795  0.489225244795  0.106339250000  0.246511312500  0.544411200000 21622.931   158.830     0.954094375     1.000000000  -41.79440
   0  9 0.9895187205000 0.6000000000000 0.0450000000000 0.6000000000000 0.0100000000000 0.6660912544629 0.1237199800085 23730.518500000  2347.412330440 12940.600000000   484.810300000   133.368137372   149.590955000    -483859  0.491074766033  0.491074766033  0.104417600000  0.166669437500  0.519894300000 20376.312   156.023     0.843755125     1.000000000  -45.23501
   0  7 0.9717942812500 0.6000000000000 0.0450000000000 0.6000000000000 0.0100000000000 0.6872541268717 0.2141581648030 24134.114500000  2486.074791794 13201.588000000   555.219550000   131.335181375   147.560257500    -913188  0.510733159819  0.510733159819  0.128804900000  0.170214250000  0.328608200000 20501.933   154.533     0.842998625     1.000000000  -45.24096
   0  6 0.9868191512500 0.6000000000000 0.0450000000000 0.6000000000000 0.0100000000000 0.6154789585726 0.1568263114348 23638.772500000  2417.670996260 12649.812000000   955.681300000   131.031365415   149.951185000    -106233  0.401128529976  0.401128529976  0.109102900000  0.206399750000  0.482434900000 19582.304   163.221     0.827041000     1.000000000  -47.26867
   0  6 0.9781420107500 0.6000000000000 0.0450000000000 0.6000000000000 0.0100000000000 0.6758273786874 0.2057367370237 21754.577500000  2463.765709077 12380.452000000   763.231825000   131.568023598   149.933277500     -97086  0.419358344463  0.419358344463  0.112884300000  0.272549062500  0.307330700000 18119.890   161.707     0.837603875     1.000000000  -45.23386
   0  7 0.9769136665000 0.6000000000000 0.0450000000000 0.6000000000000 0.0100000000000 0.6118229530983 0.1764479345778 24978.580000000  2308.152559475 12177.924000000   630.793900000   131.895596446   149.532617500    -563587  0.528908427083  0.528908427083  0.180955450000  0.138122875000  0.415473800000 18822.994   159.461     0.761795375     1.000000000  -43.56886
   0  8 0.9895219790000 0.6000000000000 0.0450000000000 0.6000000000000 0.0100000000000 0.4965802133987 0.1005329811593 25364.126500000  2328.825620385 12932.328000000   743.340925000   131.358378764   149.966330000    -823636  0.588084415699  0.588084415699  0.106330600000  0.168705437500  0.418386800000 20305.593   162.186     0.791592875     1.000000000  -45.84172
   0  7 0.9937289230000 0.6000000000000 0.0450000000000 0.6000000000000 0.0100000000000 0.7983134183491 0.1533377188280 24654.431500000  2291.955889432 12323.206000000   576.496225000   132.305778156   149.607627500    -199083  0.304621803794  0.304621803794  0.114495750000  0.175376312500  0.509806700000 20603.988   158.652     0.828299250     1.000000000  -45.68333
   0 12 0.9930201380000 0.6000000000000 0.0450000000000 0.6000000000000 0.0100000000000 0.7720341548876 0.0948689720522 25716.544000000  2138.319121644 12647.934000000   925.385500000   128.915572421   147.730850000    -410189  0.576427922566  0.576427922566  0.111459450000  0.244918937500  0.249852200000 21489.989   160.844     0.804076500     1.000000000  -44.67938
   0  9 0.9828914582500 0.6000000000000 0.0450000000000 0.6000000000000 0.0100000000000 0.8074833439098 0.1769166716067 25950.809500000  2433.531881381 13928.708000000   593.007625000   131.702728576   149.104560000    -145337  0.457538328635  0.457538328635  0.115520600000  0.199857375000  0.294961400000 22236.420   158.440     0.835106500     1.000000000  -45.20387
   0  7 0.9767674260000 0.6000000000000 0.0450000000000 0.6000000000000 0.0100000000000 0.8723949744663 0.2522034288998 21217.061500000  2649.805167096 13442.534000000   714.628225000   130.862982157   148.632075000    -465319  0.371805390013  0.371805390013  0.115587500000  0.273999437500  0.300832700000 18877.422   159.154     0.894699500     1.000000000  -44.75638
   0  8 0.9643898912500 0.6000000000000 0.0450000000000 0.6000000000000 0.0100000000000 0.7518385634273 0.2380103176780 22371.365500000  2933.189657106 15126.006000000   576.069850000   130.337921239   146.401925000    -101827  0.594218190702  0.594218190702  0.151787000000  0.234782062500  0.398801200000 19436.036   153.129     0.861371625     1.000000000  -43.18487
   0  7 0.9779538875000 0.6000000000000 0.0450000000000 0.6000000000000 0.0100000000000 0.5371434852528 0.1522190588667 23242.196500000  2544.084203126 13466.660000000   785.482525000   131.086417754   149.471095000    -863775  0.592403030749  0.592403030749  0.139657150000  0.140791937500  0.460728700000 20216.857   161.345     0.865042875     1.000000000  -47.35922
   0  7 0.9872706617500 0.6000000000000 0.0450000000000 0.6000000000000 0.0100000000000 0.6750482651357 0.1575105910393 21535.108000000  2610.744982939 13520.754000000   440.536375000   134.042063228   148.991720000    -801394  0.403550429170  0.403550429170  0.143105650000  0.257776062500  0.208775800000 18866.575   152.855     0.876140125     1.000000000  -44.36256
   0 11 0.9968088057500 0.6000000000000 0.0450000000000 0.6000000000000 0.0100000000000 0.7921467284364 0.0930927213445 28062.088000000  2171.148280999 13255.264000000   474.645925000   133.017982429   149.030752500    -102897  0.456221066659  0.456221066659  0.209976300000  0.151162500000  0.237341100000 23695.716   154.926     0.811078000     1.000000000  -39.72847
   0  9 0.9769677870000 0.6000000000000 0.0450000000000 0.6000000000000 0.0100000000000 0.7802990936082 0.1914687991355 21927.580000000  3015.390342672 15526.580000000   845.991550000   129.610050720   147.730395000    -929986  0.526196176677  0.526196176677  0.175359100000  0.081281937500  0.562455100000 19622.340   159.264     0.887255125     1.000000000  -39.29578
   0  7 0.9723039057500 0.6000000000000 0.0450000000000 0.6000000000000 0.0100000000000 0.6739541323482 0.2085246145371 23495.510500000  2611.070850345 13845.632000000   941.544325000   130.007652730   148.281237500    -974036  0.516666788411  0.516666788411  0.110094300000  0.217042000000  0.489169600000 20090.333   160.203     0.848856625     1.000000000  -46.57323
   0  8 0.9904291405000 0.6000000000000 0.0450000000000 0.6000000000000 0.0100000000000 0.6938776294957 0.1367842032266 24365.086000000  2470.377789980 13733.392000000   629.392600000   131.751791215   149.568497500    -725625  0.413993953837  0.413993953837  0.170880900000  0.227108062500  0.213470800000 19876.043   159.863     0.804807875     1.000000000  -45.07129
   0  8 0.9982245872500 0.6000000000000 0.0450000000000 0.6000000000000 0.0100000000000 0.7648983957015 0.1120922781931 21920.776000000  2310.478763150 12207.784000000   719.119000000   130.565928164   148.570682500    -643269  0.324656074562  0.324656074562  0.104370100000  0.147031187500  0.375100300000 19409.397   159.536     0.881677125     1.000000000  -45.38875
   0  6 0.9828158390000 0.6000000000000 0.0450000000000 0.6000000000000 0.0100000000000 0.5812015002028 0.1620720095900 23413.619500000  2497.482172406 13075.860000000   880.610500000   130.819692056   149.305377500    -901992  0.453179721526  0.453179721526  0.205770200000  0.126575312500  0.571149100000 18859.315   161.618     0.807289375     1.000000000  -43.84871
   0  8 0.9732933872500 0.6000000000000 0.0450000000000 0.6000000000000 0.0100000000000 0.7031815891431 0.1985194598183 20808.929500000  2667.265600907 13447.328000000   800.594875000   129.588087250   147.239060000    -988719  0.549826112663  0.549826112663  0.166191650000  0.196043312500  0.207095000000 18581.603   157.756     0.897477375     1.000000000  -44.48071
   0  7 0.9644012102500 0.6000000000000 0.0450000000000 0.6000000000000 0.0100000000000 0.8261199271016 0.2820507487852 24299.084500000  2314.804354054 11897.612000000   708.233725000   130.520446306   147.922600000    -270989  0.476001933932  0.476001933932  0.177330650000  0.277216500000  0.268261100000 18970.710   157.613     0.785879000     1.000000000  -42.83411
   0  6 0.9652545330000 0.6000000000000 0.0450000000000 0.6000000000000 0.0100000000000 0.8930232073391 0.3247272856866 20048.218000000  2593.922178048 12452.540000000   904.016125000   130.669224377   148.968840000    -113024  0.384244492700  0.384244492700  0.134730550000  0.204091187500  0.337257200000 18286.713   160.784     0.934509500     1.000000000  -44.65308
   0  7 0.9843026705000 0.6000000000000 0.0450000000000 0.6000000000000 0.0100000000000 0.6883703141998 0.1723460232045 23228.048500000  2417.527311426 12756.342000000   831.778300000   131.071413613   149.747572500    -709504  0.416235735364  0.416235735364  0.124655550000  0.085274187500  0.245317400000 19546.441   162.326     0.837340250     1.000000000  -45.40371
   0 11 0.9961627897500 0.6000000000000 0.0450000000000 0.6000000000000 0.0100000000000 0.6382986982857 0.0771927062933 23604.239500000  2299.440796632 13130.540000000   998.651800000   126.599789199   143.877227500    -295290  0.573583520059  0.573583520059  0.127809150000  0.195699375000  0.288791400000 19807.686   154.149     0.813819625     1.000000000  -44.83487
   0  7 0.9706872977500 0.6000000000000 0.0450000000000 0.6000000000000 0.0100000000000 0.8797289869926 0.2782939431059 19587.355000000  3042.275368198 14317.324000000   672.624325000   131.023288774   148.496030000    -585280  0.405946609322  0.405946609322  0.218007300000  0.222053187500  0.316697200000 17755.512   158.260     0.923744250     1.000000000  -40.79572
   0  8 0.9892977672500 0.6000000000000 0.0450000000000 0.6000000000000 0.0100000000000 0.7680478468977 0.1564891534572 27363.814000000  2575.326003992 15147.538000000   841.953925000   130.939151443   149.840652500    -366875  0.381770427746  0.381770427746  0.123875450000  0.265426250000  0.460594000000 20966.377   162.886     0.756238750     1.000000000  -41.17516
   0  7 0.9846805340000 0.6000000000000 0.0450000000000 0.6000000000000 0.0100000000000 0.5815843672894 0.1443841564364 21785.897500000  2322.362120018 11782.866000000   809.541550000   130.873568231   149.313437500    -489132  0.489531481865  0.489531481865  0.116954200000  0.190211937500  0.329334000000 18509.280   161.403     0.851588375     1.000000000  -46.19428
   0  8 0.9892098000000 0.6000000000000 0.0450000000000 0.6000000000000 0.0100000000000 0.7310137199456 0.1493146367052 23804.255500000  2261.764336583 12107.300000000   962.508700000   128.163329561   145.640905000    -305286  0.401749616551  0.401749616551  0.121247350000  0.193915500000  0.489004100000 20842.167   156.236     0.868147500     1.000000000  -44.68640
   0  9 0.9917852277500 0.6000000000000 0.0450000000000 0.6000000000000 0.0100000000000 0.6968842341670 0.1207158963824 22541.519500000  2681.618877202 14600.362000000   928.062100000   126.740678641   143.393010000    -694927  0.449789478743  0.449789478743  0.134655800000  0.175092375000  0.514170400000 20450.935   152.391     0.900471625     1.000000000  -43.12460
   0  9 0.9919818157500 0.6000000000000 0.0450000000000 0.6000000000000 0.0100000000000 0.5797230114375 0.0997745445302 23035.322500000  2511.619907397 13842.752000000   805.078000000   130.568805152   149.275380000    -317354  0.538682475468  0.538682475468  0.174060950000  0.128412125000  0.408288700000 19671.564   161.872     0.838586125     1.000000000  -45.76482
   0  8 0.9857712862500 0.6000000000000 0.0450000000000 0.6000000000000 0.0100000000000 0.8991124048429 0.2008255568263 22503.935500000  2122.774062404 10726.442000000   735.571225000   129.574817144   146.935802500     -59931  0.347350839478  0.347350839478  0.162873500000  0.126244250000  0.587605400000 17864.658   156.848     0.800259750     1.000000000  -40.08785
   0  6 0.9835073392500 0.6000000000000 0.0450000000000 0.6000000000000 0.0100000000000 0.5743014473971 0.1578481984335 24451.378000000  2244.034930013 11413.296000000   858.737350000   131.223724769   149.897365000    -651275  0.453587649659  0.453587649659  0.134614150000  0.233952312500  0.225928000000 18947.518   162.519     0.784434500     1.000000000  -44.60394
   0  8 0.9694388635000 0.6000000000000 0.0450000000000 0.6000000000000 0.0100000000000 0.8232527868568 0.2451869085532 24907.421500000  2434.702042606 13211.226000000   999.871075000   129.958357743   148.560412500    -667873  0.500317167350  0.500317167350  0.149562200000  0.240366250000  0.396045900000 20378.678   161.145     0.808346500     1.000000000  -46.00912
   0  9 0.9899345100000 0.6000000000000 0.0450000000000 0.6000000000000 0.0100000000000 0.8096028733751 0.1485535399780 26715.692500000  2236.548753078 12757.854000000   950.524300000   130.228386691   149.309407500    -785597  0.400894895241  0.400894895241  0.190705700000  0.109334187500  0.380038400000 23338.743   162.923     0.854117250     1.000000000  -43.16983
   0  8 0.9921179990000 0.6000000000000 0.0450000000000 0.6000000000000 0.0100000000000 0.4892921134942 0.0914644865472 24842.783500000  2188.794801367 11794.686000000   735.281200000   130.477239246   148.481892500    -169657  0.569224270462  0.569224270462  0.100133600000  0.183630562500  0.287888500000 20113.062   159.567     0.803589375     1.000000000  -43.63372
   0  8 0.9815831705000 0.6000000000000 0.0450000000000 0.6000000000000 0.0100000000000 0.7690512499887 0.1882795255747 24249.418000000  2281.449634073 12193.762000000   675.586675000   129.148049606   145.733465000    -118391  0.436954374985  0.436954374985  0.114144600000  0.272477187500  0.340995000000 20216.640   154.016     0.825981875     1.000000000  -43.82886
   0 10 0.9976522550000 0.6000000000000 0.0450000000000 0.6000000000000 0.0100000000000 0.5813027925682 0.0727894058976 24604.684000000  2299.137778374 13232.518000000   941.271175000   130.373732810   149.858007500    -366757  0.540541952407  0.540541952407  0.165331350000  0.281328937500  0.599547300000 22120.123   164.187     0.880493875     1.000000000  -44.60581
   0  8 0.9937246355000 0.6000000000000 0.0450000000000 0.6000000000000 0.0100000000000 0.4877585566727 0.0862651164258 24235.297000000  2409.538064761 13360.302000000   778.537000000   130.169487077   148.271162500    -308631  0.554290847527  0.554290847527  0.129069650000  0.166113500000  0.555679400000 18303.966   159.658     0.756562625     1.000000000  -44.41833
   0  7 0.9886905470000 0.6000000000000 0.0450000000000 0.6000000000000 0.0100000000000 0.5255286731464 0.1181274424821 24922.150000000  2406.131118510 13129.974000000   750.903175000   129.855881375   147.332270000    -221084  0.505813034319  0.505813034319  0.109620600000  0.214701062500  0.526914300000 21513.404   157.501     0.853043125     1.000000000  -45.23024
   0  8 0.9861063115000 0.6000000000000 0.0450000000000 0.6000000000000 0.0100000000000 0.8554071651799 0.1895241457655 25580.909500000  2340.955152280 12994.174000000   716.729725000   130.007616020   147.514952500     -98770  0.362937516962  0.362937516962  0.123964650000  0.161858312500  0.222273800000 21866.169   157.634     0.840543500     1.000000000  -45.07004
   0  8 0.9845941470000 0.6000000000000 0.0450000000000 0.6000000000000 0.0100000000000 0.6449493393089 0.1480690946902 26317.739500000  2220.194189170 12137.822000000   891.088525000   129.471449143   147.551450000    -527054  0.494394511265  0.494394511265  0.135883700000  0.265954937500  0.218462400000 22445.016   159.156     0.840671625     1.000000000  -43.27795
   0  7 0.9726933700000 0.6000000000000 0.0450000000000 0.6000000000000 0.0100000000000 0.7869269727881 0.2421387560302 20668.678000000  2403.304381216 11828.070000000   881.333425000   126.774435449   142.708527500    -560017  0.439792521447  0.439792521447  0.131517250000  0.228772875000  0.236264600000 18230.745   150.181     0.891458000     1.000000000  -42.00400
   0 12 0.9944183897500 0.6000000000000 0.0450000000000 0.6000000000000 0.0100000000000 0.9415470876745 0.1096833760372 21684.121000000  2496.359661343 13694.848000000   956.423125000   129.809145308   149.376877500    -713192  0.459573949753  0.459573949753  0.209873000000  0.204110187500  0.212711800000 18753.674   163.959     0.839307875     1.000000000  -44.14013
   0  7 0.9697746360000 0.6000000000000 0.0450000000000 0.6000000000000 0.0100000000000 0.8745806895252 0.2800090546628 22634.170000000  2826.961879363 14714.084000000   697.172950000   131.525463901   149.515522500    -319036  0.414165694831  0.414165694831  0.174121200000  0.226497812500  0.404890500000 19232.175   160.292     0.844901750     1.000000000  -44.63822
   0  7 0.9962206832500 0.6000000000000 0.0450000000000 0.6000000000000 0.0100000000000 0.5721851397597 0.0997901619021 25042.124500000  2546.717637847 14304.928000000   675.180325000   131.756602225   149.940720000    -394546  0.406199988617  0.406199988617  0.147273800000  0.142668562500  0.462468300000 21976.083   161.075     0.864140500     1.000000000  -45.94237
 
  COND2           1      181168  1.574861218688446E+040  1.226937658254074E+038
  7.790766854211288E-003         100
    181168  21031963    878867    238526     40578         0         0         0         0         0    590728   3740092         0  12198078    181168
 PARAMETER FILE GB91B.PAR   
