  Aa Am            MSYL            MSYR           MORTJ           MORTA             K1+           PInit      ISEED   PTarget           CVADD              AR        PREG-MAX           GAMMA              P0   SSTILDA     LIKEL
   0  7 0.9690303200000 0.6000000000000 0.0450000000000 0.6000000000000 0.0100000000000 0.7614685211626 0.2461324598475 23651.962000000  2591.167045358 13967.484000000   890.876125000    73.442043397   114.509967500    -661106  0.481195241013  0.481195241013  0.130963050000  0.103576687500  0.373494700000 18932.765   201.079     0.795876625     1.000000000  -54.37006
   0  7 0.9859664800000 0.6000000000000 0.0450000000000 0.6000000000000 0.0100000000000 0.5808592141667 0.1399607644227 22675.750000000  2401.718904635 12827.390000000   972.554950000    76.498265024   120.263052500    -123319  0.479568501370  0.479568501370  0.120491100000  0.059332625000  0.527017300000 18963.117   213.079     0.830982750     1.000000000  -57.83353
   0  8 0.9889232700000 0.6000000000000 0.0450000000000 0.6000000000000 0.0100000000000 0.8747368842971 0.1801117815972 21130.364500000  2416.817185241 12729.736000000   233.601850000   103.868851071   147.546250000    -195079  0.337481423530  0.337481423530  0.156236800000  0.062839187500  0.468709300000 18817.954   197.345     0.888878625     1.000000000  -57.58613
   0  8 0.9877658000000 0.6000000000000 0.0450000000000 0.6000000000000 0.0100000000000 0.7405234888012 0.1573263619634 20354.641000000  2248.693879525 11463.214000000   234.665875000    97.331095048   140.006185000     -99270  0.407026488552  0.407026488552  0.140437750000  0.067950375000  0.590625600000 17487.031   192.391     0.860058250     1.000000000  -54.72753
   0  6 0.9611773100000 0.6000000000000 0.0450000000000 0.6000000000000 0.0100000000000 0.7637453319879 0.2898894940137 23702.290000000  2531.973785799 13272.380000000   525.546100000    86.618666841   134.787335000    -872637  0.475947091727  0.475947091727  0.133161800000  0.052677500000  0.208291500000 20106.355   227.355     0.843391000     1.000000000  -55.59549
   0 10 0.9799265500000 0.6000000000000 0.0450000000000 0.6000000000000 0.0100000000000 0.9447448078477 0.2012493911249 24935.218000000  2572.565078229 14931.046000000   383.257675000    82.659791103   127.720470000    -446492  0.467079327595  0.467079327595  0.135891000000  0.057291250000  0.408208300000 21953.419   209.419     0.852220000     1.000000000  -56.95059
   0  7 0.9677399400000 0.6000000000000 0.0450000000000 0.6000000000000 0.0100000000000 0.8047121577247 0.2643135802283 24671.995000000  2487.962341013 13543.440000000   444.954700000    85.310150189   132.221135000    -236204  0.464467256926  0.464467256926  0.104866750000  0.059132937500  0.273900800000 21993.023   219.769     0.884122250     1.000000000  -55.53096
   0  9 0.9874359400000 0.6000000000000 0.0450000000000 0.6000000000000 0.0100000000000 0.7488939718818 0.1473234264511 21094.819000000  2866.967205618 14939.036000000   260.396650000    94.255251784   139.008695000    -111174  0.454018813689  0.454018813689  0.225839850000  0.064928312500  0.302075400000 17592.247   200.382     0.821330250     1.000000000  -52.61440
   0  8 0.9760905600000 0.6000000000000 0.0450000000000 0.6000000000000 0.0100000000000 0.9279248632143 0.2508512164091 25013.990500000  2293.692940085 12634.232000000   264.710800000    94.217286727   138.992802500    -326208  0.397663686742  0.397663686742  0.157664850000  0.065516562500  0.218792500000 21914.621   201.110     0.863958125     1.000000000  -56.89489
   0  8 0.9877732800000 0.6000000000000 0.0450000000000 0.6000000000000 0.0100000000000 0.7437024649077 0.1579706629723 19847.905000000  2738.508791435 13809.578000000   544.714300000    81.147913500   127.230305000    -284747  0.405232353462  0.405232353462  0.141260350000  0.055745875000  0.367802500000 18800.693   219.045     0.986324750     1.000000000  -53.97056
   0  7 0.9831301700000 0.6000000000000 0.0450000000000 0.6000000000000 0.0100000000000 0.9499473319456 0.2439481982785 24393.044500000  2570.308450270 14292.552000000   225.340300000    90.216620730   130.009835000    -987397  0.307615959001  0.307615959001  0.152811000000  0.125793062500  0.532816200000 19878.982   181.131     0.805582375     1.000000000  -51.37713
   0  7 0.9606664400000 0.6000000000000 0.0450000000000 0.6000000000000 0.0100000000000 0.9319717451484 0.3308779467067 24650.530000000  2533.711308563 13722.186000000   998.698825000    77.394997247   121.025015000    -179364  0.446181176435  0.446181176435  0.138261500000  0.060678375000  0.242205100000 21796.627   212.230     0.876155500     1.000000000  -57.19230
   0  7 0.9704668900000 0.6000000000000 0.0450000000000 0.6000000000000 0.0100000000000 0.9228181303402 0.2927823731474 24376.763500000  2591.694754487 14187.552000000   716.658175000    77.153288966   120.528870000    -228369  0.388321189631  0.388321189631  0.134714550000  0.057917500000  0.217947500000 19625.307   210.055     0.797805750     1.000000000  -56.91529
   0  7 0.9790421400000 0.6000000000000 0.0450000000000 0.6000000000000 0.0100000000000 0.8456241591889 0.2351090329489 23906.720500000  2572.557394203 14099.994000000   249.528925000   103.397398657   149.031305000    -347799  0.369697935026  0.369697935026  0.114239600000  0.085570500000  0.581225700000 21590.817   204.458     0.898080125     1.000000000  -56.51094
   0  7 0.9607752900000 0.6000000000000 0.0450000000000 0.6000000000000 0.0100000000000 0.9430563703690 0.3344508293839 22522.066000000  2690.536368006 14063.432000000   811.965700000    77.920768222   121.708262500    -362712  0.440225378971  0.440225378971  0.116831250000  0.057715562500  0.308981200000 19630.967   212.233     0.866822125     1.000000000  -57.61399
   0  6 0.9770142200000 0.6000000000000 0.0450000000000 0.6000000000000 0.0100000000000 0.8898202945621 0.2760448737400 23257.235500000  2650.150654175 14150.558000000   763.402825000    78.039935400   122.113895000    -606436  0.324078691359  0.324078691359  0.173128500000  0.063005000000  0.484646100000 19359.502   213.587     0.827665000     1.000000000  -56.14242
   0  9 0.9661885900000 0.6000000000000 0.0450000000000 0.6000000000000 0.0100000000000 0.9255256984865 0.2650118565097 22637.099500000  2755.751514373 14741.720000000   532.697725000    80.596227581   125.738100000    -390762  0.533967304869  0.533967304869  0.170215900000  0.061204000000  0.450830100000 19723.983   214.619     0.855257875     1.000000000  -55.94605
   0  8 0.9683337600000 0.6000000000000 0.0450000000000 0.6000000000000 0.0100000000000 0.7176018745390 0.2167698968373 23068.181500000  2502.313664071 13441.616000000   295.948450000    97.306522532   145.381230000    -636916  0.584367906783  0.584367906783  0.218744850000  0.071831812500  0.403358300000 21336.150   215.207     0.932459750     1.000000000  -52.68293
   0  8 0.9621311600000 0.6000000000000 0.0450000000000 0.6000000000000 0.0100000000000 0.7940905402407 0.2576294020284 22576.295500000  2246.317830286 11563.246000000   385.723900000    86.305084312   132.724235000    -320727  0.583104068796  0.583104068796  0.149317950000  0.053584625000  0.410583400000 18734.232   215.066     0.827257750     1.000000000  -56.28041
   0  7 0.9823244900000 0.6000000000000 0.0450000000000 0.6000000000000 0.0100000000000 0.7327825135556 0.1913518149318 25548.118000000  2514.475166386 14190.744000000   384.001075000    82.579238533   127.365342500    -464793  0.404175096461  0.404175096461  0.143337900000  0.065345375000  0.392073100000 22026.528   209.098     0.847137375     1.000000000  -56.73663
   0 10 0.9846105200000 0.6000000000000 0.0450000000000 0.6000000000000 0.0100000000000 0.9685481550696 0.1867050880980 23939.822500000  2369.656247559 13501.606000000   265.709800000    98.621408161   145.117752500    -261710  0.417551274521  0.417551274521  0.164611550000  0.066675312500  0.489632600000 19723.456   207.102     0.799844375     1.000000000  -57.10276
   0  6 0.9821326600000 0.6000000000000 0.0450000000000 0.6000000000000 0.0100000000000 0.4761105025292 0.1346223302612 22156.472500000  2885.428882041 15107.656000000   255.383650000    91.709059840   134.981262500    -276084  0.559248623248  0.559248623248  0.128034700000  0.067810312500  0.225353900000 18944.992   195.174     0.851361500     1.000000000  -55.73027
   0  7 0.9818418900000 0.6000000000000 0.0450000000000 0.6000000000000 0.0100000000000 0.6486827874464 0.1710500000863 22701.535000000  2560.947312294 13744.770000000   403.429150000    84.123436354   130.145977500    -211354  0.460250343050  0.460250343050  0.125548400000  0.095998687500  0.299005900000 19701.521   214.698     0.860962000     1.000000000  -56.43988
   0 11 0.9847072900000 0.6000000000000 0.0450000000000 0.6000000000000 0.0100000000000 0.7759272133946 0.1355970716583 24837.667000000  2106.866973277 12075.700000000   330.263425000    83.406653224   127.660572500    -321705  0.591099286957  0.591099286957  0.157262350000  0.074296687500  0.294817800000 21524.142   203.229     0.842120875     1.000000000  -55.87363
   0  6 0.9870231300000 0.6000000000000 0.0450000000000 0.6000000000000 0.0100000000000 0.5503376199547 0.1395213218404 25256.545000000  2527.896829585 14055.028000000   594.669475000    75.844248380   118.331967500    -952943  0.447109108058  0.447109108058  0.165277750000  0.072980812500  0.281459500000 22967.337   205.583     0.903305750     1.000000000  -54.38448
   0  6 0.9861822700000 0.6000000000000 0.0450000000000 0.6000000000000 0.0100000000000 0.4737820801203 0.1226031219344 20584.829500000  2518.465119914 12771.422000000   809.622550000    78.731600765   123.669897500    -873830  0.526555085065  0.526555085065  0.115336150000  0.097488437500  0.381594500000 19372.617   217.594     0.973307125     1.000000000  -52.62372
   0  6 0.9676126000000 0.6000000000000 0.0450000000000 0.6000000000000 0.0100000000000 0.8949123200081 0.3166711862026 21480.082000000  2908.206514877 14712.526000000   361.112500000    81.024317824   123.894862500    -911138  0.370644293045  0.370644293045  0.181737150000  0.065712562500  0.214497000000 19509.275   200.945     0.916213125     1.000000000  -54.67145
   0  6 0.9874825300000 0.6000000000000 0.0450000000000 0.6000000000000 0.0100000000000 0.4613724211902 0.1156223911888 22686.644500000  2421.272997154 12765.280000000   369.610300000    76.354148121   117.328270000     -80395  0.529307580629  0.529307580629  0.158545700000  0.097867437500  0.294343800000 18437.973   194.175     0.813046125     1.000000000  -53.88131
   0  8 0.9753398500000 0.6000000000000 0.0450000000000 0.6000000000000 0.0100000000000 0.8855169014110 0.2422899744418 22529.531500000  2480.511060811 13277.148000000   361.931500000    81.169237813   124.594782500    -403604  0.421985700846  0.421985700846  0.136594850000  0.085721312500  0.568215500000 18079.708   202.636     0.796863125     1.000000000  -55.74311
   0  7 0.9779387300000 0.6000000000000 0.0450000000000 0.6000000000000 0.0100000000000 0.6072586936363 0.1721335372010 24806.900500000  2401.082257950 13155.094000000   260.254450000   101.848065952   148.412570000    -880774  0.524131810123  0.524131810123  0.162992050000  0.063037562500  0.368431500000 19652.448   207.851     0.787737125     1.000000000  -57.06666
   0  8 0.9868049000000 0.6000000000000 0.0450000000000 0.6000000000000 0.0100000000000 0.5617847228297 0.1223375587731 22596.181000000  2568.399281481 14013.534000000   677.917900000    81.966484343   129.191680000    -590673  0.545812782470  0.545812782470  0.167304000000  0.059755687500  0.575215200000 19806.369   225.717     0.865910625     1.000000000  -54.90894
   0  7 0.9663064800000 0.6000000000000 0.0450000000000 0.6000000000000 0.0100000000000 0.6717832309230 0.2244541724040 24402.521500000  2638.258531540 14406.880000000   220.854925000   108.068242948   149.243172500     -42149  0.568695960852  0.568695960852  0.158631000000  0.083210562500  0.567253000000 20750.772   191.866     0.838937750     1.000000000  -56.03210
   0 11 0.9866060600000 0.6000000000000 0.0450000000000 0.6000000000000 0.0100000000000 0.8960799966996 0.1493209799439 24340.016500000  2030.477536540 11418.464000000   403.948225000    85.431443931   132.812927500    -995742  0.493378812633  0.493378812633  0.144910400000  0.065630875000  0.260355100000 22559.352   218.926     0.928344375     1.000000000  -51.84412
   0  7 0.9643892400000 0.6000000000000 0.0450000000000 0.6000000000000 0.0100000000000 0.8256488983410 0.2819271499929 20484.011500000  2845.623403041 14092.672000000   262.358875000    90.082385083   132.922387500    -168148  0.476359520203  0.476359520203  0.218741000000  0.056976500000  0.525694300000 17962.883   194.267     0.879470625     1.000000000  -52.79067
   0  8 0.9692388100000 0.6000000000000 0.0450000000000 0.6000000000000 0.0100000000000 0.8497393875697 0.2537342199551 24095.869000000  2444.435226965 13362.638000000   267.765175000    91.434742728   135.335090000    -551258  0.486302126042  0.486302126042  0.158416700000  0.093551250000  0.233673600000 21839.312   198.215     0.901880500     1.000000000  -55.33916
   0  7 0.9778972900000 0.6000000000000 0.0450000000000 0.6000000000000 0.0100000000000 0.7333004752838 0.2080091521851 20277.529000000  2562.999909863 12918.786000000   354.839050000    84.532056868   129.587172500    -375575  0.434334035057  0.434334035057  0.172494300000  0.060168375000  0.493378900000 18909.247   208.546     0.958935250     1.000000000  -55.31668
   0 10 0.9813219600000 0.6000000000000 0.0450000000000 0.6000000000000 0.0100000000000 0.8434205037510 0.1747354398294 23160.845500000  2412.309463306 13473.054000000   272.367550000   101.916087097   149.925802500    -247064  0.509861603380  0.509861603380  0.110992500000  0.063843625000  0.495341200000 19910.203   213.138     0.837016000     1.000000000  -57.44593
   0  7 0.9840495800000 0.6000000000000 0.0450000000000 0.6000000000000 0.0100000000000 0.7567911772875 0.1905377931424 26232.352000000  2423.255500369 13720.568000000   438.920875000    81.475746667   126.531522500    -900456  0.380220696643  0.380220696643  0.144489650000  0.065185250000  0.518540600000 23080.391   212.394     0.864827500     1.000000000  -55.72809
   0  7 0.9642111000000 0.6000000000000 0.0450000000000 0.6000000000000 0.0100000000000 0.6632947274200 0.2269336921194 25180.594000000  2355.081717841 12652.874000000   310.190500000    87.744803539   132.448960000    -112844  0.594552923531  0.594552923531  0.113115250000  0.087489000000  0.475368500000 20429.681   204.377     0.805298875     1.000000000  -56.04815
   0  7 0.9789959700000 0.6000000000000 0.0450000000000 0.6000000000000 0.0100000000000 0.5547804070095 0.1543730980842 22006.933000000  2332.561639632 12085.106000000   566.566525000    77.890209686   121.519275000    -217553  0.563936570582  0.563936570582  0.133761900000  0.083973750000  0.455835800000 18230.685   209.627     0.827802625     1.000000000  -56.11069
   0 10 0.9810594900000 0.6000000000000 0.0450000000000 0.6000000000000 0.0100000000000 0.9348145717810 0.1947087904147 26414.939500000  2357.609035595 13973.250000000   930.458350000    74.666612356   117.527397500    -914663  0.462257509776  0.462257509776  0.118848100000  0.059802875000  0.334094100000 24072.389   208.549     0.891111250     1.000000000  -54.08997
   0  6 0.9765619600000 0.6000000000000 0.0450000000000 0.6000000000000 0.0100000000000 0.7734431206693 0.2417128072517 24626.581000000  2506.479941368 13570.074000000   495.847000000    77.898481122   120.877010000    -254295  0.375430319828  0.375430319828  0.124485550000  0.074040437500  0.283132200000 21024.734   205.908     0.845201500     1.000000000  -57.10503
   0  8 0.9876217300000 0.6000000000000 0.0450000000000 0.6000000000000 0.0100000000000 0.8497339852492 0.1812113339342 21688.306000000  2513.103294135 13428.234000000   698.362300000    78.643741670   123.708475000    -983459  0.355630155938  0.355630155938  0.108276850000  0.110505437500  0.210862000000 19521.211   216.958     0.897671250     1.000000000  -54.76265
   0  8 0.9884862900000 0.6000000000000 0.0450000000000 0.6000000000000 0.0100000000000 0.8938594801006 0.1862766224981 22127.515000000  2696.588211441 14558.504000000   803.805175000    76.070235719   119.614417500    -430872  0.332871215703  0.332871215703  0.167226600000  0.064849125000  0.384220600000 19146.593   211.318     0.854486625     1.000000000  -55.95628
   0 11 0.9899566100000 0.6000000000000 0.0450000000000 0.6000000000000 0.0100000000000 0.9509802383362 0.1441495196136 21821.497000000  2332.990243305 12899.970000000   367.680700000    78.998762291   122.040477500    -291646  0.435465030773  0.435465030773  0.155314200000  0.066246625000  0.434672500000 20165.480   200.861     0.921740625     1.000000000  -55.90159
   0 10 0.9876079300000 0.6000000000000 0.0450000000000 0.6000000000000 0.0100000000000 0.6829934336280 0.1221237071681 24632.642500000  2091.648661185 11742.090000000   288.473500000    94.857607789   142.154825000    -595999  0.559483672814  0.559483672814  0.158146500000  0.052751500000  0.273023800000 19385.494   211.191     0.773135500     1.000000000  -56.24634
   0  7 0.9844465600000 0.6000000000000 0.0450000000000 0.6000000000000 0.0100000000000 0.7945170111276 0.1982855682591 21705.478000000  2557.460183387 13470.162000000   351.716500000    78.764627582   120.786367500    -132552  0.359753470866  0.359753470866  0.151994050000  0.050413000000  0.585052400000 17441.647   197.072     0.803958000     1.000000000  -55.05404
   0  7 0.9528251300000 0.6000000000000 0.0450000000000 0.6000000000000 0.0100000000000 0.7837341694894 0.2985589731802 22015.114000000  2507.009783516 12778.182000000   636.083200000    77.518485138   120.434782500    -322776  0.594841296030  0.594841296030  0.187404350000  0.097295625000  0.490585500000 17180.181   207.220     0.785554000     1.000000000  -52.99788
   0  8 0.9872269100000 0.6000000000000 0.0450000000000 0.6000000000000 0.0100000000000 0.9084724690181 0.1957268513814 25286.515000000  2405.223129437 13721.572000000   365.894875000    86.962953669   134.027745000    -542623  0.334991895701  0.334991895701  0.129308900000  0.073529250000  0.253453500000 21457.976   216.353     0.830724875     1.000000000  -56.46014
   0  6 0.9554662100000 0.6000000000000 0.0450000000000 0.6000000000000 0.0100000000000 0.7581908222954 0.3033178643263 23004.272500000  2365.457960496 11927.176000000   944.446150000    77.004823383   119.940945000    -544263  0.518725567946  0.518725567946  0.156299800000  0.052370312500  0.317752700000 18148.782   209.212     0.795397875     1.000000000  -56.24393
   0 11 0.9804708500000 0.6000000000000 0.0450000000000 0.6000000000000 0.0100000000000 0.9002196436610 0.1727212928094 21764.729500000  2361.654505215 12848.018000000   238.120075000   105.578164704   149.873445000    -627443  0.552557640631  0.552557640631  0.143929250000  0.062885812500  0.452031800000 19086.854   200.233     0.857019250     1.000000000  -58.26896
   0  6 0.9538854400000 0.6000000000000 0.0450000000000 0.6000000000000 0.0100000000000 0.8193519208549 0.3321526907404 25544.945500000  2533.622443853 13555.792000000   285.342400000    90.877498574   135.240937500    -793954  0.490398383534  0.490398383534  0.132795800000  0.063268562500  0.539888400000 20536.205   201.710     0.799338875     1.000000000  -57.53948
   0  6 0.9880343700000 0.6000000000000 0.0450000000000 0.6000000000000 0.0100000000000 0.5633051216699 0.1391724575415 23834.441500000  2284.199087681 12030.850000000   939.233350000    77.698686584   122.146427500    -660604  0.429593128882  0.429593128882  0.151418650000  0.095021312500  0.345830800000 19721.206   216.078     0.824493000     1.000000000  -55.37670
   0  9 0.9752697300000 0.6000000000000 0.0450000000000 0.6000000000000 0.0100000000000 0.7403960696600 0.1868596464965 22024.442500000  2534.663369753 13565.094000000   452.794150000    77.810958361   120.772977500    -247684  0.571299217745  0.571299217745  0.158937000000  0.073070250000  0.407404500000 18670.663   204.110     0.833803750     1.000000000  -56.08503
   0  9 0.9688228700000 0.6000000000000 0.0450000000000 0.6000000000000 0.0100000000000 0.9469240310617 0.2623412750836 25175.761000000  2359.387386451 13239.882000000   487.996075000    77.713896568   120.764625000    -546743  0.499154175288  0.499154175288  0.119890950000  0.060585000000  0.430909100000 21898.472   205.282     0.851124375     1.000000000  -56.94738
   0  6 0.9718168700000 0.6000000000000 0.0450000000000 0.6000000000000 0.0100000000000 0.9092869164375 0.3049106468744 22943.549500000  2510.978155163 13132.466000000   603.238375000    81.717678019   127.603600000    -422716  0.342986688726  0.342986688726  0.114373550000  0.081783750000  0.356912700000 18664.713   219.583     0.813230000     1.000000000  -55.92161
   0  7 0.9815005200000 0.6000000000000 0.0450000000000 0.6000000000000 0.0100000000000 0.6681311473859 0.1773767065986 25410.026500000  2183.947771338 11661.258000000   581.492575000    75.545562001   117.772772500    -555891  0.449387929947  0.449387929947  0.201470350000  0.051505500000  0.389688400000 19481.380   204.098     0.770530125     1.000000000  -53.35560
   0  6 0.9635951900000 0.6000000000000 0.0450000000000 0.6000000000000 0.0100000000000 0.7622956912102 0.2822426775080 23254.562500000  3028.873731637 15870.904000000   368.069500000    84.173483091   128.801907500    -772480  0.460894387283  0.460894387283  0.188091050000  0.061557812500  0.387631500000 21176.690   207.931     0.912310500     1.000000000  -54.15205
   0  6 0.9513892000000 0.6000000000000 0.0450000000000 0.6000000000000 0.0100000000000 0.7714827095585 0.3190259419502 19288.829500000  2924.055214248 13635.006000000   262.098550000    95.088073673   139.144902500    -578769  0.538575980981  0.538575980981  0.187128450000  0.087558500000  0.226187200000 16424.425   199.283     0.860181875     1.000000000  -52.34267
   0 10 0.9883876300000 0.6000000000000 0.0450000000000 0.6000000000000 0.0100000000000 0.6753752546570 0.1182148511780 22854.422500000  2323.303282934 12982.330000000   511.719400000    78.304819120   122.622585000    -754879  0.557443147367  0.557443147367  0.166553600000  0.112883250000  0.584978400000 20127.256   210.827     0.862310500     1.000000000  -54.75079
   0  6 0.9886531400000 0.6000000000000 0.0450000000000 0.6000000000000 0.0100000000000 0.5773349060841 0.1403151705301 24661.843000000  2475.997659850 13600.554000000   271.790650000    94.614739446   140.469342500    -783146  0.414872300475  0.414872300475  0.154081350000  0.080310625000  0.311989000000 20725.715   205.317     0.831269250     1.000000000  -56.98809
   0  6 0.9767335200000 0.6000000000000 0.0450000000000 0.6000000000000 0.0100000000000 0.6323632634448 0.1970754605827 21999.535000000  2577.143644280 13365.476000000   235.060975000   105.009114986   148.741437500     -61689  0.457986041038  0.457986041038  0.159610800000  0.078467312500  0.528596800000 19774.395   198.364     0.902531125     1.000000000  -57.08126
   0 11 0.9813567400000 0.6000000000000 0.0450000000000 0.6000000000000 0.0100000000000 0.8948748340977 0.1685913866195 25781.222500000  2125.153565025 12338.066000000   352.805950000    83.643341546   128.627057500    -705049  0.546553570718  0.546553570718  0.176513350000  0.061014062500  0.313807700000 21910.860   207.289     0.821680750     1.000000000  -55.87181
   0 11 0.9879106600000 0.6000000000000 0.0450000000000 0.6000000000000 0.0100000000000 0.9673579114449 0.1556378554030 20853.304000000  2712.650169187 14314.818000000   254.719675000   103.056886555   149.529075000    -487874  0.445573763654  0.445573763654  0.153566800000  0.054046125000  0.345841500000 19315.488   206.952     0.926530125     1.000000000  -57.03105
   0  6 0.9578128100000 0.6000000000000 0.0450000000000 0.6000000000000 0.0100000000000 0.9401582870733 0.3684265537229 23250.080500000  2803.948978439 14685.374000000   736.662250000    75.568414609   117.351247500    -292975  0.405112176130  0.405112176130  0.143123900000  0.054487125000  0.402655300000 18645.574   203.479     0.800658125     1.000000000  -55.43451
   0 10 0.9803214400000 0.6000000000000 0.0450000000000 0.6000000000000 0.0100000000000 0.8552677904224 0.1807876344475 24805.928500000  2387.909845019 13763.040000000   461.990575000    82.362983966   128.516590000    -842884  0.512197276612  0.512197276612  0.143894700000  0.061052500000  0.488017400000 21433.700   216.738     0.837181500     1.000000000  -57.07637
   0  8 0.9892806900000 0.6000000000000 0.0450000000000 0.6000000000000 0.0100000000000 0.8782083399632 0.1790208970655 23187.400000000  2230.294419163 12048.472000000   696.330550000    78.097906843   122.841862500      -9330  0.333985088529  0.333985088529  0.152561150000  0.067115625000  0.521550300000 20493.893   215.611     0.876183125     1.000000000  -56.23033
   0  7 0.9543793400000 0.6000000000000 0.0450000000000 0.6000000000000 0.0100000000000 0.8748431021408 0.3290036859096 24055.720000000  2536.934423891 13503.848000000   563.783725000    74.016739225   114.436485000    -726322  0.521107482552  0.521107482552  0.174634150000  0.067504187500  0.443550000000 20275.052   196.056     0.834794375     1.000000000  -53.97118
   0  8 0.9831741300000 0.6000000000000 0.0450000000000 0.6000000000000 0.0100000000000 0.6107735160258 0.1446845259168 22927.390000000  2835.892140606 15429.488000000   302.130100000    85.861636103   129.959070000    -294393  0.535199797413  0.535199797413  0.161483850000  0.072879062500  0.554225900000 21608.917   201.267     0.958420375     1.000000000  -54.16392
   0  7 0.9784408300000 0.6000000000000 0.0450000000000 0.6000000000000 0.0100000000000 0.7574692195392 0.2128520695827 24780.872500000  2654.481427464 14825.586000000   276.888250000    96.795406546   143.506987500    -692099  0.416783766616  0.416783766616  0.104570050000  0.069923375000  0.344241100000 21438.874   208.949     0.851468750     1.000000000  -56.23632
   0  6 0.9658770000000 0.6000000000000 0.0450000000000 0.6000000000000 0.0100000000000 0.8388727597133 0.3029077675616 21372.649000000  2573.555708410 12991.974000000   358.949800000    83.275476652   127.274115000    -710144  0.405418745331  0.405418745331  0.105966500000  0.087989875000  0.501195100000 18935.011   205.082     0.890465125     1.000000000  -55.87665
   0  6 0.9562148100000 0.6000000000000 0.0450000000000 0.6000000000000 0.0100000000000 0.6582327177886 0.2616350984900 23147.561500000  2692.448692087 14023.132000000   508.416400000    82.451687369   127.748420000      -8597  0.591434594919  0.591434594919  0.108574600000  0.085899750000  0.211912500000 19116.112   215.367     0.822589375     1.000000000  -55.70250
   0  7 0.9840188500000 0.6000000000000 0.0450000000000 0.6000000000000 0.0100000000000 0.9462143807836 0.2383896231883 23729.924500000  2677.604627400 14764.770000000   393.163750000    78.552860164   121.211695000    -772863  0.304261313621  0.304261313621  0.149898200000  0.069749625000  0.579323700000 20967.091   201.406     0.873550875     1.000000000  -55.96246
   0  8 0.9727795500000 0.6000000000000 0.0450000000000 0.6000000000000 0.0100000000000 0.8484455367320 0.2413391081224 20515.898500000  2465.924938905 12536.694000000   277.610725000   100.548408611   148.383515000    -167594  0.459580549841  0.459580549841  0.106120200000  0.083855750000  0.574302300000 16563.226   213.150     0.808479875     1.000000000  -52.43188
   0 10 0.9789803400000 0.6000000000000 0.0450000000000 0.6000000000000 0.0100000000000 0.8909894322327 0.1932529040383 27813.607000000  2573.278581075 15739.524000000   335.741050000    82.123469665   125.656167500    -629249  0.503962985190  0.503962985190  0.144942450000  0.063940562500  0.405008700000 23120.609   201.143     0.794285750     1.000000000  -52.88753
   0  7 0.9874620400000 0.6000000000000 0.0450000000000 0.6000000000000 0.0100000000000 0.7297947214702 0.1694548137953 22928.618500000  2533.695118772 13752.898000000   280.207000000    92.620237754   138.389277500    -863997  0.372051435955  0.372051435955  0.138552050000  0.053552250000  0.538808000000 19023.801   205.550     0.822692625     1.000000000  -58.59898
   0  7 0.9784948600000 0.6000000000000 0.0450000000000 0.6000000000000 0.0100000000000 0.6793875871747 0.1907302498412 23082.316000000  2677.993019654 14463.532000000   249.546025000    94.894161873   138.472250000    -795690  0.464276601721  0.464276601721  0.118609900000  0.052585812500  0.396252100000 18836.261   196.112     0.809790750     1.000000000  -56.89106
   0  6 0.9570549600000 0.6000000000000 0.0450000000000 0.6000000000000 0.0100000000000 0.9050747349841 0.3571006788462 22856.515000000  2546.622713873 13100.706000000   899.249950000    77.750030914   121.192520000    -552902  0.425217432395  0.425217432395  0.129251250000  0.076728187500  0.335459400000 17827.159   211.264     0.785646500     1.000000000  -55.87360
   0  8 0.9879491200000 0.6000000000000 0.0450000000000 0.6000000000000 0.0100000000000 0.7723468157875 0.1632947152573 22180.286500000  2394.040493614 12882.044000000   460.170775000    79.785168177   124.301957500    -135853  0.388975765689  0.388975765689  0.172067350000  0.063499812500  0.220614300000 18702.092   210.744     0.834750875     1.000000000  -56.51663
   0  7 0.9853498300000 0.6000000000000 0.0450000000000 0.6000000000000 0.0100000000000 0.9205443943691 0.2250577981098 22450.705000000  2311.613939258 12157.270000000   700.371550000    78.992482819   124.043842500    -517185  0.305793874239  0.305793874239  0.158447650000  0.064972937500  0.578119700000 19259.780   217.108     0.853959375     1.000000000  -56.42351
   0  8 0.9836539400000 0.6000000000000 0.0450000000000 0.6000000000000 0.0100000000000 0.5487799184867 0.1286577573755 24483.656500000  2487.538890304 14008.648000000   750.502000000    71.830954192   112.211145000     -84296  0.590689772091  0.590689772091  0.198592950000  0.068220750000  0.350173600000 22778.135   197.632     0.931961000     1.000000000  -51.17093
   0  7 0.9722738500000 0.6000000000000 0.0450000000000 0.6000000000000 0.0100000000000 0.6354795664086 0.1967035920172 26120.342500000  2512.939312075 14110.112000000   333.131950000    85.094692321   129.627635000    -124089  0.548206556557  0.548206556557  0.146470500000  0.088826687500  0.590260400000 23204.236   205.292     0.875614375     1.000000000  -54.76128
   0  7 0.9735920200000 0.6000000000000 0.0450000000000 0.6000000000000 0.0100000000000 0.6057998364260 0.1839953846169 23369.299000000  2336.335936963 12321.960000000   283.327075000    93.214302971   138.985132500    -344525  0.563244949287  0.563244949287  0.105409750000  0.053771312500  0.451966500000 20248.234   206.109     0.861475625     1.000000000  -57.95982
   0  6 0.9693827900000 0.6000000000000 0.0450000000000 0.6000000000000 0.0100000000000 0.9036614153927 0.3128802405764 28056.769000000  2046.969326281 10183.576000000   312.320800000    85.394787520   129.143937500    -749958  0.357720712737  0.357720712737  0.258688950000  0.076546812500  0.269209700000 20114.035   201.265     0.743969625     1.000000000  -47.73399
   0  7 0.9713512500000 0.6000000000000 0.0450000000000 0.6000000000000 0.0100000000000 0.6011080813401 0.1884579966142 24023.900500000  2650.399530764 14461.488000000   608.189950000    80.323139338   125.495877500    -778113  0.587987743444  0.587987743444  0.167210800000  0.060235437500  0.367941800000 21631.560   216.483     0.894849625     1.000000000  -55.81361
   0  6 0.9625694400000 0.6000000000000 0.0450000000000 0.6000000000000 0.0100000000000 0.6148412285813 0.2301055062427 22019.366500000  2820.348016474 14433.916000000   722.931625000    75.650189023   117.597142500    -537550  0.579770163726  0.579770163726  0.132486350000  0.072905125000  0.245533400000 20192.797   204.157     0.927207250     1.000000000  -55.58967
   0  6 0.9639025900000 0.6000000000000 0.0450000000000 0.6000000000000 0.0100000000000 0.5836194134000 0.2153794245311 22645.955500000  2591.529412021 13421.058000000   497.992600000    81.719354533   126.716317500    -280794  0.599380115432  0.599380115432  0.133274250000  0.153498437500  0.528131100000 20522.746   213.978     0.911034250     1.000000000  -53.26147
   0  6 0.9588706400000 0.6000000000000 0.0450000000000 0.6000000000000 0.0100000000000 0.8653520302015 0.3358279765222 22479.703000000  2722.168773003 14030.194000000   477.008875000    77.355413742   119.330107500    -308090  0.433757802526  0.433757802526  0.153119750000  0.053085312500  0.543236100000 18038.008   201.284     0.803751375     1.000000000  -55.62596
   0  6 0.9819392300000 0.6000000000000 0.0450000000000 0.6000000000000 0.0100000000000 0.8526340854896 0.2420180565352 22451.461000000  2593.578197267 13679.836000000   695.645425000    82.479636405   129.560652500    -823959  0.313242747263  0.313242747263  0.113335100000  0.072971375000  0.457524100000 19694.718   225.711     0.874669375     1.000000000  -55.59318
   0  8 0.9749418900000 0.6000000000000 0.0450000000000 0.6000000000000 0.0100000000000 0.8544699006023 0.2352637967427 25816.079500000  2381.358057706 13416.882000000   698.610700000    74.323908293   116.065385000    -606179  0.440237571969  0.440237571969  0.171123050000  0.097660625000  0.289981900000 21818.991   202.931     0.828416750     1.000000000  -53.97667
   0 10 0.9807429800000 0.6000000000000 0.0450000000000 0.6000000000000 0.0100000000000 0.7347484436326 0.1540170205947 20162.698000000  2534.418545022 13069.434000000   479.820475000    79.038332832   123.321172500    -644087  0.591583289170  0.591583289170  0.160951550000  0.080740250000  0.396325900000 17976.624   209.893     0.885457500     1.000000000  -54.94277
   0  9 0.9749168100000 0.6000000000000 0.0450000000000 0.6000000000000 0.0100000000000 0.8082412657902 0.2051356127942 22731.343000000  2525.477621888 13737.996000000   380.005075000    87.447184201   134.839302500    -468274  0.526574608751  0.526574608751  0.138009550000  0.084980937500  0.253289900000 21114.641   218.192     0.935020500     1.000000000  -55.01611
   0  7 0.9634045200000 0.6000000000000 0.0450000000000 0.6000000000000 0.0100000000000 0.7316053576029 0.2525040713900 24531.716500000  2197.125853286 11325.628000000   425.832625000    82.611859860   127.534927500    -145863  0.545620828834  0.545620828834  0.168898000000  0.051732250000  0.226223500000 21026.977   211.317     0.854617250     1.000000000  -55.21339
   0  6 0.9727197700000 0.6000000000000 0.0450000000000 0.6000000000000 0.0100000000000 0.6822102196838 0.2259149599266 22276.798000000  2806.701161189 14615.484000000   417.772000000    85.377212994   131.932437500    -243328  0.451052008447  0.451052008447  0.132319700000  0.076912437500  0.497952300000 19153.901   217.601     0.856588000     1.000000000  -55.91480
   0  7 0.9732609900000 0.6000000000000 0.0450000000000 0.6000000000000 0.0100000000000 0.6581470905682 0.2008642966786 25571.419000000  2375.801545761 13035.004000000   337.414150000    82.722757623   126.195635000    -881293  0.521164173141  0.521164173141  0.140244850000  0.057904437500  0.294737400000 22241.753   201.663     0.858441625     1.000000000  -56.73568
   0  6 0.9877680100000 0.6000000000000 0.0450000000000 0.6000000000000 0.0100000000000 0.5935442990708 0.1476613273811 24288.514000000  2430.636185661 13186.072000000   348.860125000    84.065645215   128.936262500    -654527  0.409506448429  0.409506448429  0.134299350000  0.061256312500  0.578657600000 19313.757   207.667     0.793864625     1.000000000  -57.61459
   0  6 0.9738087800000 0.6000000000000 0.0450000000000 0.6000000000000 0.0100000000000 0.9256075610770 0.3017602899276 22806.632500000  2593.125173564 13634.610000000   782.255800000    78.418060368   122.675592500    -545551  0.327069253831  0.327069253831  0.162037800000  0.055684687500  0.337301900000 19801.881   214.435     0.864722250     1.000000000  -57.28630
   0  7 0.9589352500000 0.6000000000000 0.0450000000000 0.6000000000000 0.0100000000000 0.7544096832277 0.2723780473878 26333.939500000  2822.206127081 15895.266000000   987.842575000    77.753728091   121.571372500    -918105  0.565475962911  0.565475962911  0.159070450000  0.102042687500  0.237607500000 19734.462   212.981     0.747498125     1.000000000  -50.72763
   0  7 0.9782787100000 0.6000000000000 0.0450000000000 0.6000000000000 0.0100000000000 0.8204477990892 0.2312021039063 25835.587000000  2410.941957199 13437.992000000   258.096925000    95.841931699   140.549747500    -606387  0.385805559547  0.385805559547  0.129120150000  0.091618875000  0.576459700000 20740.674   200.634     0.794042500     1.000000000  -55.97191
   0  6 0.9629194300000 0.6000000000000 0.0450000000000 0.6000000000000 0.0100000000000 0.7044413384685 0.2626832852581 25173.938500000  2613.536845179 14161.388000000   363.876625000    84.126274100   128.611815000    -373200  0.503535728209  0.503535728209  0.105956350000  0.052423500000  0.284827700000 21808.209   207.174     0.856602000     1.000000000  -57.24222
 
  COND2           1      931095  6.796062692109462E+044  1.103703086697236E+043
  1.624033115495956E-002         100
    931095  12746619    545891         0     17012         0         0         0         0         0     92169         0         0   6167214    931095
 PARAMETER FILE GB91C.PAR   
