  Aa Am            MSYL            MSYR           MORTJ           MORTA             K1+           PInit      ISEED   PTarget           CVADD              AR        PREG-MAX           GAMMA              P0   SSTILDA     LIKEL
   0 10 0.9815631000000 0.6000000000000 0.0450000000000 0.6000000000000 0.0100000000000 0.9396468005279 0.1937071791639 22063.592500000  2356.433549093 12559.420000000   731.247400000   129.070729111   146.410310000    -552254  0.455605142716  0.455605142716  0.111578350000  0.207332875000  0.325957300000 18985.451   156.256     0.846867750     1.000000000  -45.15290
   0  7 0.9792562100000 0.6000000000000 0.0450000000000 0.6000000000000 0.0100000000000 0.8943062071026 0.2476893397386 22071.881500000  2487.624205289 12828.330000000   536.928625000   130.731299547   146.337217500    -587426  0.348354150604  0.348354150604  0.202386550000  0.242719062500  0.347022900000 19982.032   152.185     0.912124750     1.000000000  -41.49143
   0  7 0.9815256500000 0.6000000000000 0.0450000000000 0.6000000000000 0.0100000000000 0.5731566702669 0.1520872732814 21818.675500000  2471.812115476 12701.684000000   641.472850000   130.919015655   148.109670000    -472529  0.523635525594  0.523635525594  0.121708850000  0.174436250000  0.475270800000 20017.808   157.336     0.930111250     1.000000000  -44.84846
   0  7 0.9836760300000 0.6000000000000 0.0450000000000 0.6000000000000 0.0100000000000 0.9439723145064 0.2396053801019 21968.026000000  2649.248001452 13806.288000000   946.555300000   129.924406737   148.267295000    -766936  0.306745406882  0.306745406882  0.195844800000  0.234438875000  0.339109500000 16322.284   160.439     0.757225625     1.000000000  -41.63487
   0  7 0.9867798700000 0.6000000000000 0.0450000000000 0.6000000000000 0.0100000000000 0.8946511242453 0.2113404034086 23843.837500000  2497.968653835 13488.732000000   750.390625000   131.104409753   149.371320000     -73553  0.307068314836  0.307068314836  0.109878050000  0.268616750000  0.333281900000 19888.466   160.983     0.827222250     1.000000000  -45.76435
   0  8 0.9709146800000 0.6000000000000 0.0450000000000 0.6000000000000 0.0100000000000 0.8923585180047 0.2605850959027 23207.731000000  2541.776329177 13506.750000000   885.823075000   130.093779815   148.437465000    -617115  0.450581621194  0.450581621194  0.132873100000  0.178707125000  0.421977300000 20117.037   160.383     0.858926125     1.000000000  -47.31146
   0  7 0.9840212200000 0.6000000000000 0.0450000000000 0.6000000000000 0.0100000000000 0.7878616298177 0.1984838566942 24764.389000000  2470.475538133 13461.510000000   496.633150000   133.262423210   149.470055000    -437034  0.365400401975  0.365400401975  0.136324500000  0.133082625000  0.490694500000 21702.734   156.016     0.867284125     1.000000000  -44.19089
   0  6 0.9501012500000 0.6000000000000 0.0450000000000 0.6000000000000 0.0100000000000 0.7747755614992 0.3235422209820 20793.539500000  2829.317893698 13656.098000000   853.571575000   131.261253738   149.615427500    -455373  0.545560057191  0.545560057191  0.129771900000  0.164473750000  0.313738800000 19205.827   161.227     0.947572750     1.000000000  -45.41178
   0  8 0.9803199700000 0.6000000000000 0.0450000000000 0.6000000000000 0.0100000000000 0.7805809956870 0.1958777757487 26779.129000000  2440.521309202 13855.090000000   654.455350000   130.354341215   147.489050000    -450435  0.439970449763  0.439970449763  0.157157300000  0.270901500000  0.373811200000 22449.159   156.664     0.820967125     1.000000000  -43.14311
   0  7 0.9853974400000 0.6000000000000 0.0450000000000 0.6000000000000 0.0100000000000 0.5871982029406 0.1434012129408 19560.760000000  2657.377197766 13014.064000000   915.337000000   128.824210948   146.344335000    -558862  0.479002756000  0.479002756000  0.116250550000  0.193478625000  0.332581500000 17925.848   156.934     0.937730375     1.000000000  -42.59960
   0 11 0.9813055100000 0.6000000000000 0.0450000000000 0.6000000000000 0.0100000000000 0.8397606892150 0.1583778154147 21873.134500000  2551.496583753 13679.342000000   664.031125000   130.456726936   148.264142500      -8870  0.582993874010  0.582993874010  0.132895450000  0.180489375000  0.388422800000 18885.945   158.695     0.841525375     1.000000000  -45.96413
   0 10 0.9662996800000 0.6000000000000 0.0450000000000 0.6000000000000 0.0100000000000 0.9450361090987 0.2484903327792 22077.713500000  2408.876470306 12608.410000000   638.995600000   130.260999067   147.393825000    -662191  0.596718329164  0.596718329164  0.141031550000  0.184450562500  0.437364800000 18507.126   156.332     0.823645125     1.000000000  -44.96549
   0  8 0.9898080100000 0.6000000000000 0.0450000000000 0.6000000000000 0.0100000000000 0.7105487878540 0.1426672788814 25667.282500000  2254.043914936 12414.252000000   825.503275000   129.196498691   146.864757500    -846869  0.408869245764  0.408869245764  0.210230100000  0.229135375000  0.577476400000 21415.197   157.583     0.822157375     1.000000000  -42.14147
   0  6 0.9815833100000 0.6000000000000 0.0450000000000 0.6000000000000 0.0100000000000 0.4819598633905 0.1377668123267 21864.710500000  2522.331577943 12831.384000000   893.897200000   130.767169957   149.254807500    -315645  0.557284978680  0.557284978680  0.123995350000  0.247954750000  0.386336800000 18878.251   161.587     0.865910500     1.000000000  -46.56029
   0  6 0.9807794700000 0.6000000000000 0.0450000000000 0.6000000000000 0.0100000000000 0.7300742664782 0.2119459891835 22608.088000000  2148.169422004 10323.240000000   841.745575000   130.353667420   148.354492500    -412684  0.372580419860  0.372580419860  0.157831400000  0.119518500000  0.460958600000 19051.594   159.676     0.851521875     1.000000000  -40.35814
   0 12 0.9832343300000 0.6000000000000 0.0450000000000 0.6000000000000 0.0100000000000 0.9336043393273 0.1524683948745 24005.432500000  2541.352211068 14519.932000000   710.423200000   130.678709620   149.260625000     -96776  0.578649971583  0.578649971583  0.108302900000  0.184173437500  0.528569600000 21580.584   161.309     0.871305375     1.000000000  -46.22340
   0  6 0.9542429600000 0.6000000000000 0.0450000000000 0.6000000000000 0.0100000000000 0.7090125029332 0.2865767790451 24309.628000000  3018.637569697 15843.876000000   974.567575000   130.562385251   148.898770000     -87177  0.563984939015  0.563984939015  0.124245750000  0.286026312500  0.372579900000 22737.234   160.730     0.950537375     1.000000000  -41.07996
   0  6 0.9606546100000 0.6000000000000 0.0450000000000 0.6000000000000 0.0100000000000 0.8714023030819 0.3324606597703 25645.142500000  2594.997282772 13824.220000000   800.226325000   131.149616232   149.287112500    -856700  0.420203853712  0.420203853712  0.199234050000  0.231957250000  0.586638200000 20366.669   160.532     0.792481000     1.000000000  -43.37409
   0  6 0.9540907200000 0.6000000000000 0.0450000000000 0.6000000000000 0.0100000000000 0.7142082728132 0.2890403695279 21405.440500000  2504.308473451 12182.300000000   620.155450000   131.438761375   148.326802500    -721765  0.561035536312  0.561035536312  0.209348500000  0.243205875000  0.568138700000 19653.324   156.627     0.938994625     1.000000000  -41.22903
   0 10 0.9887789000000 0.6000000000000 0.0450000000000 0.6000000000000 0.0100000000000 0.6854172721738 0.1186601535445 20062.906000000  3462.154268119 15985.082000000   892.992475000   130.565290458   149.868310000    -394307  0.545181965058  0.545181965058  0.156805200000  0.134752125000  0.221202000000 18448.738   163.801     0.925178125     1.000000000  -43.45378
   0  7 0.9805081300000 0.6000000000000 0.0450000000000 0.6000000000000 0.0100000000000 0.6876457123451 0.1860935782701 22226.834500000  3118.096475398 15998.706000000   892.093825000   129.321141293   147.049260000     -42463  0.443844456416  0.443844456416  0.124136250000  0.133979000000  0.375351000000 18952.923   157.962     0.847673125     1.000000000  -41.61446
   0  8 0.9693146200000 0.6000000000000 0.0450000000000 0.6000000000000 0.0100000000000 0.8097180034274 0.2415460817726 23591.495500000  2437.075872598 12921.176000000   777.301525000   130.283406336   148.223160000     -49071  0.509709470628  0.509709470628  0.171717200000  0.170059937500  0.561654000000 18810.233   159.159     0.793534250     1.000000000  -45.09402
   0  6 0.9896478300000 0.6000000000000 0.0450000000000 0.6000000000000 0.0100000000000 0.6507403216569 0.1538659331068 23410.285000000  2530.719306658 13424.398000000   916.460425000   130.871239104   149.588940000    -383906  0.362011217731  0.362011217731  0.272798050000  0.180294187500  0.446118200000 22042.251   162.420     0.962120125     1.000000000  -39.88191
   0  8 0.9863681500000 0.6000000000000 0.0450000000000 0.6000000000000 0.0100000000000 0.8969957207874 0.1974688318138 24514.787500000  2225.001913080 11905.906000000   529.091425000   132.976379335   149.902792500    -620651  0.344505634887  0.344505634887  0.132360200000  0.173460187500  0.358876300000 18863.085   157.955     0.771337000     1.000000000  -44.47861
   0  6 0.9586374300000 0.6000000000000 0.0450000000000 0.6000000000000 0.0100000000000 0.7010932643925 0.2726727005395 21756.832000000  2727.646879386 13601.386000000   815.338900000   131.225675435   149.467357500    -969030  0.537110981865  0.537110981865  0.140903000000  0.205380687500  0.532073900000 19937.392   160.911     0.931764875     1.000000000  -46.08312
   0  7 0.9775105600000 0.6000000000000 0.0450000000000 0.6000000000000 0.0100000000000 0.8502446315497 0.2427742312525 24055.882000000  2589.166329737 13952.744000000   889.535350000   129.675958992   147.603385000    -396228  0.376946438245  0.376946438245  0.131349850000  0.174081000000  0.420400300000 21593.056   158.856     0.893937500     1.000000000  -45.97457
   0 11 0.9822343000000 0.6000000000000 0.0450000000000 0.6000000000000 0.0100000000000 0.9215506520982 0.1703988839253 24706.406500000  2623.550290677 15082.168000000   932.651875000   129.963297960   149.147297500    -222143  0.521907608832  0.521907608832  0.130281200000  0.147999000000  0.522087600000 22040.732   162.913     0.863812875     1.000000000  -46.43087
   0  9 0.9810056100000 0.6000000000000 0.0450000000000 0.6000000000000 0.0100000000000 0.8072083840669 0.1838785664261 24985.357000000  2453.783333914 13793.702000000   815.355550000   130.481250994   149.065950000    -938722  0.473487066980  0.473487066980  0.136212400000  0.194221812500  0.472499100000 19642.310   161.426     0.773048625     1.000000000  -45.82968
   0  8 0.9885289600000 0.6000000000000 0.0450000000000 0.6000000000000 0.0100000000000 0.7452548761263 0.1551274768366 22510.402000000  2462.499510760 13148.596000000   703.171225000   130.938142412   148.958147500    -558406  0.398939727108  0.398939727108  0.139787150000  0.222070062500  0.598250900000 20106.798   159.962     0.889594750     1.000000000  -46.56838
   0 10 0.9880541200000 0.6000000000000 0.0450000000000 0.6000000000000 0.0100000000000 0.9094685104868 0.1606630453989 24638.137000000  2297.441485170 12995.328000000   986.468275000   130.078420333   149.374862500    -103746  0.416603773557  0.416603773557  0.200791600000  0.238089625000  0.367247300000 21081.939   163.465     0.833642500     1.000000000  -44.23386
   0  6 0.9840011900000 0.6000000000000 0.0450000000000 0.6000000000000 0.0100000000000 0.5232904943001 0.1423117174845 23538.548500000  2303.874115166 11743.946000000   789.112675000   130.887488174   149.015152500    -339944  0.493876789892  0.493876789892  0.172412500000  0.250440375000  0.370540100000 18772.510   160.469     0.803266875     1.000000000  -44.08901
   0  7 0.9586036800000 0.6000000000000 0.0450000000000 0.6000000000000 0.0100000000000 0.8431885774040 0.3053863769667 23596.855000000  2556.501709602 13315.792000000   715.723750000   130.873608991   148.506625000    -191513  0.508410359497  0.508410359497  0.102779650000  0.200396000000  0.574838200000 19688.371   158.559     0.830301250     1.000000000  -45.95093
   0  6 0.9829234400000 0.6000000000000 0.0450000000000 0.6000000000000 0.0100000000000 0.7582414823149 0.2109713650657 22071.530500000  2718.093067402 14037.222000000   676.661275000   129.474014754   145.925930000    -765824  0.346772694030  0.346772694030  0.172007750000  0.255534375000  0.262646000000 19609.161   153.981     0.890982500     1.000000000  -43.44477
   0 10 0.9874727800000 0.6000000000000 0.0450000000000 0.6000000000000 0.0100000000000 0.7786657617365 0.1397348159495 23200.319500000  2291.614584371 12580.778000000   980.665300000   129.276012289   147.999137500    -792261  0.492005637978  0.492005637978  0.166239950000  0.194409500000  0.473074400000 18494.648   160.997     0.783361625     1.000000000  -45.34508
   0  6 0.9621781500000 0.6000000000000 0.0450000000000 0.6000000000000 0.0100000000000 0.5998373506351 0.2253936743410 25393.394500000  2476.466437876 12969.968000000   971.399125000   131.041747537   149.761352500    -694852  0.597554307573  0.597554307573  0.193871500000  0.147882812500  0.252870800000 22030.510   162.415     0.862347500     1.000000000  -44.84198
   0  7 0.9668236500000 0.6000000000000 0.0450000000000 0.6000000000000 0.0100000000000 0.8193428332552 0.2720972273778 23764.606000000  2478.233949409 12981.576000000   873.522325000   130.765655958   149.252435000    -545235  0.462614263446  0.462614263446  0.173347000000  0.172871687500  0.251222600000 18234.839   161.381     0.772831000     1.000000000  -45.29968
   0  6 0.9845449000000 0.6000000000000 0.0450000000000 0.6000000000000 0.0100000000000 0.6237009254260 0.1676067485566 23315.866000000  2272.754087672 11478.374000000   985.492900000   129.961999924   148.219455000    -854563  0.410756108409  0.410756108409  0.127752450000  0.203313125000  0.237298500000 20429.277   160.277     0.878070875     1.000000000  -44.82773
   0 10 0.9823088600000 0.6000000000000 0.0450000000000 0.6000000000000 0.0100000000000 0.7797480413226 0.1582470366489 25423.594000000  2444.972762424 14072.820000000   673.727050000   130.432936709   148.165180000    -187613  0.541473886806  0.541473886806  0.123450900000  0.253983125000  0.567618600000 22660.127   158.510     0.869030500     1.000000000  -44.61497
   0  7 0.9834474500000 0.6000000000000 0.0450000000000 0.6000000000000 0.0100000000000 0.8307104407955 0.2118949189662 18984.067000000  2615.091005492 12562.658000000   764.242525000   130.479571452   148.397100000    -747727  0.349906680775  0.349906680775  0.151942000000  0.188643937500  0.279860600000 17148.310   159.399     0.923016750     1.000000000  -43.12207
   0  8 0.9749634900000 0.6000000000000 0.0450000000000 0.6000000000000 0.0100000000000 0.8084493739432 0.2225176734810 20806.688500000  2477.906167012 12492.288000000   923.080150000   130.611450437   149.473045000    -883210  0.465130015960  0.465130015960  0.174641000000  0.126258062500  0.457380100000 18468.574   162.502     0.892648250     1.000000000  -45.06105
   0 10 0.9838733600000 0.6000000000000 0.0450000000000 0.6000000000000 0.0100000000000 0.9328083292713 0.1829023403458 26263.847500000  2201.652124607 12532.586000000   993.616750000   130.199996741   149.547535000    -105820  0.439590098559  0.439590098559  0.165312900000  0.253062125000  0.368772200000 22648.568   163.721     0.840279125     1.000000000  -44.50976
   0  7 0.9563105100000 0.6000000000000 0.0450000000000 0.6000000000000 0.0100000000000 0.8863804978272 0.3278208331590 25785.650500000  2793.700273001 15286.136000000   764.653600000   128.904852985   145.591017500    -565934  0.500129194674  0.500129194674  0.184436900000  0.185409750000  0.570923600000 22681.084   154.034     0.868571125     1.000000000  -41.13213
   0  8 0.9787486900000 0.6000000000000 0.0450000000000 0.6000000000000 0.0100000000000 0.8402198375812 0.2170579280100 24736.322500000  2318.504072304 12512.404000000   868.865725000   130.046552915   148.365152500    -772442  0.419870044889  0.419870044889  0.151112350000  0.204964625000  0.533611400000 19389.372   160.326     0.780847250     1.000000000  -45.67539
   0  9 0.9748062100000 0.6000000000000 0.0450000000000 0.6000000000000 0.0100000000000 0.9049733264367 0.2300896342165 24739.481500000  2603.945256787 14552.384000000   986.203000000   127.657755275   144.943877500    -959249  0.471196516292  0.471196516292  0.227645250000  0.299246250000  0.261268200000 19609.171   155.117     0.777243375     1.000000000  -39.17857
   0  9 0.9866548900000 0.6000000000000 0.0450000000000 0.6000000000000 0.0100000000000 0.6734197905484 0.1351668378165 25984.546000000  2576.853004207 14981.832000000   711.852400000   129.801796641   147.330092500    -241724  0.512231273184  0.512231273184  0.131253450000  0.135367000000  0.232204700000 21646.990   157.476     0.809536500     1.000000000  -43.05517
   0  9 0.9885855200000 0.6000000000000 0.0450000000000 0.6000000000000 0.0100000000000 0.7448692400578 0.1420616062906 22825.694500000  2799.843349042 15218.942000000   932.330125000   130.285898676   149.327770000    -373953  0.446845397593  0.446845397593  0.142479150000  0.157042312500  0.291651200000 19176.282   162.834     0.823838250     1.000000000  -45.84491
   0  7 0.9868233300000 0.6000000000000 0.0450000000000 0.6000000000000 0.0100000000000 0.5695973108383 0.1344087830423 22340.599000000  2726.485257110 14398.426000000   942.573025000   130.281773762   148.885152500    -825807  0.481945052272  0.481945052272  0.126539150000  0.266330937500  0.234206700000 20230.226   161.554     0.907579875     1.000000000  -45.39979
   0  6 0.9664453500000 0.6000000000000 0.0450000000000 0.6000000000000 0.0100000000000 0.6585553845545 0.2362543526579 24537.022000000  2550.954534703 13393.330000000   959.371300000   127.776160129   144.341782500     -34105  0.512226572424  0.512226572424  0.184138850000  0.270967125000  0.483841300000 22282.794   153.018     0.910639875     1.000000000  -41.73774
   0  8 0.9786727000000 0.6000000000000 0.0450000000000 0.6000000000000 0.0100000000000 0.6194703523851 0.1602486448037 25303.390000000  2359.330118760 12926.258000000   955.982125000   130.556573005   149.526800000    -981484  0.570228694938  0.570228694938  0.163702950000  0.230941375000  0.540837700000 23409.204   162.857     0.928521250     1.000000000  -43.58199
   0 11 0.9767312700000 0.6000000000000 0.0450000000000 0.6000000000000 0.0100000000000 0.9423364145888 0.1940457238781 28841.564500000  2264.507840866 13625.764000000   997.082650000   128.104084203   146.170330000    -555167  0.566554776196  0.566554776196  0.140110650000  0.228783125000  0.348942900000 22688.617   157.875     0.755961125     1.000000000  -42.16701
   0  6 0.9629219200000 0.6000000000000 0.0450000000000 0.6000000000000 0.0100000000000 0.7402131308437 0.2760152706887 22126.610500000  2768.737527763 13996.092000000   701.088850000   131.296807098   148.926980000    -272949  0.479184843199  0.479184843199  0.119518500000  0.165784062500  0.372274400000 18803.522   158.992     0.850573625     1.000000000  -46.05546
   0  7 0.9690642900000 0.6000000000000 0.0450000000000 0.6000000000000 0.0100000000000 0.8743794998029 0.2825074022824 22302.029500000  2378.221795940 12018.576000000   788.560300000   131.251059818   149.676852500     -45240  0.418837510603  0.418837510603  0.117429550000  0.225507187500  0.534393200000 18006.028   161.530     0.811728625     1.000000000  -45.57063
   0  7 0.9709360500000 0.6000000000000 0.0450000000000 0.6000000000000 0.0100000000000 0.7536214930038 0.2376071227739 23749.229500000  2552.179500467 13525.548000000   842.348125000   130.589976460   148.869682500    -601454  0.472042994967  0.472042994967  0.150293950000  0.200005937500  0.479525500000 20774.279   160.608     0.869586500     1.000000000  -46.76192
   0 11 0.9881106600000 0.6000000000000 0.0450000000000 0.6000000000000 0.0100000000000 0.8661341156252 0.1385776973099 21102.905500000  2577.701106347 13644.122000000   587.522125000   130.897806791   148.077040000     -65960  0.495710212602  0.495710212602  0.157080000000  0.237935875000  0.551640800000 17902.900   157.004     0.828513750     1.000000000  -43.86421
   0  7 0.9849158200000 0.6000000000000 0.0450000000000 0.6000000000000 0.0100000000000 0.9367770492493 0.2313264370950 24227.197000000  2307.214825323 12185.196000000   724.770550000   130.030136582   147.410920000    -473878  0.302712269236  0.302712269236  0.126302650000  0.235106625000  0.577181900000 21073.634   157.319     0.864564500     1.000000000  -44.89645
   0 11 0.9896089500000 0.6000000000000 0.0450000000000 0.6000000000000 0.0100000000000 0.8088052079245 0.1238992323810 22384.001500000  2623.086140445 14399.934000000   845.267950000   129.915211714   148.786775000    -258567  0.515517198553  0.515517198553  0.122464650000  0.208441937500  0.566392400000 20053.968   161.821     0.877300500     1.000000000  -46.62426
   0  8 0.9858318900000 0.6000000000000 0.0450000000000 0.6000000000000 0.0100000000000 0.7582918442169 0.1691257742763 22764.904000000  2420.606760017 12901.988000000   626.900500000   131.069317912   148.393785000     -19409  0.411414936489  0.411414936489  0.150002100000  0.191665125000  0.352498700000 20272.515   157.803     0.886591125     1.000000000  -45.94226
   0 10 0.9871854500000 0.6000000000000 0.0450000000000 0.6000000000000 0.0100000000000 0.9041989476231 0.1635019240381 20280.944500000  2583.709012534 13252.802000000   861.938425000   129.743523336   148.339217500    -709365  0.426020202091  0.426020202091  0.189923550000  0.144722937500  0.595398800000 18540.971   160.881     0.919668625     1.000000000  -43.76501
   0  6 0.9839690700000 0.6000000000000 0.0450000000000 0.6000000000000 0.0100000000000 0.6668495580503 0.1814796813853 24830.242000000  2662.428325965 14511.510000000   776.286550000   129.960235514   147.412772500    -836004  0.387755243835  0.387755243835  0.129455150000  0.224022500000  0.399670200000 20842.771   157.592     0.831632125     1.000000000  -45.25489
   0 10 0.9897227400000 0.6000000000000 0.0450000000000 0.6000000000000 0.0100000000000 0.8082673306897 0.1361377904572 25963.904500000  2283.951861904 13243.258000000   903.533950000   130.394918026   149.638372500     -45888  0.454045353813  0.454045353813  0.105624750000  0.234543437500  0.410119400000 21407.037   163.484     0.800105875     1.000000000  -45.08939
   0  6 0.9841752500000 0.6000000000000 0.0450000000000 0.6000000000000 0.0100000000000 0.7501535605783 0.2032367799807 25045.486000000  2525.890650989 13651.502000000   955.375075000   130.596227909   149.194812500    -236595  0.343554825799  0.343554825799  0.135458850000  0.193415125000  0.346408600000 20845.121   161.850     0.825736500     1.000000000  -47.06244
   0 10 0.9803596400000 0.6000000000000 0.0450000000000 0.6000000000000 0.0100000000000 0.8861768860203 0.1871802048609 23295.062500000  2361.664604810 12918.794000000   997.766425000   128.442989546   146.564945000    -221218  0.493983521183  0.493983521183  0.131125500000  0.166161437500  0.350743100000 19219.578   158.402     0.806805250     1.000000000  -45.91008
   0 10 0.9899424400000 0.6000000000000 0.0450000000000 0.6000000000000 0.0100000000000 0.9058114441550 0.1515683343619 23335.832500000  2475.955762107 13836.944000000   875.062900000   129.651107601   148.276427500    -292442  0.403442707874  0.403442707874  0.134074050000  0.134488875000  0.553865800000 20301.919   160.907     0.849455625     1.000000000  -46.81841
   0  6 0.9598158900000 0.6000000000000 0.0450000000000 0.6000000000000 0.0100000000000 0.6701946018702 0.2577787141211 24067.505500000  2666.109767066 13916.560000000   944.710525000   130.105008257   148.110872500    -339746  0.552776021934  0.552776021934  0.107998750000  0.219172875000  0.202205200000 20792.740   159.367     0.859690000     1.000000000  -46.16330
   0  7 0.9847537000000 0.6000000000000 0.0450000000000 0.6000000000000 0.0100000000000 0.7754549507479 0.1921963927949 22626.286000000  2382.357285101 12386.526000000   913.260700000   130.765982701   149.576265000    -557786  0.366690775670  0.366690775670  0.107604900000  0.151596937500  0.575268200000 19803.342   162.575     0.874027125     1.000000000  -47.16009
   0  9 0.9714170400000 0.6000000000000 0.0450000000000 0.6000000000000 0.0100000000000 0.7824192442242 0.2092693282284 22079.981500000  2721.985338404 14247.304000000   573.991975000   130.100821588   146.182127500    -936396  0.577906645394  0.577906645394  0.148464100000  0.159198437500  0.327185300000 19370.957   153.002     0.867419250     1.000000000  -43.19557
   0  6 0.9861771900000 0.6000000000000 0.0450000000000 0.6000000000000 0.0100000000000 0.5864591300003 0.1517796070749 24563.185000000  2351.599323867 12325.012000000   815.912425000   130.804402277   149.035367500    -398748  0.425422742466  0.425422742466  0.162447850000  0.161234375000  0.434476300000 21344.815   160.754     0.864582875     1.000000000  -45.68056
   0  9 0.9712895800000 0.6000000000000 0.0450000000000 0.6000000000000 0.0100000000000 0.8221842381064 0.2203007098883 19298.833000000  3163.391966530 14561.336000000   938.829700000   127.320726332   144.214512500    -781132  0.551161215452  0.551161215452  0.162944200000  0.169717250000  0.448922200000 17073.884   153.546     0.887543375     1.000000000  -39.87794
   0  8 0.9862479800000 0.6000000000000 0.0450000000000 0.6000000000000 0.0100000000000 0.7415199140428 0.1637241065246 23503.961500000  2411.805129868 13041.342000000   394.895800000   133.268926614   145.984690000    -899903  0.417628798501  0.417628798501  0.186421150000  0.262566437500  0.385462900000 20140.895   145.747     0.847192375     1.000000000  -41.24099
   0 10 0.9788931200000 0.6000000000000 0.0450000000000 0.6000000000000 0.0100000000000 0.9738403098831 0.2115676991185 21300.208000000  2475.675139996 12946.906000000   768.251350000   130.331258404   148.716022500    -290019  0.461827180676  0.461827180676  0.170589000000  0.251134312500  0.534708400000 19492.889   160.563     0.918950250     1.000000000  -44.36020
   0  8 0.9823801300000 0.6000000000000 0.0450000000000 0.6000000000000 0.0100000000000 0.9353585484188 0.2253082106239 22599.326500000  2518.447709882 13396.060000000   719.324425000   129.803972615   147.167040000    -774657  0.354337941674  0.354337941674  0.156744600000  0.197254875000  0.460646800000 20179.214   157.015     0.889612375     1.000000000  -45.45800
   0  8 0.9692747900000 0.6000000000000 0.0450000000000 0.6000000000000 0.0100000000000 0.9502749135710 0.2836220419194 26548.076500000  2415.857971949 13410.976000000   893.772775000   130.202219975   148.632660000    -810111  0.434598840513  0.434598840513  0.131994000000  0.163998625000  0.282253100000 23319.378   160.732     0.864911250     1.000000000  -45.02140
   0  6 0.9771163500000 0.6000000000000 0.0450000000000 0.6000000000000 0.0100000000000 0.6405697606511 0.1983879117998 25323.505000000  2457.466559698 13080.740000000   953.528275000   130.684552721   149.265630000    -972988  0.449476044171  0.449476044171  0.127478200000  0.136837937500  0.540263800000 19803.622   161.829     0.784185750     1.000000000  -46.22276
   0  8 0.9899568400000 0.6000000000000 0.0450000000000 0.6000000000000 0.0100000000000 0.8842053060937 0.1767646442816 25449.581500000  2160.970720174 11619.530000000   872.513650000   130.264339055   148.857820000    -646426  0.327681955972  0.327681955972  0.194675000000  0.201919437500  0.425908300000 19023.913   161.399     0.753861000     1.000000000  -43.11014
   0  7 0.9829718200000 0.6000000000000 0.0450000000000 0.6000000000000 0.0100000000000 0.6969480484513 0.1795745353356 22941.281500000  2452.788891380 12898.148000000   897.438925000   130.964607715   149.832137500    -390668  0.420394850545  0.420394850545  0.158080000000  0.219088500000  0.586246800000 18062.246   162.897     0.790522375     1.000000000  -45.95636
   0  9 0.9876049000000 0.6000000000000 0.0450000000000 0.6000000000000 0.0100000000000 0.7373778531997 0.1444142522745 22866.451000000  2335.145265905 12598.094000000   614.062900000   129.264935398   145.498002500     -94969  0.459670946114  0.459670946114  0.123268350000  0.253160812500  0.221488300000 21056.190   152.910     0.924474375     1.000000000  -43.10127
   0  8 0.9630778200000 0.6000000000000 0.0450000000000 0.6000000000000 0.0100000000000 0.9420921289061 0.3025767758058 21935.653000000  2419.939144908 12294.600000000   662.985325000   129.230184121   145.621762500    -168864  0.484200171479  0.484200171479  0.149246900000  0.199903000000  0.268369900000 19223.755   153.310     0.877361375     1.000000000  -43.95039
   0  6 0.9749349400000 0.6000000000000 0.0450000000000 0.6000000000000 0.0100000000000 0.6775380812496 0.2172064222085 22478.663500000  2613.720793484 13433.440000000   606.809575000   131.316788561   148.135117500    -534289  0.439302130516  0.439302130516  0.154174200000  0.121975000000  0.247234400000 19500.358   156.485     0.867827375     1.000000000  -43.81630
   0  9 0.9797806600000 0.6000000000000 0.0450000000000 0.6000000000000 0.0100000000000 0.7972541457514 0.1859799577877 23562.686500000  2790.906628976 15281.246000000   770.055625000   129.624200127   147.378582500    -643749  0.490000910372  0.490000910372  0.155437700000  0.193611437500  0.282695600000 19085.940   158.079     0.793891000     1.000000000  -43.53393
   0  8 0.9711001100000 0.6000000000000 0.0450000000000 0.6000000000000 0.0100000000000 0.7467144071827 0.2175010058022 26126.147500000  2576.893000273 14484.926000000   957.142675000   130.579577289   149.492382500    -245967  0.536831905571  0.536831905571  0.127535600000  0.218791812500  0.255206800000 21359.523   162.622     0.802493750     1.000000000  -45.61387
   0  7 0.9774341100000 0.6000000000000 0.0450000000000 0.6000000000000 0.0100000000000 0.8977330242866 0.2566646625722 21963.908500000  2834.416243120 14631.566000000   787.423600000   128.969845137   145.983910000    -752102  0.357447994947  0.357447994947  0.129828050000  0.206179687500  0.314953900000 18217.286   155.341     0.827463125     1.000000000  -43.60702
   0  7 0.9605868000000 0.6000000000000 0.0450000000000 0.6000000000000 0.0100000000000 0.9366321795241 0.3327955240382 23147.413000000  2671.819083193 13912.342000000   781.396750000   129.010406130   145.886735000    -461105  0.444485681110  0.444485681110  0.149420000000  0.253973250000  0.426137400000 20524.791   154.774     0.885268125     1.000000000  -44.62898
   0 12 0.9876459900000 0.6000000000000 0.0450000000000 0.6000000000000 0.0100000000000 0.9323365246653 0.1360871638428 22717.235500000  2201.047507203 12187.868000000   604.568350000   131.318507809   149.151100000    -501227  0.531225396946  0.531225396946  0.146085000000  0.204886875000  0.238276000000 20033.149   159.331     0.862497125     1.000000000  -45.90879
   0  6 0.9641953800000 0.6000000000000 0.0450000000000 0.6000000000000 0.0100000000000 0.9057892580226 0.3332214048413 25780.574500000  2623.002805537 14102.484000000   748.746775000   130.953514540   148.709295000    -844258  0.384591015856  0.384591015856  0.183876050000  0.253872812500  0.294168400000 22795.450   159.171     0.877122875     1.000000000  -42.93787
   0 10 0.9825185600000 0.6000000000000 0.0450000000000 0.6000000000000 0.0100000000000 0.9358123867880 0.1890692745984 20841.559000000  2806.207829509 14358.012000000   613.768600000   129.520701212   146.024470000    -720591  0.449414015563  0.449414015563  0.133703200000  0.283200812500  0.475272600000 18109.994   153.899     0.855817250     1.000000000  -42.43836
   0  6 0.9557898000000 0.6000000000000 0.0450000000000 0.6000000000000 0.0100000000000 0.9272176138184 0.3699100090596 23397.595000000  3018.835794436 15552.502000000   783.757225000   131.225627440   149.281750000    -383957  0.422300442392  0.422300442392  0.140540150000  0.131772562500  0.267413600000 20161.991   160.271     0.857359125     1.000000000  -44.72231
   0  6 0.9599253200000 0.6000000000000 0.0450000000000 0.6000000000000 0.0100000000000 0.8750829981148 0.3362327709971 26215.112500000  2281.776112652 11558.534000000   798.853375000   131.553272874   149.935227500    -707680  0.422707948984  0.422707948984  0.167361750000  0.176039000000  0.485172100000 22207.242   161.613     0.845773250     1.000000000  -44.02843
   0  7 0.9821320200000 0.6000000000000 0.0450000000000 0.6000000000000 0.0100000000000 0.5827753024907 0.1527766628575 25432.193500000  2421.443734032 13212.278000000   967.594375000   130.412501592   149.130885000    -593074  0.509839400416  0.509839400416  0.160206300000  0.117519562500  0.517439700000 20401.829   162.027     0.796746875     1.000000000  -45.54286
   0  8 0.9822628400000 0.6000000000000 0.0450000000000 0.6000000000000 0.0100000000000 0.5647290654490 0.1363612347485 25364.126500000  2348.961179425 12932.328000000   743.340925000   131.402925225   149.966330000    -823636  0.588084415699  0.588084415699  0.106330600000  0.168705437500  0.418386800000 20288.849   162.077     0.791592875     1.000000000  -45.89529
   0  7 0.9732596400000 0.6000000000000 0.0450000000000 0.6000000000000 0.0100000000000 0.6110981719526 0.1865087851239 27649.514500000  2520.995138335 14194.578000000   836.524225000   130.584281357   148.855610000    -187372  0.561300968405  0.561300968405  0.187537950000  0.126078812500  0.573990700000 22299.033   160.595     0.795158000     1.000000000  -42.46298
   0 10 0.9873993100000 0.6000000000000 0.0450000000000 0.6000000000000 0.0100000000000 0.6973784007878 0.1253924629897 26660.545000000  2307.790351766 13517.392000000   453.990250000   133.316408672   148.651282500    -168503  0.550122901379  0.550122901379  0.151467100000  0.204510437500  0.571308100000 22931.481   153.282     0.832833125     1.000000000  -43.18143
   0  9 0.9774279800000 0.6000000000000 0.0450000000000 0.6000000000000 0.0100000000000 0.8856833260469 0.2156133294056 27325.352500000  2482.600761959 14470.316000000   994.849300000   128.991243111   147.227360000    -480068  0.459846206646  0.459846206646  0.151783600000  0.218277000000  0.574815300000 20395.158   159.232     0.736127750     1.000000000  -42.28722
   0  6 0.9679338700000 0.6000000000000 0.0450000000000 0.6000000000000 0.0100000000000 0.9374162573196 0.3304324975685 20613.220000000  2428.412420902 11714.478000000   828.923050000   130.393306482   148.245552500    -519364  0.352194967403  0.352194967403  0.130012250000  0.184677937500  0.230172500000 18501.688   159.130     0.913410000     1.000000000  -44.27268
   0  8 0.9858067300000 0.6000000000000 0.0450000000000 0.6000000000000 0.0100000000000 0.9848469127567 0.2197882893239 25567.801000000  2650.030387610 15108.144000000   761.913550000   130.516956196   148.664607500     -71088  0.316913805639  0.316913805639  0.115286250000  0.298969937500  0.266408300000 21265.968   160.097     0.814571125     1.000000000  -42.90262
   0 11 0.9863301700000 0.6000000000000 0.0450000000000 0.6000000000000 0.0100000000000 0.8855686915124 0.1486298553702 24753.494500000  2586.993782509 14989.312000000   807.347575000   130.527402692   149.558325000    -371662  0.501914098124  0.501914098124  0.108859500000  0.156040437500  0.499866200000 22229.733   162.776     0.871528375     1.000000000  -45.92589
   0  7 0.9896552100000 0.6000000000000 0.0450000000000 0.6000000000000 0.0100000000000 0.6444114874576 0.1410026797448 25525.937500000  2377.814480192 13057.536000000   970.476625000   130.588049764   149.512955000    -668089  0.405630260826  0.405630260826  0.183777550000  0.269032812500  0.463925200000 19486.531   162.833     0.765344000     1.000000000  -43.52543
   0  7 0.9558500400000 0.6000000000000 0.0450000000000 0.6000000000000 0.0100000000000 0.9176058213285 0.3407488417304 20889.214000000  2907.858586631 14213.378000000   753.563575000   131.287576742   149.415032500    -315774  0.486355044267  0.486355044267  0.124362350000  0.145050125000  0.254296200000 18272.590   160.440     0.878723875     1.000000000  -45.11876
   0  7 0.9783878200000 0.6000000000000 0.0450000000000 0.6000000000000 0.0100000000000 0.7437536395623 0.2091916419008 21873.904000000  2117.863084992 10197.754000000   951.985225000   130.960657561   149.962300000     -57642  0.424835453607  0.424835453607  0.104796700000  0.241536250000  0.527933300000 18250.780   163.331     0.844450875     1.000000000  -39.65126
   0 12 0.9895711500000 0.6000000000000 0.0450000000000 0.6000000000000 0.0100000000000 0.8882113316175 0.1225320867071 21080.495500000  2549.356230700 13594.288000000   842.160475000   129.334325912   148.008205000    -557038  0.536727341718  0.536727341718  0.193611500000  0.151625125000  0.413703300000 19051.145   160.680     0.890838875     1.000000000  -44.12414
   0  9 0.9737660400000 0.6000000000000 0.0450000000000 0.6000000000000 0.0100000000000 0.8690322777801 0.2245522719256 20552.591500000  2487.908728767 12565.078000000   791.230825000   131.096179531   149.877670000    -217167  0.499636112721  0.499636112721  0.113008400000  0.182568000000  0.455189900000 18776.713   162.453     0.925777000     1.000000000  -45.28557
 
  COND2           1       98247  8.480745749819874E+039  1.178351257369323E+038
  1.389442971326373E-002         100
     98247  16106285    689070         0     22173         0         0         0         0         0    318605   2025111         0   6640509     98247
 PARAMETER FILE GB91A.PAR   
