  Aa Am            MSYL            MSYR           MORTJ           MORTA             K1+           PInit      ISEED   PTarget           CVADD              AR        PREG-MAX           GAMMA              P0   SSTILDA     LIKEL
   0  6 0.9611773100000 0.6000000000000 0.0450000000000 0.6000000000000 0.0200000000000 0.7637453319879 0.3971472561557 23702.290000000  2623.255546536 13272.380000000   525.546100000   109.196643958   134.787335000    -872637  0.475947091727  0.475947091727  0.133161800000  0.052677500000  0.208291500000 19960.425   205.204     0.843391000     0.995588356  -59.06166
   0  6 0.9546546100000 0.6000000000000 0.0450000000000 0.6000000000000 0.0200000000000 0.7270703256946 0.3913817278589 20621.158000000  3230.264106796 14994.076000000   396.623575000   117.598112442   147.525255000    -973153  0.546921354394  0.546921354394  0.165045850000  0.072411312500  0.568098500000 18436.876   199.968     0.908734875     0.994921092  -55.27013
   0  7 0.9835107200000 0.6000000000000 0.0450000000000 0.6000000000000 0.0200000000000 0.5455568499178 0.2253779146344 24556.178500000  2419.825908519 12705.066000000   746.549875000   101.254206510   127.510390000    -831063  0.532232483761  0.532232483761  0.128072500000  0.097510062500  0.367605400000 20937.504   217.257     0.848658625     0.996753132  -55.78015
   0  7 0.9601242100000 0.6000000000000 0.0450000000000 0.6000000000000 0.0200000000000 0.9505501552670 0.4709609560845 20004.815500000  2704.312657689 12784.576000000   411.856975000   117.953089987   145.548962500    -866909  0.440988377041  0.440988377041  0.159297050000  0.087743750000  0.412993300000 17348.242   195.982     0.880024875     0.995249926  -54.58711
   0  8 0.9681111900000 0.6000000000000 0.0450000000000 0.6000000000000 0.0200000000000 0.7932428876722 0.3526962259978 23665.732000000  2510.837776272 13080.854000000   470.304775000   114.150525715   139.876802500    -633382  0.530552406478  0.530552406478  0.136814500000  0.072363000000  0.397833200000 21061.828   206.396     0.889864875     0.995067914  -57.58413
   0  9 0.9802497600000 0.6000000000000 0.0450000000000 0.6000000000000 0.0200000000000 0.9637385720241 0.3632846293812 22719.287500000  2813.435604521 14823.978000000   750.711700000    95.388846835   122.920187500    -561788  0.401978458833  0.401978458833  0.164046200000  0.058628500000  0.236048800000 19134.301   212.000     0.830438250     0.997018175  -56.21258
   0  7 0.9759873900000 0.6000000000000 0.0450000000000 0.6000000000000 0.0200000000000 0.7783887615153 0.3454269287477 24790.741000000  2337.140261535 11991.806000000   616.379275000   105.747263575   129.713727500    -518890  0.421960995800  0.421960995800  0.129191650000  0.054186437500  0.308827400000 21760.844   206.678     0.878026250     0.996045574  -56.05575
   0  6 0.9747965900000 0.6000000000000 0.0450000000000 0.6000000000000 0.0200000000000 0.6565258180031 0.3112532661270 25701.586000000  2597.494640895 13766.464000000   783.712675000    96.427780068   117.422910000    -697574  0.454311097804  0.454311097804  0.140869300000  0.051808812500  0.548550100000 22912.077   200.482     0.888865250     0.996777350  -54.53783
   0  7 0.9737205500000 0.6000000000000 0.0450000000000 0.6000000000000 0.0200000000000 0.8222149915386 0.3717500905479 24006.350500000  2481.333464374 12845.476000000   413.086150000   121.459543784   144.245030000    -707831  0.414150472426  0.414150472426  0.159194200000  0.055869687500  0.313824700000 20926.522   197.819     0.870624250     0.994291858  -57.90006
   0  7 0.9561888800000 0.6000000000000 0.0450000000000 0.6000000000000 0.0200000000000 0.8716763438571 0.4412234463922 21047.002000000  2744.234502131 13293.302000000   401.669875000   117.730963057   142.460292500     -56498  0.509466463260  0.509466463260  0.130697750000  0.058001437500  0.354946800000 19947.185   193.679     0.999484625     0.994879929  -53.74724
   0  6 0.9649937000000 0.6000000000000 0.0450000000000 0.6000000000000 0.0200000000000 0.9015010911662 0.4582182786153 23326.949500000  2428.393987175 11949.226000000   484.063525000   119.032170143   148.647740000    -408082  0.382051675544  0.382051675544  0.134948500000  0.106536562500  0.508375200000 18947.507   217.594     0.820134750     0.995281317  -54.41190
   0  6 0.9847913600000 0.6000000000000 0.0450000000000 0.6000000000000 0.0200000000000 0.4429730003256 0.1911725735599 23089.876000000  2472.707472681 12542.504000000   513.594100000   113.492139340   142.600530000    -106084  0.576043454574  0.576043454574  0.132995100000  0.052351000000  0.493001500000 20290.156   219.336     0.882414125     0.995558758  -56.94286
   0  7 0.9877257500000 0.6000000000000 0.0450000000000 0.6000000000000 0.0200000000000 0.6760476804609 0.2661473195003 21899.702500000  2436.077700703 12297.006000000   478.040950000   114.715919864   143.341107500     -30869  0.399810630606  0.399810630606  0.127852350000  0.122235062500  0.580757900000 18301.372   210.415     0.840000250     0.995465683  -54.81526
   0  8 0.9822124800000 0.6000000000000 0.0450000000000 0.6000000000000 0.0200000000000 0.5865141200429 0.2311285915129 24291.740500000  2300.407265243 12003.792000000   668.239525000   104.170064709   130.275587500    -112786  0.566735915499  0.566735915499  0.126468850000  0.117948500000  0.446267500000 19516.166   211.805     0.803035500     0.996414423  -54.45363
   0  8 0.9813030600000 0.6000000000000 0.0450000000000 0.6000000000000 0.0200000000000 0.7418818273740 0.2950990741305 23800.475500000  2469.858641878 13080.972000000   385.137100000   123.217384830   143.233987500    -222622  0.455153352947  0.455153352947  0.134699150000  0.070147062500  0.440297000000 19518.980   186.801     0.815433125     0.993907716  -56.56330
   0  8 0.9686679300000 0.6000000000000 0.0450000000000 0.6000000000000 0.0200000000000 0.7775738599222 0.3443676431323 21873.202000000  2477.246746157 12411.158000000   822.206800000    98.619800778   126.341007500    -608736  0.536384643629  0.536384643629  0.117044600000  0.055371750000  0.599212100000 19449.347   214.031     0.896288375     0.997392025  -56.96491
   0  6 0.9639325700000 0.6000000000000 0.0450000000000 0.6000000000000 0.0200000000000 0.6320882384107 0.3233903665022 23349.980500000  3006.750271737 15346.242000000   860.797450000    94.500631545   122.244057500     -41260  0.553183976222  0.553183976222  0.131566150000  0.108290562500  0.221162000000 21214.651   218.044     0.916455375     0.997344666  -53.60033
   0  7 0.9842554400000 0.6000000000000 0.0450000000000 0.6000000000000 0.0200000000000 0.8181774170086 0.3352974049781 23079.130000000  2727.586156608 14317.204000000   738.485650000    96.590138328   122.009375000    -516664  0.350477009405  0.350477009405  0.121581150000  0.122992312500  0.419722400000 20728.653   208.718     0.900111375     0.996913715  -54.63178
   0  7 0.9563565900000 0.6000000000000 0.0450000000000 0.6000000000000 0.0200000000000 0.8387848887030 0.4242034356890 25165.109500000  2634.389993717 13836.170000000   547.199650000   108.232791592   133.842040000    -167076  0.528153992711  0.528153992711  0.135108850000  0.059155000000  0.380398400000 23191.543   214.009     0.931544625     0.995506117  -55.05383
   0  6 0.9873661800000 0.6000000000000 0.0450000000000 0.6000000000000 0.0200000000000 0.5080155954022 0.2128784490226 24515.341000000  2841.859701437 15272.188000000   874.376875000    92.394133636   115.455002500    -369049  0.481631896084  0.481631896084  0.189198900000  0.090360937500  0.343091900000 22353.688   206.706     0.914039750     0.997225586  -52.23480
   0  6 0.9631484400000 0.6000000000000 0.0450000000000 0.6000000000000 0.0200000000000 0.6366160738886 0.3272515142800 24163.828000000  2541.083196326 12865.254000000   424.126900000   117.458506032   138.053487500    -284298  0.555383136213  0.555383136213  0.167053650000  0.076680937500  0.571150100000 20245.525   188.884     0.839031000     0.994424160  -55.28181
   0  6 0.9838161000000 0.6000000000000 0.0450000000000 0.6000000000000 0.0200000000000 0.5313990118082 0.2317576608607 21397.394500000  2761.203324191 13779.966000000   739.318825000    97.711017498   125.173315000    -961612  0.487788202533  0.487788202533  0.155638900000  0.050239750000  0.362054300000 19538.600   210.876     0.930117500     0.997142596  -56.93095
   0  8 0.9817026100000 0.6000000000000 0.0450000000000 0.6000000000000 0.0200000000000 0.8071131395009 0.3197412499803 23687.980000000  2854.852452555 15298.498000000   433.810675000   111.682630988   136.329395000    -464309  0.415489522267  0.415489522267  0.140188850000  0.080243562500  0.573436500000 21177.420   199.125     0.888647875     0.994615633  -55.92659
   0 10 0.9738788700000 0.6000000000000 0.0450000000000 0.6000000000000 0.0200000000000 0.8879141882049 0.3318402307272 22434.073000000  2448.498197240 12783.628000000   501.183775000   110.982049084   139.027805000    -872968  0.554925226473  0.554925226473  0.168202400000  0.054609000000  0.239284700000 18689.599   207.989     0.820992250     0.995603072  -57.33169
   0  6 0.9658611400000 0.6000000000000 0.0450000000000 0.6000000000000 0.0200000000000 0.6758355450568 0.3416390573650 21784.939000000  2589.577256039 12660.318000000   573.102100000   105.458939636   131.724275000    -764657  0.503335618317  0.503335618317  0.194638300000  0.068590750000  0.328410100000 20090.064   205.271     0.946620125     0.996276923  -54.32726
   0  7 0.9782967800000 0.6000000000000 0.0450000000000 0.6000000000000 0.0200000000000 0.8883291637451 0.3862976849547 25263.835000000  2536.730457904 13583.012000000   486.443800000   111.555811742   134.757922500    -251294  0.356219839467  0.356219839467  0.148465850000  0.061219062500  0.362479100000 21218.577   202.273     0.833255625     0.994888025  -57.76589
   0 12 0.9823224100000 0.6000000000000 0.0450000000000 0.6000000000000 0.0200000000000 0.9507177374775 0.2800004118514 24372.902500000  2296.707734731 12838.734000000   387.263800000   127.240861462   148.951875000    -176427  0.578468108590  0.578468108590  0.123350400000  0.085622437500  0.352154100000 20851.776   195.065     0.829355750     0.993791877  -57.18408
   0 11 0.9838122600000 0.6000000000000 0.0450000000000 0.6000000000000 0.0200000000000 0.9813391930731 0.3080779673648 26795.680000000  2033.105376818 11110.082000000   453.079675000   121.529314159   143.134862500    -848231  0.475497503892  0.475497503892  0.165789600000  0.068059187500  0.595974300000 21402.496   198.606     0.788195000     0.994161091  -54.04952
   0  8 0.9637296900000 0.6000000000000 0.0450000000000 0.6000000000000 0.0200000000000 0.7943791371863 0.3636804813542 23464.973500000  2572.336296747 13342.202000000   772.985800000    99.523537874   127.405772500    -709534  0.568331154830  0.568331154830  0.168554300000  0.063542312500  0.598847600000 20143.929   218.448     0.854228625     0.997028623  -56.41153
   0  7 0.9740425700000 0.6000000000000 0.0450000000000 0.6000000000000 0.0200000000000 0.7031142503239 0.3170814843548 23370.662500000  2524.383482427 12991.518000000   446.745700000   117.115446849   142.888935000    -888262  0.481840073481  0.481840073481  0.202406150000  0.077238937500  0.491613200000 20605.427   205.529     0.883128625     0.994860994  -54.97617
   0  8 0.9790708700000 0.6000000000000 0.0450000000000 0.6000000000000 0.0200000000000 0.7447064238094 0.3027728387227 22123.883500000  2941.275077677 15057.792000000   581.938075000   100.015846794   127.658655000    -938177  0.471127516028  0.471127516028  0.126245900000  0.073673562500  0.248484500000 18847.852   205.359     0.847447000     0.996256508  -55.85143
   0  6 0.9592601500000 0.6000000000000 0.0450000000000 0.6000000000000 0.0200000000000 0.8172927737795 0.4295632763272 23982.847000000  2761.977601040 14158.724000000   945.067375000    95.431355969   121.949705000    -124786  0.456794662921  0.456794662921  0.110235750000  0.078050000000  0.367037100000 20139.821   214.869     0.838929000     0.997518780  -56.65349
   0  6 0.9715001500000 0.6000000000000 0.0450000000000 0.6000000000000 0.0200000000000 0.6226691226678 0.3028123112713 23034.107500000  2441.156554570 12084.474000000   733.426750000   103.933156389   133.071465000    -538062  0.503222064694  0.503222064694  0.196745400000  0.050970750000  0.455041100000 19852.853   222.724     0.867186500     0.996917983  -53.97358
   0 11 0.9851263300000 0.6000000000000 0.0450000000000 0.6000000000000 0.0200000000000 0.8965665360142 0.2770150077274 23386.430500000  2741.467417886 15005.778000000   645.523300000    96.707727945   122.574225000    -776825  0.507442187514  0.507442187514  0.180352250000  0.051817750000  0.508873200000 21564.152   209.197     0.916432375     0.996420303  -55.24689
   0  9 0.9865732000000 0.6000000000000 0.0450000000000 0.6000000000000 0.0200000000000 0.9068043008120 0.3186799194971 23282.453500000  2380.079315237 12660.906000000   978.215725000    95.528600034   122.206357500    -351391  0.380970582181  0.380970582181  0.161097850000  0.082877312500  0.251598200000 19588.385   216.412     0.832549250     0.997646062  -56.03546
   0  7 0.9795142100000 0.6000000000000 0.0450000000000 0.6000000000000 0.0200000000000 0.6491780772705 0.2791400646767 23947.963000000  2788.801263170 14839.476000000   440.602300000   115.582883368   142.720650000     -46934  0.477872786443  0.477872786443  0.171267800000  0.082439625000  0.264792400000 18785.161   206.332     0.786033375     0.994646797  -54.80633
   0  6 0.9719817300000 0.6000000000000 0.0450000000000 0.6000000000000 0.0200000000000 0.8934109270663 0.4329261307626 24707.365000000  2364.361508931 11830.214000000   443.982925000   114.108614095   131.334340000    -877859  0.348228400909  0.348228400909  0.146243300000  0.171411000000  0.241312300000 17367.187   174.786     0.732624375     0.994537870  -46.65679
   0  7 0.9503718600000 0.6000000000000 0.0450000000000 0.6000000000000 0.0200000000000 0.8126882384576 0.4232437163850 23614.837000000  2489.297124728 12449.570000000   479.794375000   115.938297568   142.482425000    -791763  0.594092432168  0.594092432168  0.101527350000  0.051485937500  0.221854900000 19942.364   207.530     0.846634250     0.995195064  -57.92228
   0  6 0.9752872500000 0.6000000000000 0.0450000000000 0.6000000000000 0.0200000000000 0.5212292052279 0.2461260246278 23296.196500000  2698.888408733 13867.134000000   701.850925000    98.816837991   123.744712500    -836336  0.568004990289  0.568004990289  0.146073250000  0.094021250000  0.545169600000 19360.136   204.081     0.832532250     0.996737545  -56.28129
   0  6 0.9872442900000 0.6000000000000 0.0450000000000 0.6000000000000 0.0200000000000 0.6349790976051 0.2664682472850 22903.022500000  2675.173852119 13833.624000000   589.582900000   102.536625687   127.712735000    -478122  0.386103966261  0.386103966261  0.178382400000  0.091516250000  0.568302100000 19463.776   203.540     0.850622250     0.996156349  -55.33256
   0 11 0.9829760600000 0.6000000000000 0.0450000000000 0.6000000000000 0.0200000000000 0.8869385002721 0.2811869130219 21182.339500000  2503.253352743 12950.276000000   718.356475000    96.417981272   122.319880000    -435356  0.534623744343  0.534623744343  0.133660150000  0.061620187500  0.257061000000 19391.605   202.893     0.921102875     0.997090229  -55.84945
   0  6 0.9859334800000 0.6000000000000 0.0450000000000 0.6000000000000 0.0200000000000 0.5030049178578 0.2143301546044 24949.055500000  2820.193189999 15241.270000000   739.290925000    94.463060285   116.069057500    -997620  0.497980458588  0.497980458588  0.139931050000  0.069937750000  0.585716200000 20763.254   197.414     0.827101750     0.996663759  -54.33103
   0  8 0.9883097800000 0.6000000000000 0.0450000000000 0.6000000000000 0.0200000000000 0.9471250842614 0.3479386646356 26088.415000000  2210.416999576 11716.020000000   889.122700000    96.394611812   116.458992500    -342669  0.315149248821  0.315149248821  0.172734400000  0.060342125000  0.406983000000 20092.411   192.760     0.773551000     0.997094634  -51.38437
   0  8 0.9858443100000 0.6000000000000 0.0450000000000 0.6000000000000 0.0200000000000 0.6541592059599 0.2476525159227 24584.893000000  2543.876734093 13854.144000000   399.613600000   122.678767842   145.440672500    -644913  0.476801362815  0.476801362815  0.165262950000  0.053847375000  0.536240600000 20095.992   197.517     0.809177500     0.993918347  -57.87126
   0  7 0.9882462600000 0.6000000000000 0.0450000000000 0.6000000000000 0.0200000000000 0.4691588721007 0.1835130968324 23445.466000000  2470.527859629 12911.628000000   907.561000000    98.049086530   126.288520000    -538865  0.570964205392  0.570964205392  0.107455800000  0.081325250000  0.463965100000 18739.291   222.450     0.802089500     0.997442129  -55.05112
   0  6 0.9744199000000 0.6000000000000 0.0450000000000 0.6000000000000 0.0200000000000 0.9118840292617 0.4336269893365 22358.135500000  2826.317259542 14278.780000000   416.785150000   118.275338682   145.793070000    -411609  0.328953267435  0.328953267435  0.141851800000  0.061431687500  0.452107000000 20401.099   205.897     0.925935500     0.994729375  -57.57994
   0  7 0.9643852900000 0.6000000000000 0.0450000000000 0.6000000000000 0.0200000000000 0.6559206104002 0.3168165393428 20690.561500000  2645.783555278 12789.432000000   805.640950000    96.857200985   123.430177500    -439796  0.599659706249  0.599659706249  0.138517550000  0.063546937500  0.371495300000 17515.788   201.406     0.855245500     0.997485685  -55.69231
   0  8 0.9844642300000 0.6000000000000 0.0450000000000 0.6000000000000 0.0200000000000 0.6645398108394 0.2555867483605 23250.836500000  2620.970948337 13935.160000000   742.351150000    97.251952348   123.085775000    -954226  0.480916493839  0.480916493839  0.131301450000  0.076265500000  0.370811800000 19817.745   209.673     0.845417000     0.996906545  -57.42653
   0  8 0.9821803600000 0.6000000000000 0.0450000000000 0.6000000000000 0.0200000000000 0.8992484025346 0.3544868629162 26718.595000000  2435.533690695 13490.538000000   644.516875000   103.241718028   127.137582500    -228536  0.369846453644  0.369846453644  0.140001000000  0.062494562500  0.465110000000 20964.510   210.716     0.778359125     0.995911124  -56.29973
   0  9 0.9853018800000 0.6000000000000 0.0450000000000 0.6000000000000 0.0200000000000 0.7652512180929 0.2730645906564 21058.612000000  2384.913778628 12058.014000000   421.179175000   118.652006646   144.995455000     -30145  0.462092861818  0.462092861818  0.128185150000  0.052648312500  0.248411600000 18604.828   198.938     0.887085000     0.995059108  -57.59237
   0  8 0.9824160800000 0.6000000000000 0.0450000000000 0.6000000000000 0.0200000000000 0.7743194546987 0.3044887063970 25393.327000000  2560.511995039 14095.032000000   354.354850000   130.459821654   146.506607500    -827721  0.427764284881  0.427764284881  0.151485850000  0.062897625000  0.350315700000 23395.145   187.359     0.922632000     0.992930892  -53.78991
   0  6 0.9690427000000 0.6000000000000 0.0450000000000 0.6000000000000 0.0200000000000 0.7804517590654 0.3862682797803 27241.031500000  2553.768042912 13625.250000000   988.877125000    96.644181984   121.331815000    -387088  0.416257392148  0.416257392148  0.135081250000  0.097082625000  0.435810600000 21139.760   218.159     0.778302750     0.997299092  -53.89268
   0  7 0.9834485200000 0.6000000000000 0.0450000000000 0.6000000000000 0.0200000000000 0.8996411473848 0.3719017866467 23866.126000000  2583.141129574 13662.120000000   925.755850000    97.015944387   125.492627500    -509859  0.323090952218  0.323090952218  0.160717100000  0.059980250000  0.527958400000 19560.081   225.267     0.817441250     0.997455327  -55.46549
   0  6 0.9564155800000 0.6000000000000 0.0450000000000 0.6000000000000 0.0200000000000 0.7103484895044 0.3790120828198 25094.666500000  2702.294109905 14019.906000000   500.394700000   110.675150739   135.013665000    -160377  0.546542493822  0.546542493822  0.168191300000  0.082940687500  0.303607700000 20123.378   203.032     0.802778375     0.995099478  -55.94671
   0  6 0.9682773000000 0.6000000000000 0.0450000000000 0.6000000000000 0.0200000000000 0.8087989623016 0.4024028658432 24635.639500000  2324.809638729 11451.218000000   484.405525000   117.264267240   141.907142500    -530584  0.406171392046  0.406171392046  0.129794200000  0.068082000000  0.515781400000 20647.327   205.256     0.842740000     0.995014954  -55.95878
   0  9 0.9889158700000 0.6000000000000 0.0450000000000 0.6000000000000 0.0200000000000 0.6084218416761 0.2075331217695 22491.164500000  2229.480043144 11471.224000000   957.544525000    98.693755606   127.990252500    -730373  0.543703395976  0.543703395976  0.129961500000  0.091029437500  0.307746500000 19889.786   226.293     0.885114750     0.997673227  -53.07102
   0  8 0.9824326700000 0.6000000000000 0.0450000000000 0.6000000000000 0.0200000000000 0.7911647192674 0.3110587027159 24707.837500000  2579.819913595 14049.544000000   595.708075000   103.729419659   129.556622500     -76715  0.418535863134  0.418535863134  0.146630450000  0.053249375000  0.238598100000 19172.645   209.739     0.773873500     0.995908441  -56.96034
   0  7 0.9673384000000 0.6000000000000 0.0450000000000 0.6000000000000 0.0200000000000 0.8531038799555 0.4042110445539 24201.452500000  2696.222398638 14161.498000000   749.473975000    98.712141932   125.321645000    -124639  0.440824278970  0.440824278970  0.163981400000  0.069357500000  0.253943700000 19150.777   213.128     0.792188125     0.996835798  -56.01412
   0  7 0.9592275200000 0.6000000000000 0.0450000000000 0.6000000000000 0.0200000000000 0.8623003266903 0.4293966827123 24578.656000000  2579.743385318 13391.744000000   468.344125000   118.526466471   146.944772500     -75893  0.492599097043  0.492599097043  0.104054650000  0.094265062500  0.594754300000 20381.326   216.473     0.826549375     0.994868821  -55.21312
   0  6 0.9794566100000 0.6000000000000 0.0450000000000 0.6000000000000 0.0200000000000 0.7325483516439 0.3335827067146 23606.278000000  2490.311231868 12677.618000000   752.564800000    98.668762480   121.706020000    -333697  0.379083573718  0.379083573718  0.107683400000  0.100985562500  0.226926400000 20421.803   200.240     0.866689625     0.996910683  -55.12611
   0  8 0.9889582400000 0.6000000000000 0.0450000000000 0.6000000000000 0.0200000000000 0.5885467773934 0.2144140276308 20459.725000000  2296.344816887 11235.872000000   472.856500000   114.217763762   142.118132500    -458580  0.501270774812  0.501270774812  0.159322200000  0.055579562500  0.509411200000 15976.793   201.036     0.796159875     0.995713679  -53.90812
   0  6 0.9746816900000 0.6000000000000 0.0450000000000 0.6000000000000 0.0200000000000 0.6566331690888 0.3115927742690 21842.530000000  3212.482244584 15784.098000000   529.902325000   100.432453068   127.235472500    -384948  0.455025728680  0.455025728680  0.176050250000  0.069015750000  0.379980500000 18381.836   196.346     0.845341125     0.995949624  -53.49019
   0  7 0.9895409500000 0.6000000000000 0.0450000000000 0.6000000000000 0.0200000000000 0.4481106186126 0.1724040007445 23100.757000000  2332.878221449 11893.538000000   732.716425000   101.255773570   126.855710000    -175306  0.584486877145  0.584486877145  0.136196600000  0.073599750000  0.354028300000 19400.132   208.907     0.841261500     0.996875451  -56.79932
   0 10 0.9785206100000 0.6000000000000 0.0450000000000 0.6000000000000 0.0200000000000 0.9445888671104 0.3382420336111 25908.338500000  2206.250226114 12019.756000000   405.085600000   126.971904575   147.404095000    -819903  0.479396176576  0.479396176576  0.150887750000  0.082243312500  0.459063300000 22199.511   196.874     0.842360000     0.993704016  -55.33064
   0  7 0.9828945600000 0.6000000000000 0.0450000000000 0.6000000000000 0.0200000000000 0.9064803925820 0.3769240319208 22776.352000000  2445.383716739 12485.160000000   552.425950000   108.902747552   136.766487500    -651848  0.323638195160  0.323638195160  0.105017150000  0.060615625000  0.210758000000 20802.663   215.731     0.925286625     0.995931688  -55.07831
   0  6 0.9628862300000 0.6000000000000 0.0450000000000 0.6000000000000 0.0200000000000 0.7350189093947 0.3784261016818 24618.953500000  2416.408505054 12059.860000000   575.193700000   110.108627631   136.484030000    -859010  0.482814308435  0.482814308435  0.127018850000  0.070792125000  0.516160900000 18699.325   210.008     0.774050875     0.995811433  -56.11223
   0  7 0.9749350900000 0.6000000000000 0.0450000000000 0.6000000000000 0.0200000000000 0.7025421027958 0.3145275013017 22612.610500000  2817.290616898 14477.034000000   562.734325000   107.178421862   139.325537500    -418592  0.475441930216  0.475441930216  0.120016300000  0.050392000000  0.539811900000 19884.090   226.711     0.880143250     0.996051030  -54.59307
   0  7 0.9888370800000 0.6000000000000 0.0450000000000 0.6000000000000 0.0200000000000 0.8568728034803 0.3326791110398 24067.937500000  2471.898814780 13075.502000000   866.889550000    94.271354691   115.170855000    -347919  0.309432159374  0.309432159374  0.150309850000  0.093470125000  0.578438800000 18841.353   191.495     0.786737875     0.997249879  -53.18013
   0  7 0.9775905400000 0.6000000000000 0.0450000000000 0.6000000000000 0.0200000000000 0.9266505787703 0.4055286351908 23776.364500000  2562.290280408 13397.646000000   949.940875000    96.430182162   123.753682500    -446530  0.345418814430  0.345418814430  0.130200000000  0.066139125000  0.519730500000 19396.124   219.245     0.815143750     0.997537253  -57.12945
   0  6 0.9895987900000 0.6000000000000 0.0450000000000 0.6000000000000 0.0200000000000 0.5029673473289 0.2049916036512 21250.312000000  2305.968666610 11076.360000000   812.213875000    99.703848429   125.060475000    -922904  0.468756023877  0.468756023877  0.189231350000  0.071855625000  0.500000500000 17484.838   201.035     0.836031250     0.997406954  -52.35071
   0  9 0.9677369600000 0.6000000000000 0.0450000000000 0.6000000000000 0.0200000000000 0.8716993940659 0.3653596212595 24841.541500000  2339.649411529 12380.286000000   876.917575000    97.460593003   121.846615000    -359755  0.552311977174  0.552311977174  0.162035650000  0.061579687500  0.326838100000 17880.636   204.655     0.729118250     0.997223768  -54.49770
   0  7 0.9753827200000 0.6000000000000 0.0450000000000 0.6000000000000 0.0200000000000 0.9308819919440 0.4152091559700 26443.060000000  2500.785026780 13508.050000000   639.298450000   101.818652621   123.289322500    -644771  0.356266318077  0.356266318077  0.131829450000  0.055770625000  0.267877200000 20953.910   199.765     0.789663375     0.995934341  -56.13998
   0  7 0.9664208100000 0.6000000000000 0.0450000000000 0.6000000000000 0.0200000000000 0.8618864378894 0.4108811288497 22786.801000000  2652.009083392 13495.106000000   774.809425000    95.584543524   118.419295000    -206283  0.442489456652  0.442489456652  0.145100400000  0.052170250000  0.585099300000 18891.906   193.085     0.830128875     0.997119015  -54.77588
   0 11 0.9863696000000 0.6000000000000 0.0450000000000 0.6000000000000 0.0200000000000 0.9760941222181 0.2968902912042 22882.273000000  2715.885893690 14714.080000000   825.191200000    92.564873634   118.986712500    -541065  0.455017274698  0.455017274698  0.132284000000  0.068411375000  0.500679200000 19897.221   210.702     0.847102125     0.997257876  -56.71050
   0  6 0.9790317500000 0.6000000000000 0.0450000000000 0.6000000000000 0.0200000000000 0.7306691366983 0.3340290138758 24482.900500000  2568.427914153 13391.232000000   632.500750000   101.120239806   123.167480000    -218118  0.382577175907  0.382577175907  0.115570450000  0.062815562500  0.412190500000 21659.055   199.030     0.884221000     0.996188592  -56.01429
   0  6 0.9752751500000 0.6000000000000 0.0450000000000 0.6000000000000 0.0200000000000 0.6231092954915 0.2942632662642 23561.633500000  2591.001047041 13265.908000000   404.675425000   123.255641493   147.666792500    -221089  0.475221741332  0.475221741332  0.118926400000  0.052266937500  0.569731200000 21340.718   202.959     0.913626000     0.994277305  -58.15509
   0  6 0.9858994900000 0.6000000000000 0.0450000000000 0.6000000000000 0.0200000000000 0.5995335021097 0.2555597076454 22529.288500000  2811.116748090 14455.546000000   980.595325000    92.831137430   118.996105000     -25319  0.418033960387  0.418033960387  0.151484850000  0.053545500000  0.249470300000 20665.743   212.842     0.930119625     0.997728740  -56.36569
   0  6 0.9823614000000 0.6000000000000 0.0450000000000 0.6000000000000 0.0200000000000 0.5460358577919 0.2417578836488 23953.903000000  2507.482827132 12922.010000000   435.107125000   120.825995657   146.916790000    -841194  0.485864538930  0.485864538930  0.149352400000  0.093721062500  0.523316900000 18725.640   206.342     0.790024500     0.994569376  -56.15646
   0  7 0.9799606900000 0.6000000000000 0.0450000000000 0.6000000000000 0.0200000000000 0.6596404389691 0.2824407331110 24868.163500000  2746.440481995 14872.212000000   770.964850000    98.223915104   126.198982500     -51773  0.466867268789  0.466867268789  0.125119700000  0.052436812500  0.354775300000 21071.515   224.761     0.839055125     0.996822373  -55.39615
   0  9 0.9824248800000 0.6000000000000 0.0450000000000 0.6000000000000 0.0200000000000 0.9554090778952 0.3521056937731 25681.673500000  2545.905025177 14286.978000000   716.906800000    97.385290360   120.551555000    -522474  0.389968082405  0.389968082405  0.153420350000  0.068113187500  0.308970400000 21103.288   206.158     0.804558750     0.996466166  -56.09577
   0  7 0.9552002500000 0.6000000000000 0.0450000000000 0.6000000000000 0.0200000000000 0.7553900194676 0.3843130494176 25797.152500000  2601.554229486 13739.394000000   656.233300000   101.850696288   125.307377500    -422133  0.596391231440  0.596391231440  0.166593300000  0.064312000000  0.599966000000 20487.564   204.159     0.792711625     0.996159476  -56.22738
   0  7 0.9553393600000 0.6000000000000 0.0450000000000 0.6000000000000 0.0200000000000 0.7861203281507 0.3996637103559 20199.026500000  2595.750251958 12248.634000000   486.166375000   109.212976241   135.099140000    -842309  0.571923810011  0.571923810011  0.179548600000  0.097188187500  0.442788200000 16656.706   191.395     0.837222375     0.995940868  -51.75036
   0  7 0.9700540200000 0.6000000000000 0.0450000000000 0.6000000000000 0.0200000000000 0.9379746948262 0.4360684518426 23207.407000000  2629.548635548 13538.348000000   490.987225000   114.096604419   143.903715000    -548997  0.384504511283  0.384504511283  0.145312050000  0.069726687500  0.295325600000 18770.692   216.497     0.810542625     0.995364021  -56.42737
   0  7 0.9833934000000 0.6000000000000 0.0450000000000 0.6000000000000 0.0200000000000 0.6305424722158 0.2608120724732 23666.272000000  2677.081691541 14185.728000000   781.042825000    95.885414533   120.405662500    -539417  0.461403417596  0.461403417596  0.188672800000  0.149969500000  0.200351100000 20058.031   206.053     0.843077000     0.997009201  -51.83249
   0  7 0.9754782800000 0.6000000000000 0.0450000000000 0.6000000000000 0.0200000000000 0.5838390992849 0.2602065914007 23153.744500000  2747.170979143 14290.996000000   629.534350000   103.671020874   134.024137500    -522609  0.567170104146  0.567170104146  0.133224550000  0.055051125000  0.232726800000 20790.529   225.967     0.900944750     0.996384708  -55.26586
   0  6 0.9795722200000 0.6000000000000 0.0450000000000 0.6000000000000 0.0200000000000 0.7790193212760 0.3543644329157 24199.144000000  2765.585918863 14586.350000000   658.631350000   101.702468186   129.527535000    -270590  0.355828768469  0.355828768469  0.152950000000  0.065231937500  0.582656400000 18402.772   216.385     0.770486750     0.996381216  -54.85832
   0  9 0.9813720500000 0.6000000000000 0.0450000000000 0.6000000000000 0.0200000000000 0.7233182412295 0.2695498503699 22144.876000000  2316.580179156 11848.738000000   964.793125000    96.606511613   123.715495000    -534686  0.524942750459  0.524942750459  0.130717800000  0.052542937500  0.548939800000 19159.502   213.809     0.863803625     0.997737099  -56.90701
   0  6 0.9788327500000 0.6000000000000 0.0450000000000 0.6000000000000 0.0200000000000 0.8406300787494 0.3849952875758 27668.009500000  2578.969172533 14074.906000000   712.924525000    99.529895199   120.880942500    -711953  0.333561350547  0.333561350547  0.119385250000  0.072094250000  0.480745800000 23401.194   207.142     0.835932750     0.996179029  -54.06366
   0  7 0.9748306800000 0.6000000000000 0.0450000000000 0.6000000000000 0.0200000000000 0.5824272859957 0.2609765886392 27101.333500000  2407.386088933 12898.698000000   904.590325000    98.031521470   121.987080000    -412270  0.574447307655  0.574447307655  0.110721750000  0.063628312500  0.448765400000 21483.719   214.469     0.790635500     0.997055882  -54.76757
   0  9 0.9877564300000 0.6000000000000 0.0450000000000 0.6000000000000 0.0200000000000 0.8909702086647 0.3085230459590 23384.567500000  2877.628043040 15531.786000000   529.905475000   104.285115726   133.217162500    -126448  0.379363813396  0.379363813396  0.175591350000  0.058891562500  0.466819700000 20209.052   214.391     0.849708375     0.995632038  -55.16234
   0  8 0.9628795000000 0.6000000000000 0.0450000000000 0.6000000000000 0.0200000000000 0.8364907697758 0.3850045072431 23354.300500000  2561.996491364 13236.164000000   863.862850000    95.956376798   120.907917500    -293220  0.547041773080  0.547041773080  0.120601250000  0.057475562500  0.516998800000 21019.459   208.283     0.904059125     0.997354357  -56.87683
   0  6 0.9611811500000 0.6000000000000 0.0450000000000 0.6000000000000 0.0200000000000 0.6193893862434 0.3220751571043 27604.910500000  2355.769505819 11978.406000000   546.645025000   108.361541333   126.069827500     -96604  0.586840624913  0.586840624913  0.143861400000  0.202898812500  0.297924000000 22306.747   186.777     0.810043125     0.995060280  -47.33229
   0  6 0.9719900100000 0.6000000000000 0.0450000000000 0.6000000000000 0.0200000000000 0.7931446914796 0.3843156527535 23000.695000000  2373.989769057 11610.540000000   939.058750000    99.987682104   128.079010000     -48918  0.392201835999  0.392201835999  0.176974700000  0.050017812500  0.209325000000 18724.034   218.486     0.823268500     0.997595906  -55.24742
   0  7 0.9688074800000 0.6000000000000 0.0450000000000 0.6000000000000 0.0200000000000 0.7838834940020 0.3676796864857 21572.071000000  2919.330867753 14481.962000000   461.736550000   112.037894933   142.407577500    -517431  0.469045321712  0.469045321712  0.118480550000  0.068927937500  0.592298800000 18625.118   209.882     0.866612375     0.995419735  -56.42794
   0 10 0.9874781000000 0.6000000000000 0.0450000000000 0.6000000000000 0.0200000000000 0.6807891432650 0.2203723721580 29556.119500000  2357.240536475 14122.720000000   662.995900000   100.422905200   120.529097500    -980438  0.562684007528  0.562684007528  0.199452100000  0.071896000000  0.492279100000 24161.534   206.413     0.789485375     0.995588344  -51.49743
   0  6 0.9783646800000 0.6000000000000 0.0450000000000 0.6000000000000 0.0200000000000 0.8375182899150 0.3851924106366 23287.691500000  2769.113193472 14326.054000000   689.106025000    99.266072208   125.691462500    -154981  0.337235412602  0.337235412602  0.113562400000  0.050261062500  0.334382700000 19744.533   210.453     0.847699125     0.996673579  -58.02121
   0  8 0.9716949600000 0.6000000000000 0.0450000000000 0.6000000000000 0.0200000000000 0.9255551614030 0.4007977338076 22373.917000000  2517.511906463 12840.928000000   642.584125000   104.172375079   133.552335000    -828477  0.428892472331  0.428892472331  0.142864300000  0.055362437500  0.364577600000 19638.434   219.319     0.879155375     0.996582841  -57.13262
   0  6 0.9812305100000 0.6000000000000 0.0450000000000 0.6000000000000 0.0200000000000 0.5950597220075 0.2664427446583 25383.283000000  2527.808800888 13331.492000000   609.086350000   104.993244979   129.491070000    -444931  0.453883927891  0.453883927891  0.135360300000  0.072923812500  0.415703700000 20516.513   209.219     0.807980625     0.995891708  -57.19629
   0  6 0.9833802600000 0.6000000000000 0.0450000000000 0.6000000000000 0.0200000000000 0.6000556900340 0.2629047666441 25552.451500000  2634.092629931 14152.974000000   423.721225000   117.325243069   138.415862500    -235085  0.435003474390  0.435003474390  0.129365350000  0.076818562500  0.315671200000 22329.783   197.352     0.867766250     0.994047749  -56.35889
   0  7 0.9863829400000 0.6000000000000 0.0450000000000 0.6000000000000 0.0200000000000 0.4823366117798 0.1929677626373 25016.690500000  2614.627545422 14211.196000000   498.592000000   110.764814066   136.511557500    -282030  0.573438118189  0.573438118189  0.155829500000  0.067355187500  0.339342900000 21919.726   212.422     0.868405625     0.995038296  -56.48684
 
  COND2           1      979880  7.878578944698909E+044  1.051797266080998E+043
  1.335008855611834E-002         100
    979880  23757085   1015910         0     34381         0         0         0         0         0   1605119   1532873         0   9274752    979880
 PARAMETER FILE GB92B.PAR   
