  Aa Am            MSYL            MSYR           MORTJ           MORTA             K1+           PInit      ISEED   PTarget           CVADD              AR        PREG-MAX           GAMMA              P0   SSTILDA     LIKEL
   0  6 0.9876793000000 0.6000000000000 0.0450000000000 0.6000000000000 0.0200000000000 0.4529927425634 0.1891087417476 22257.331000000  2523.479181827 13003.970000000   430.812200000    54.648785987    78.451022500    -281306  0.537351967957  0.537351967957  0.193459350000  0.069377812500  0.311600000000 20087.033   202.056     0.909539750     0.994886597  -53.87511
   0  6 0.9796855600000 0.6000000000000 0.0450000000000 0.6000000000000 0.0200000000000 0.8284048770973 0.3764322089303 20727.227500000  2617.929957358 12970.724000000   457.349100000    57.226197588    87.797795000    -890652  0.334025341299  0.334025341299  0.159033650000  0.094859625000  0.466791500000 18412.019   221.768     0.899369750     0.995536000  -51.52586
   0 11 0.9890402600000 0.6000000000000 0.0450000000000 0.6000000000000 0.0200000000000 0.9289661578030 0.2725828164279 23282.143000000  2609.508728515 14614.570000000   290.615200000    66.331510879    93.926905000    -865470  0.453863414415  0.453863414415  0.135019000000  0.066881375000  0.254045400000 20638.225   193.140     0.863489125     0.992063219  -55.45341
   0  7 0.9784312000000 0.6000000000000 0.0450000000000 0.6000000000000 0.0200000000000 0.8415341384832 0.3655010464448 22698.970000000  2498.390300345 13001.252000000   253.759300000    82.943892799   110.362252500    -179292  0.375207938995  0.375207938995  0.177110500000  0.111997125000  0.509646600000 20181.509   187.593     0.890831875     0.991194875  -52.83840
   0  6 0.9623513400000 0.6000000000000 0.0450000000000 0.6000000000000 0.0200000000000 0.7275863897807 0.3757839275847 26190.583000000  2588.663824921 13866.044000000   438.078800000    57.565769821    82.558015000    -517422  0.491437353585  0.491437353585  0.124924800000  0.171472125000  0.433809900000 22240.570   212.704     0.841624625     0.994150186  -51.26401
   0  7 0.9739023400000 0.6000000000000 0.0450000000000 0.6000000000000 0.0200000000000 0.8703803286294 0.3929554322839 22367.963500000  3109.630259427 15876.964000000   325.448600000    57.798255162    86.582392500    -508478  0.390107845892  0.390107845892  0.148743250000  0.129923750000  0.421116700000 20078.167   197.624     0.899439625     0.993248712  -51.78209
   0 10 0.9894469800000 0.6000000000000 0.0450000000000 0.6000000000000 0.0200000000000 0.7527996287384 0.2373390119031 23887.699000000  2701.682686802 15213.936000000   420.347000000    49.239317391    70.610527500    -279406  0.490089059737  0.490089059737  0.107960600000  0.129152937500  0.360378900000 20985.017   194.268     0.856307750     0.994368376  -52.52670
   0  7 0.9725241800000 0.6000000000000 0.0450000000000 0.6000000000000 0.0200000000000 0.8809392386462 0.4020593750398 27904.907500000  2650.674192971 15109.284000000   380.575200000    54.701665884    73.828905000    -915632  0.393905411020  0.393905411020  0.159868850000  0.052000187500  0.202279100000 24560.103   193.601     0.864867500     0.992801606  -50.49871
   0  6 0.9733763100000 0.6000000000000 0.0450000000000 0.6000000000000 0.0200000000000 0.8213836628001 0.3938162230414 26454.332500000  2569.441296319 13979.554000000   297.822900000    69.971553287    93.679157500    -657468  0.370968544714  0.370968544714  0.155602350000  0.055736062500  0.312210400000 24015.375   195.034     0.905032125     0.991276607  -52.63744
   0  8 0.9825093100000 0.6000000000000 0.0450000000000 0.6000000000000 0.0200000000000 0.7119642794890 0.2796945897774 21237.500500000  2434.108531745 12454.432000000   311.250200000    63.635360754    89.054635000    -634771  0.464475975821  0.464475975821  0.122567750000  0.118114187500  0.516861800000 19753.723   190.809     0.953449125     0.993268676  -52.01133
   0  8 0.9894140300000 0.6000000000000 0.0450000000000 0.6000000000000 0.0200000000000 0.6367879228117 0.2306060536090 20965.259500000  2520.807980751 12984.638000000   298.964300000    67.508430916    96.998740000    -596040  0.459496962737  0.459496962737  0.155159300000  0.053309437500  0.542127200000 19191.958   198.006     0.927169500     0.993050752  -54.73753
   0  6 0.9869278500000 0.6000000000000 0.0450000000000 0.6000000000000 0.0200000000000 0.4122656756384 0.1736560684857 23682.566500000  2536.704703457 13427.036000000   414.178300000    55.843422027    79.519070000    -413581  0.597784995823  0.597784995823  0.143508150000  0.085115437500  0.350650600000 20977.817   203.612     0.884254000     0.994343538  -55.81610
   0  7 0.9834346300000 0.6000000000000 0.0450000000000 0.6000000000000 0.0200000000000 0.7186946702748 0.2971443870887 22518.610000000  2504.026420408 13077.616000000   275.034300000    73.132176877   100.225275000    -603296  0.404530015593  0.404530015593  0.124962450000  0.177771000000  0.263599500000 19055.561   189.132     0.844715500     0.991918394  -52.32539
   0  8 0.9626395700000 0.6000000000000 0.0450000000000 0.6000000000000 0.0200000000000 0.8275880518764 0.3814724470219 23901.388000000  2680.296148935 14330.626000000   454.572300000    49.780628202    70.094037500    -755804  0.555028530450  0.555028530450  0.124056000000  0.127410812500  0.568989700000 22482.066   193.847     0.962603250     0.994854804  -50.43453
   0  6 0.9849283800000 0.6000000000000 0.0450000000000 0.6000000000000 0.0200000000000 0.4781590209478 0.2060475543740 22298.209000000  2198.674197350 10698.238000000   340.224800000    68.638280668    96.196900000    -136843  0.532473718199  0.532473718199  0.136356200000  0.050278500000  0.530785600000 18199.114   202.333     0.827034000     0.993524935  -52.26293
   0  8 0.9775089300000 0.6000000000000 0.0450000000000 0.6000000000000 0.0200000000000 0.6862890232032 0.2830887531821 25764.982000000  2253.546646149 12128.600000000   392.256800000    60.176849733    82.256902500    -981945  0.524974670723  0.524974670723  0.158865850000  0.056005750000  0.497882200000 22592.013   199.858     0.869445000     0.993537313  -53.68279
   0  6 0.9629256100000 0.6000000000000 0.0450000000000 0.6000000000000 0.0200000000000 0.8545913948138 0.4398853012373 24666.392500000  2674.365755673 14115.134000000   472.248600000    48.871254484    66.817875000    -946939  0.415029268743  0.415029268743  0.214923500000  0.094180187500  0.573966500000 19816.204   183.045     0.802825875     0.994888487  -47.68389
   0  9 0.9746201700000 0.6000000000000 0.0450000000000 0.6000000000000 0.0200000000000 0.9154143416159 0.3635564962278 22397.299000000  2777.009245888 14638.786000000   442.666700000    49.399714719    72.160030000    -337555  0.467333615803  0.467333615803  0.157597450000  0.100480187500  0.237064000000 20091.424   195.341     0.891485375     0.995028409  -53.79781
   0 10 0.9837687100000 0.6000000000000 0.0450000000000 0.6000000000000 0.0200000000000 0.7066193859920 0.2393108156229 25286.393500000  2578.484851406 14859.190000000   472.887300000    51.748334102    75.942965000    -848843  0.581441985859  0.581441985859  0.122076550000  0.059271875000  0.230743600000 22074.060   213.190     0.847198750     0.994720907  -54.67219
   0  7 0.9626675700000 0.6000000000000 0.0450000000000 0.6000000000000 0.0200000000000 0.8931919389268 0.4360042113668 23722.540000000  2689.124558533 14161.520000000   299.019500000    75.137941166   107.946527500     -25812  0.451878213055  0.451878213055  0.155976200000  0.083470187500  0.360925400000 19322.911   206.936     0.811450125     0.992236696  -51.82848
   0 12 0.9877465400000 0.6000000000000 0.0450000000000 0.6000000000000 0.0200000000000 0.8780645807897 0.2411807276082 20635.373500000  2285.109815915 12009.102000000   319.964200000    70.114522147   103.661402500    -657261  0.562938326342  0.562938326342  0.230737950000  0.069408875000  0.303839800000 17954.121   209.430     0.856977500     0.993616543  -47.60697
   0  7 0.9691184600000 0.6000000000000 0.0450000000000 0.6000000000000 0.0200000000000 0.9444110099980 0.4420069280778 22364.386000000  2498.396856789 12759.968000000   374.615200000    62.730345116    92.017822500    -998358  0.387454968253  0.387454968253  0.156396050000  0.088917562500  0.289847200000 18105.523   209.853     0.812947750     0.994146554  -53.42101
   0  7 0.9840615400000 0.6000000000000 0.0450000000000 0.6000000000000 0.0200000000000 0.8035797788920 0.3300107749512 21488.357500000  2330.090042833 11710.016000000   460.580900000    56.488034589    82.043182500    -277594  0.358010240832  0.358010240832  0.241638800000  0.137561562500  0.298535800000 15548.225   203.860     0.749272000     0.995393145  -46.41088
   0  8 0.9611173100000 0.6000000000000 0.0450000000000 0.6000000000000 0.0200000000000 0.9509429053091 0.4423931827521 24371.849500000  2443.801082282 12966.576000000   376.963900000    60.495669304    85.148687500    -548422  0.494758347856  0.494758347856  0.124132700000  0.116828750000  0.287228100000 21188.223   201.494     0.863003875     0.993675833  -54.66101
   0  7 0.9848026200000 0.6000000000000 0.0450000000000 0.6000000000000 0.0200000000000 0.4846525926215 0.1974220800973 24996.427000000  2736.987150270 15201.462000000   437.746900000    51.545247085    74.342210000      -7093  0.586228575598  0.586228575598  0.159081900000  0.106614625000  0.332238100000 21613.204   203.875     0.853179500     0.994358940  -53.37159
   0 10 0.9896491200000 0.6000000000000 0.0450000000000 0.6000000000000 0.0200000000000 0.7165769529397 0.2252860882588 21989.896000000  2273.819287950 12139.330000000   346.583200000    63.528897502    91.171067500    -390216  0.512868203041  0.512868203041  0.140418750000  0.104241812500  0.580011400000 17321.725   200.861     0.781299375     0.993711501  -52.67311
   0  8 0.9797050900000 0.6000000000000 0.0450000000000 0.6000000000000 0.0200000000000 0.9545049938073 0.3857228170322 23605.468000000  2417.297738600 12930.358000000   338.881500000    63.027796494    88.208335000    -482928  0.363613611202  0.363613611202  0.120810050000  0.081458937500  0.240317800000 20301.887   197.681     0.852691875     0.993138802  -56.09788
   0  6 0.9801307600000 0.6000000000000 0.0450000000000 0.6000000000000 0.0200000000000 0.7236810402577 0.3274747595520 23127.122500000  2566.452009351 13358.086000000   478.881500000    52.615152278    75.693820000    -801513  0.379713119259  0.379713119259  0.103284400000  0.051532375000  0.591568600000 19127.668   201.824     0.827853375     0.995241977  -55.88298
   0  8 0.9851022100000 0.6000000000000 0.0450000000000 0.6000000000000 0.0200000000000 0.8112335660264 0.3097642391941 20861.309500000  2824.362200572 14328.656000000   264.737600000    71.581718260   102.634630000    -668681  0.389555272290  0.389555272290  0.167453800000  0.064782375000  0.457291300000 19271.058   190.542     0.940162625     0.992214015  -53.43403
   0  7 0.9840964100000 0.6000000000000 0.0450000000000 0.6000000000000 0.0200000000000 0.6497934276216 0.2667534632888 22353.194500000  3018.104544636 15673.380000000   441.472900000    50.814543083    78.457522500    -243823  0.442480727894  0.442480727894  0.125445100000  0.076307812500  0.333883500000 20164.820   211.431     0.904128625     0.995000207  -53.38107
   0  7 0.9838474100000 0.6000000000000 0.0450000000000 0.6000000000000 0.0200000000000 0.4901798789907 0.2017715708996 25595.341000000  2553.096989407 14162.306000000   344.581600000    57.579509528    77.614830000    -967661  0.589022964887  0.589022964887  0.141938450000  0.118860875000  0.430974400000 21088.889   186.677     0.814525625     0.992666361  -52.93635
   0  9 0.9741026600000 0.6000000000000 0.0450000000000 0.6000000000000 0.0200000000000 0.8548872573992 0.3410148629687 32667.140500000  2224.018857839 13094.716000000   421.078800000    60.804535924    80.394035000    -802025  0.504944470741  0.504944470741  0.219872250000  0.061437687500  0.227873800000 21646.280   201.452     0.677821625     0.992378730  -47.58334
   0  8 0.9886456400000 0.6000000000000 0.0450000000000 0.6000000000000 0.0200000000000 0.8915160458102 0.3261055480399 24739.792000000  2288.076697263 12432.770000000   338.234300000    65.166103153    89.716692500     -52655  0.332790490649  0.332790490649  0.167833800000  0.093410187500  0.238498300000 21093.531   199.524     0.842811750     0.992755707  -54.03671
   0 10 0.9843301200000 0.6000000000000 0.0450000000000 0.6000000000000 0.0200000000000 0.8253799095480 0.2777195901200 21711.593500000  2585.405852197 13720.050000000   209.344900000   125.050759044   137.683735000    -529382  0.492566746612  0.492566746612  0.162988400000  0.181049437500  0.228989100000 19002.370   171.322     0.862642250     0.989757453  -49.69245
   0  6 0.9827196900000 0.6000000000000 0.0450000000000 0.6000000000000 0.0200000000000 0.5793839856811 0.2555888519932 20723.677000000  2910.193882074 14410.980000000   341.405700000    59.039365915    88.979950000    -672810  0.455297976712  0.455297976712  0.141041650000  0.117765000000  0.251727200000 17651.238   201.429     0.857885500     0.994010979  -52.49007
   0  6 0.9830768900000 0.6000000000000 0.0450000000000 0.6000000000000 0.0200000000000 0.5656024812174 0.2485932523596 25327.717000000  2576.271454206 13987.170000000   238.922300000    85.680388946   106.832427500    -795919  0.463743742248  0.463743742248  0.123595500000  0.135777625000  0.440822600000 22048.060   177.551     0.863011375     0.989538593  -52.06121
   0  6 0.9748660400000 0.6000000000000 0.0450000000000 0.6000000000000 0.0200000000000 0.5556940935338 0.2633019079676 20652.275500000  3157.730883061 15199.044000000   417.018900000    49.428070060    75.470382500    -279301  0.536183690680  0.536183690680  0.179762250000  0.067464562500  0.278271300000 19274.687   196.648     0.964216875     0.995133290  -51.94136
   0  8 0.9833727300000 0.6000000000000 0.0450000000000 0.6000000000000 0.0200000000000 0.5599230410743 0.2179502145067 22365.196000000  2575.079838331 13626.018000000   458.082600000    51.713952169    75.017267500    -563345  0.581785602705  0.581785602705  0.142554950000  0.132348375000  0.533799800000 18578.226   199.109     0.825543500     0.995181012  -54.05956
   0  8 0.9570633200000 0.6000000000000 0.0450000000000 0.6000000000000 0.0200000000000 0.8964521331053 0.4267712615620 20347.459000000  2462.138862867 11963.504000000   248.252800000    91.169045462   122.375975000    -771674  0.559065986824  0.559065986824  0.104688300000  0.053899687500  0.520183000000 17896.579   189.485     0.889766250     0.991989790  -51.65275
   0  9 0.9887376700000 0.6000000000000 0.0450000000000 0.6000000000000 0.0200000000000 0.7426310745292 0.2539090553720 23651.786500000  2307.503653775 12582.268000000   278.139900000    79.726722110   108.684505000    -355976  0.446925193776  0.446925193776  0.122389100000  0.096239937500  0.435014300000 20957.887   198.638     0.876885875     0.991577391  -53.87360
   0  7 0.9773047800000 0.6000000000000 0.0450000000000 0.6000000000000 0.0200000000000 0.6752445257733 0.2962553984142 22936.975000000  2393.471112953 12354.412000000   444.745000000    56.033832673    80.004360000     -52573  0.476218311026  0.476218311026  0.161171000000  0.058764062500  0.266076600000 20379.555   204.269     0.891133125     0.994926169  -55.28588
   0  9 0.9865783000000 0.6000000000000 0.0450000000000 0.6000000000000 0.0200000000000 0.7061552273095 0.2481499506743 22452.797500000  2612.554225626 14059.722000000   452.149800000    52.609733654    78.402760000    -191786  0.489174790885  0.489174790885  0.111966800000  0.051490562500  0.222327600000 18895.477   208.099     0.829475375     0.995088768  -55.50400
   0  7 0.9680599100000 0.6000000000000 0.0450000000000 0.6000000000000 0.0200000000000 0.9085862944597 0.4283883478934 24349.183000000  2336.117803664 12076.872000000   280.608500000    76.633629096   101.420397500    -442977  0.409351744086  0.409351744086  0.104842050000  0.050427500000  0.253471200000 20022.644   188.390     0.821868375     0.991495159  -54.10168
   0  6 0.9830137100000 0.6000000000000 0.0450000000000 0.6000000000000 0.0200000000000 0.5062671454586 0.2226597134161 21436.004500000  2512.566522582 12636.310000000   395.537700000    57.210472290    82.413877500    -793134  0.518617852027  0.518617852027  0.117779350000  0.083830937500  0.358127900000 18131.055   199.136     0.851437000     0.994652011  -55.45061
   0  7 0.9785631900000 0.6000000000000 0.0450000000000 0.6000000000000 0.0200000000000 0.8099289299262 0.3513500825701 23017.408000000  2593.317710988 13669.148000000   372.545300000    55.402089965    77.593607500    -563688  0.389013782548  0.389013782548  0.132667450000  0.070371875000  0.535090900000 18847.169   189.001     0.817261375     0.993917845  -54.57082
   0  6 0.9812645800000 0.6000000000000 0.0450000000000 0.6000000000000 0.0200000000000 0.8512921689582 0.3810459538740 26075.023000000  2742.555199863 15222.610000000   323.665500000    58.935876749    80.017425000    -701536  0.317098034969  0.317098034969  0.135658900000  0.120334125000  0.349279000000 21923.542   187.713     0.830816500     0.992058018  -51.95884
   0  8 0.9870817500000 0.6000000000000 0.0450000000000 0.6000000000000 0.0200000000000 0.9104489737695 0.3396207071437 26198.426500000  2176.741585351 11758.128000000   440.990000000    56.126470288    75.361182500    -566388  0.335131568176  0.335131568176  0.133054200000  0.065384750000  0.396321900000 18780.109   190.954     0.731076125     0.994122470  -50.52588
   0 11 0.9883606500000 0.6000000000000 0.0450000000000 0.6000000000000 0.0200000000000 0.9389078278383 0.2781149981961 20458.132000000  2580.706699584 13359.054000000   457.546700000    51.806580385    78.491452500    -610859  0.455062740114  0.455062740114  0.174644100000  0.075559062500  0.512488300000 18964.350   208.182     0.938527625     0.995572476  -53.63219
   0  7 0.9814155700000 0.6000000000000 0.0450000000000 0.6000000000000 0.0200000000000 0.9262394579031 0.3910006901220 21586.043500000  2690.579587685 13812.330000000   307.542900000    63.353172356    90.913115000    -798879  0.324616335843  0.324616335843  0.126919950000  0.054906312500  0.297269000000 19089.607   193.607     0.887360375     0.993080027  -55.83817
   0  8 0.9745758700000 0.6000000000000 0.0450000000000 0.6000000000000 0.0200000000000 0.7774348789587 0.3289645932482 24027.370000000  2429.002024884 13015.668000000   341.794900000    66.317965426    94.604010000    -790148  0.486824322305  0.486824322305  0.143971800000  0.082967375000  0.206546500000 22175.316   209.764     0.931128125     0.993092692  -52.51609
   0 11 0.9752873200000 0.6000000000000 0.0450000000000 0.6000000000000 0.0200000000000 0.9602804798198 0.3297119083168 23772.260500000  2512.240435895 13963.138000000   211.211300000   119.022128620   130.389272500    -809007  0.571266718608  0.571266718608  0.126213150000  0.074703812500  0.290425300000 21439.674   169.714     0.884968750     0.988937387  -52.20535
   0 10 0.9720983800000 0.6000000000000 0.0450000000000 0.6000000000000 0.0200000000000 0.9282884668627 0.3521833016651 27358.225000000  2365.588630733 13703.266000000   412.271000000    56.090287806    76.765345000    -462950  0.548058090596  0.548058090596  0.159972000000  0.067619875000  0.424601000000 22287.628   198.102     0.789090875     0.993486311  -53.81736
   0  9 0.9763271600000 0.6000000000000 0.0450000000000 0.6000000000000 0.0200000000000 0.9292675165670 0.3635788954064 22727.333500000  2624.827625296 14025.276000000   460.229700000    52.563697202    78.012207500     -58928  0.446841154798  0.446841154798  0.100948600000  0.121531062500  0.272689200000 19731.741   208.028     0.856685750     0.995143941  -53.77734
   0  6 0.9585919200000 0.6000000000000 0.0450000000000 0.6000000000000 0.0200000000000 0.6539377454556 0.3449515463258 22271.411500000  2762.484608123 13899.982000000   296.261000000    66.191993089    93.312915000     -30892  0.576204152083  0.576204152083  0.147538900000  0.158040312500  0.326637200000 20523.494   191.902     0.938917625     0.992650846  -51.79656
   0  6 0.9690572600000 0.6000000000000 0.0450000000000 0.6000000000000 0.0200000000000 0.6264419818838 0.3100131159155 22406.236000000  2734.645847710 13953.348000000   311.160900000    66.934111415    96.762952500    -666693  0.518483410029  0.518483410029  0.113281450000  0.075467125000  0.402479300000 19266.138   200.951     0.861144750     0.992939839  -55.03873
   0  7 0.9884311700000 0.6000000000000 0.0450000000000 0.6000000000000 0.0200000000000 0.8314278967053 0.3244632736496 23296.129000000  2717.250220443 14648.522000000   294.255600000    61.076960699    84.002185000    -366802  0.321154783691  0.321154783691  0.152749550000  0.102161937500  0.353273000000 20918.120   183.611     0.895439500     0.992160093  -53.02931
   0  7 0.9731263100000 0.6000000000000 0.0450000000000 0.6000000000000 0.0200000000000 0.9200391657464 0.4179404222205 24321.130000000  2492.864142351 13264.250000000   261.215700000    79.961981367   105.119060000    -581473  0.373606154581  0.373606154581  0.133094350000  0.050210437500  0.487860200000 21406.754   186.950     0.875999125     0.990857051  -55.25668
   0  8 0.9653996600000 0.6000000000000 0.0450000000000 0.6000000000000 0.0200000000000 0.8040255206278 0.3641508269240 24094.762000000  2261.574477637 11684.690000000   270.273100000    86.811748752   114.553257500    -209375  0.546768850319  0.546768850319  0.182108700000  0.081737500000  0.412171400000 17410.298   191.545     0.739200750     0.991269540  -50.57076
   0  6 0.9726674400000 0.6000000000000 0.0450000000000 0.6000000000000 0.0200000000000 0.5893512737545 0.2841119193571 23361.307000000  2753.982033339 14405.944000000   442.836800000    53.460352389    78.623922500    -189613  0.522528002315  0.522528002315  0.154931550000  0.111992875000  0.531039000000 20725.209   207.277     0.887285875     0.994820665  -54.27978
   0  9 0.9713009700000 0.6000000000000 0.0450000000000 0.6000000000000 0.0200000000000 0.8365231551854 0.3413798201835 26353.663000000  2442.454736491 13795.432000000   306.606200000    71.726881979    98.120087500    -732253  0.541607806477  0.541607806477  0.138403100000  0.051223625000  0.248086000000 21781.385   199.629     0.807523500     0.991565735  -54.39353
   0  7 0.9815865800000 0.6000000000000 0.0450000000000 0.6000000000000 0.0200000000000 0.7919724440562 0.3337500400622 22335.982000000  2932.839212382 15253.566000000   404.054100000    51.161519685    75.947775000    -235211  0.378576995491  0.378576995491  0.146320400000  0.090264875000  0.532068400000 20662.098   199.389     0.938128375     0.994549403  -53.59719
   0  6 0.9804296300000 0.6000000000000 0.0450000000000 0.6000000000000 0.0200000000000 0.8230523705159 0.3713870778350 23133.386500000  2532.903212617 13151.324000000   422.098600000    57.535531192    83.759572500    -371110  0.332309952015  0.332309952015  0.117222650000  0.064827750000  0.201532700000 18914.261   208.810     0.819762125     0.994599577  -55.79239
   0  7 0.9500797100000 0.6000000000000 0.0450000000000 0.6000000000000 0.0200000000000 0.9270470841225 0.4834488491882 22015.235500000  2498.005431595 12391.478000000   297.138900000    71.302635499    99.430422500    -656587  0.522970904767  0.522970904767  0.108469850000  0.069799125000  0.489556300000 19485.398   194.349     0.892804875     0.992767216  -54.59637
   0  8 0.9898901000000 0.6000000000000 0.0450000000000 0.6000000000000 0.0200000000000 0.5299055332116 0.1906853735623 21899.041000000  2500.832201840 13179.528000000   435.668000000    53.322137993    77.205785000    -413732  0.547435810264  0.547435810264  0.125634400000  0.062069687500  0.305170400000 19967.468   201.920     0.917429250     0.995017153  -55.87807
   0  6 0.9672035400000 0.6000000000000 0.0450000000000 0.6000000000000 0.0200000000000 0.6590781535377 0.3302770250586 20920.682500000  2483.328713715 12072.982000000   378.812700000    58.967396544    84.284025000    -943712  0.506256232815  0.506256232815  0.103301000000  0.106513687500  0.356888100000 17950.067   195.318     0.867508250     0.994588574  -52.95894
   0  7 0.9699514300000 0.6000000000000 0.0450000000000 0.6000000000000 0.0200000000000 0.8759551035256 0.4075372664994 23429.252500000  2480.949695090 12926.028000000   354.497300000    60.403008843    84.243205000    -823363  0.412384086027  0.412384086027  0.101232600000  0.105418812500  0.598021900000 20519.525   194.970     0.874550875     0.993517920  -54.35174
   0  9 0.9778854300000 0.6000000000000 0.0450000000000 0.6000000000000 0.0200000000000 0.7629182704791 0.2942587610226 27977.186500000  2258.701023846 12835.400000000   306.327600000    68.839820856    88.560180000    -519087  0.529552713266  0.529552713266  0.146378000000  0.086277937500  0.341243600000 23091.230   186.176     0.807516250     0.991012239  -51.95945
   0  6 0.9603214600000 0.6000000000000 0.0450000000000 0.6000000000000 0.0200000000000 0.9278591469915 0.4848246623449 23024.981500000  2651.927955938 13525.292000000   448.154400000    54.948157101    80.164130000    -787261  0.396473050745  0.396473050745  0.147777450000  0.112214062500  0.379877000000 20291.718   206.220     0.883545125     0.994975374  -54.97089
   0  9 0.9807668500000 0.6000000000000 0.0450000000000 0.6000000000000 0.0200000000000 0.8265037688891 0.3099272413878 23265.997000000  2404.263360022 12973.636000000   323.923600000    59.936963768    81.180112500    -710760  0.464413512612  0.464413512612  0.137785250000  0.158231750000  0.412144700000 18112.228   180.560     0.773766250     0.992921180  -50.63732
   0  6 0.9755370500000 0.6000000000000 0.0450000000000 0.6000000000000 0.0200000000000 0.8574652332890 0.4040671989295 25269.356500000  2550.058262930 13650.272000000   277.256000000    75.174181396   100.171682500    -847023  0.343968805647  0.343968805647  0.163754050000  0.071292062500  0.405854300000 17686.797   186.881     0.723486000     0.991040860  -51.39217
   0  7 0.9823656200000 0.6000000000000 0.0450000000000 0.6000000000000 0.0200000000000 0.5240965717345 0.2191227157578 24922.352500000  2634.983729267 14507.930000000   301.300800000    73.972045657   105.313312500    -420529  0.564723819549  0.564723819549  0.152229250000  0.100662562500  0.478738100000 22378.128   210.423     0.891797000     0.991840576  -50.68049
   0  8 0.9594687000000 0.6000000000000 0.0450000000000 0.6000000000000 0.0200000000000 0.9323783361573 0.4379542257110 21722.339500000  2505.810974187 12650.610000000   399.756200000    58.293753829    84.927297500    -351170  0.517806211629  0.517806211629  0.124124550000  0.073058437500  0.492539100000 19087.451   203.541     0.881653875     0.994686768  -55.68866
   0  7 0.9779855000000 0.6000000000000 0.0450000000000 0.6000000000000 0.0200000000000 0.6973612721695 0.3041083479610 26202.922000000  2219.142117081 11619.946000000   421.179400000    58.365329569    78.572637500     -15449  0.456065543016  0.456065543016  0.174222500000  0.120488562500  0.387418800000 20733.164   193.847     0.793367500     0.993877375  -51.38960
   0  6 0.9730343100000 0.6000000000000 0.0450000000000 0.6000000000000 0.0200000000000 0.6546340031253 0.3146981124210 23501.437000000  2485.289748795 12792.762000000   285.815100000    72.567893182    98.506870000    -109887  0.467850045896  0.467850045896  0.103533450000  0.105849437500  0.334545700000 19433.370   190.129     0.828114125     0.991925889  -54.27114
   0  9 0.9694033300000 0.6000000000000 0.0450000000000 0.6000000000000 0.0200000000000 0.8814983392865 0.3649930829174 22898.675500000  2280.554233193 11856.920000000   371.473200000    59.849940450    82.980352500    -389115  0.530930320559  0.530930320559  0.139118100000  0.059856312500  0.439334400000 20180.723   193.342     0.879167875     0.993955415  -54.28649
   0  9 0.9899445900000 0.6000000000000 0.0450000000000 0.6000000000000 0.0200000000000 0.8414993603813 0.2830796020061 23485.993000000  2385.632008071 13096.350000000   403.309400000    58.813073943    85.741877500     -58122  0.385626414632  0.385626414632  0.119920750000  0.053714937500  0.312312000000 20693.425   212.801     0.869742500     0.994227071  -55.38437
   0  6 0.9723381800000 0.6000000000000 0.0450000000000 0.6000000000000 0.0200000000000 0.9450177798373 0.4567089399665 24192.475000000  2312.724694344 11670.058000000   264.592500000    90.413278290   118.197417500    -987997  0.327471911633  0.327471911633  0.189007000000  0.080813562500  0.262424700000 17573.947   192.411     0.749075625     0.991024349  -50.34970
   0  6 0.9787051700000 0.6000000000000 0.0450000000000 0.6000000000000 0.0200000000000 0.5585739265685 0.2561139813067 27132.559000000  2548.727477312 14057.474000000   316.470200000    66.015558828    88.425532500    -615857  0.502989207962  0.502989207962  0.131629800000  0.074824625000  0.333818200000 23262.338   194.701     0.846271375     0.991559479  -53.42084
   0  8 0.9705098500000 0.6000000000000 0.0450000000000 0.6000000000000 0.0200000000000 0.8481265880783 0.3705911193167 22551.442000000  2899.523349297 15102.518000000   280.764600000    68.229347743    97.962137500    -779813  0.477232543583  0.477232543583  0.135697050000  0.090105562500  0.430324100000 18634.421   190.954     0.819258500     0.992120662  -53.10209
   0  6 0.9597171000000 0.6000000000000 0.0450000000000 0.6000000000000 0.0200000000000 0.8395096900016 0.4401353349359 24999.275500000  2459.990852786 12691.438000000   325.005800000    67.184575218    91.546475000    -949524  0.441896277762  0.441896277762  0.164102550000  0.062407687500  0.395768600000 20688.337   194.613     0.826407000     0.992478439  -54.99859
   0  7 0.9886986400000 0.6000000000000 0.0450000000000 0.6000000000000 0.0200000000000 0.7170385605185 0.2788794154152 24911.728000000  2529.839696703 13946.588000000   495.677900000    48.846675234    67.194192500    -773681  0.370666159330  0.370666159330  0.171499000000  0.082066250000  0.427461800000 21885.507   193.054     0.869073500     0.995022191  -52.46592
   0  7 0.9719994400000 0.6000000000000 0.0450000000000 0.6000000000000 0.0200000000000 0.8534041202202 0.3910630139531 24871.619500000  2276.794008460 11781.884000000   283.029700000    83.066426720   110.858885000    -815236  0.409978126817  0.409978126817  0.115767200000  0.120981562500  0.404076600000 19230.654   196.835     0.780264375     0.991374645  -51.16067
   0 11 0.9875296700000 0.6000000000000 0.0450000000000 0.6000000000000 0.0200000000000 0.7899129711026 0.2366316716774 21491.395000000  2290.700181908 12202.942000000   395.503600000    59.135396549    86.985230000    -704833  0.549731913012  0.549731913012  0.173705600000  0.215656000000  0.299058100000 17695.662   207.019     0.808772500     0.994622325  -48.18060
   0 10 0.9826361000000 0.6000000000000 0.0450000000000 0.6000000000000 0.0200000000000 0.8781791358839 0.3012393740495 25377.437500000  2226.328812485 12470.970000000   416.890700000    54.904611030    74.020395000     -87230  0.477860132201  0.477860132201  0.146702000000  0.071277062500  0.501855300000 18480.160   186.767     0.725854500     0.993994292  -50.46697
   0  7 0.9709529600000 0.6000000000000 0.0450000000000 0.6000000000000 0.0200000000000 0.6482635841228 0.2994036609527 21473.764000000  2544.348355477 12814.852000000   397.162600000    60.026749054    89.381227500     -49992  0.548616318939  0.548616318939  0.169715700000  0.067320625000  0.405229900000 18642.436   212.142     0.872168375     0.994695193  -53.52711
   0  7 0.9842930300000 0.6000000000000 0.0450000000000 0.6000000000000 0.0200000000000 0.8559973570287 0.3506523832722 24768.979000000  2483.282043526 13506.874000000   372.819100000    58.848522085    82.232852500    -379152  0.334780083478  0.334780083478  0.116299950000  0.079717562500  0.201664500000 20794.546   199.422     0.831614375     0.993438869  -55.84801
   0  7 0.9840088800000 0.6000000000000 0.0450000000000 0.6000000000000 0.0200000000000 0.7250515064443 0.2979311239399 24142.363000000  2608.254303461 14168.368000000   456.213800000    52.825609895    76.449217500    -715953  0.397136889932  0.397136889932  0.208809150000  0.055431750000  0.203955600000 20834.441   206.592     0.855036000     0.994774779  -53.20761
   0  8 0.9884087500000 0.6000000000000 0.0450000000000 0.6000000000000 0.0200000000000 0.5207766836799 0.1910729380659 23284.708000000  2411.475839614 12980.284000000   436.031600000    56.190179712    81.484605000    -667176  0.572136357131  0.572136357131  0.117119250000  0.102849500000  0.513111900000 18268.438   207.488     0.784094625     0.994711922  -53.80095
   0 10 0.9803861900000 0.6000000000000 0.0450000000000 0.6000000000000 0.0200000000000 0.8623326867943 0.3030278491054 24516.097000000  2225.112810907 12231.180000000   345.264900000    66.217583209    92.652385000    -520865  0.507393591446  0.507393591446  0.157761100000  0.073051875000  0.523469600000 20381.224   203.100     0.814806125     0.993003332  -54.51164
   0  6 0.9617704200000 0.6000000000000 0.0450000000000 0.6000000000000 0.0200000000000 0.8726845748580 0.4522519642224 21311.804500000  2866.194818371 14130.514000000   466.433200000    49.152319360    71.659140000    -474051  0.413086468943  0.413086468943  0.120851000000  0.162280187500  0.403298400000 20018.878   192.301     0.974418750     0.995529917  -49.67960
   0 11 0.9853684600000 0.6000000000000 0.0450000000000 0.6000000000000 0.0200000000000 0.9144852225232 0.2817026559126 21062.729500000  2357.614120339 12407.970000000   241.048000000    85.707702515   112.772810000    -875439  0.495177269278  0.495177269278  0.129086850000  0.086584500000  0.220534700000 19720.123   182.334     0.958795750     0.991364807  -51.92947
   0  7 0.9819273800000 0.6000000000000 0.0450000000000 0.6000000000000 0.0200000000000 0.5638579278742 0.2368036857770 25356.607000000  2264.230198740 11938.840000000   334.214000000    63.917588631    84.607432500    -238626  0.528738310948  0.528738310948  0.141735300000  0.131495625000  0.385223600000 20807.660   187.372     0.817799000     0.992517814  -52.18946
   0  9 0.9891423300000 0.6000000000000 0.0450000000000 0.6000000000000 0.0200000000000 0.5710346745151 0.1941943784808 24179.218000000  2458.686134255 13739.532000000   425.774800000    56.201944776    82.028525000    -429309  0.576860733676  0.576860733676  0.169784350000  0.063402187500  0.312058700000 21560.845   213.525     0.878914375     0.994373557  -54.05407
   0  8 0.9846383200000 0.6000000000000 0.0450000000000 0.6000000000000 0.0200000000000 0.5408085099002 0.2075929587260 22355.638000000  2585.706375399 13706.150000000   238.176000000    85.475495797   111.839475000    -857094  0.589139933838  0.589139933838  0.159967900000  0.078866125000  0.468991900000 20066.585   181.014     0.897005250     0.990728489  -53.91895
   0  6 0.9636328700000 0.6000000000000 0.0450000000000 0.6000000000000 0.0200000000000 0.8403688396416 0.4307340468404 26857.078000000  2534.823196852 13624.736000000   288.256700000    82.056874880   110.415617500    -793125  0.417852595131  0.417852595131  0.156009850000  0.094229687500  0.496466000000 20351.440   201.366     0.763188000     0.990880376  -51.03788
   0  7 0.9830209200000 0.6000000000000 0.0450000000000 0.6000000000000 0.0200000000000 0.5937793430675 0.2465731905283 21811.426000000  2498.162766772 12840.584000000   379.675700000    57.820543582    82.993222500    -219809  0.493033509553  0.493033509553  0.113273350000  0.083367937500  0.243383300000 18773.493   198.590     0.861941625     0.994330984  -55.73554
   0  9 0.9691726800000 0.6000000000000 0.0450000000000 0.6000000000000 0.0200000000000 0.8818721306422 0.3657752479501 22779.794500000  2617.465343347 13879.478000000   354.870800000    56.895925109    80.744320000    -360635  0.532794285194  0.532794285194  0.147565050000  0.052916000000  0.313104700000 20702.133   192.824     0.908741000     0.993705984  -54.90059
   0  8 0.9817509300000 0.6000000000000 0.0450000000000 0.6000000000000 0.0200000000000 0.9003422740487 0.3564975092484 25267.925500000  2300.492951428 12488.732000000   433.312700000    57.000129175    79.489007500    -287801  0.372154988952  0.372154988952  0.151184100000  0.066492937500  0.460481600000 20951.652   202.865     0.820272750     0.994249749  -55.39282
   0 11 0.9842917300000 0.6000000000000 0.0450000000000 0.6000000000000 0.0200000000000 0.9712415886906 0.3031630469575 25704.880000000  2267.604153018 13113.490000000   255.820900000    81.930269231   103.800372500    -610642  0.476028085182  0.476028085182  0.140136750000  0.081115875000  0.270250400000 22244.474   181.519     0.838556125     0.990076887  -53.72387
   0  9 0.9785660700000 0.6000000000000 0.0450000000000 0.6000000000000 0.0200000000000 0.7745994200760 0.2968451990318 23429.050000000  2291.229864531 12214.308000000   460.806100000    56.430119681    81.325387500    -756423  0.515327591144  0.515327591144  0.151010700000  0.070654812500  0.475108100000 19625.510   208.584     0.828467250     0.994994848  -55.38680
 
  COND2           1      367534  5.144778741428089E+043  5.429747267640494E+041
  1.055389850668933E-002         100
    367534   5719804    245275         0      8011         0         0         0         0         0    560123         0         0   2299253    367534
 PARAMETER FILE GI01B.PAR   
