  Aa Am            MSYL            MSYR           MORTJ           MORTA             K1+           PInit      ISEED   PTarget           CVADD              AR        PREG-MAX           GAMMA              P0   SSTILDA     LIKEL
   0  8 0.9691007900000 0.6000000000000 0.0450000000000 0.6000000000000 0.0450000000000 0.7045996374759 0.7045996374759 22583.599000000  2466.348958481 12801.758000000   260.062600000    17.730553451    37.957062500     -31153  0.587792191003  0.587792191003  0.148415450000  0.141291687500  0.384090200000 19062.536   224.923     0.840470875     0.991485628  -50.88601
   0  7 0.9792462900000 0.6000000000000 0.0450000000000 0.6000000000000 0.0450000000000 0.8661555536431 0.8661555536431 24984.911500000  2582.839606180 14127.814000000   210.660200000    18.637326376    37.863950000    -209834  0.359734167142  0.359734167142  0.175430250000  0.064087500000  0.236916400000 20901.112   186.179     0.827706875     0.988320431  -54.80371
   0  7 0.9644035600000 0.6000000000000 0.0450000000000 0.6000000000000 0.0450000000000 0.8823663201999 0.8823663201999 22856.191000000  2630.647044439 13606.674000000   366.574200000    15.281106596    23.447015000     -44220  0.445643424796  0.445643424796  0.138215300000  0.085801937500  0.579584800000 18400.050   240.126     0.806165125     0.993895738  -53.49453
   0  6 0.9779037200000 0.6000000000000 0.0450000000000 0.6000000000000 0.0450000000000 0.8336615243166 0.8336615243166 23851.937500000  2678.069501966 14193.034000000   254.870200000    16.820724722    29.449927500    -853750  0.341214359000  0.341214359000  0.179628200000  0.050041500000  0.425669300000 19667.577   209.853     0.822676625     0.990790371  -55.84034
   0  9 0.9791370900000 0.6000000000000 0.0450000000000 0.6000000000000 0.0450000000000 0.9618213275369 0.9618213275369 25652.648500000  2672.954980846 15267.526000000   300.736700000    14.756273405    23.215387500    -851592  0.410836403767  0.410836403767  0.123762250000  0.128313187500  0.224247600000 22907.169   232.867     0.875008250     0.991600512  -51.82936
   0  7 0.9670376600000 0.6000000000000 0.0450000000000 0.6000000000000 0.0450000000000 0.9502870786861 0.9502870786861 22845.229000000  2584.003946434 13372.636000000   244.301200000    16.988646361    30.032880000    -635584  0.397566855651  0.397566855651  0.134914600000  0.072953875000  0.591102300000 19521.154   201.473     0.852710625     0.990837645  -57.10620
   0  6 0.9572248900000 0.6000000000000 0.0450000000000 0.6000000000000 0.0450000000000 0.7898882103146 0.7898882103146 27003.661000000  2467.748654250 13038.904000000   221.178100000    19.475112543    35.772510000    -131994  0.486091454282  0.486091454282  0.135354750000  0.078234687500  0.562593400000 22693.390   190.111     0.834228750     0.988067752  -54.36235
   0  6 0.9615052000000 0.6000000000000 0.0450000000000 0.6000000000000 0.0450000000000 0.7893049543634 0.7893049543634 22286.990500000  3114.797506879 15581.914000000   398.558700000    13.694377028    21.076010000    -429677  0.458425348884  0.458425348884  0.159229200000  0.133938812500  0.349450500000 18416.467   241.614     0.827668500     0.994529649  -50.30168
   0  6 0.9899445900000 0.6000000000000 0.0450000000000 0.6000000000000 0.0450000000000 0.6597995381812 0.6597995381812 22066.225000000  2626.946092899 13611.578000000   212.558900000    17.938472528    34.218457500    -511760  0.355267142868  0.355267142868  0.151432750000  0.125281937500  0.284999100000 19288.850   186.036     0.875805125     0.989708603  -54.63997
   0 10 0.9754293200000 0.6000000000000 0.0450000000000 0.6000000000000 0.0450000000000 0.9193871746827 0.9193871746827 22919.425000000  2626.544633251 14195.008000000   248.033800000    15.367488835    27.457775000    -315799  0.521108274551  0.521108274551  0.146427250000  0.050255312500  0.446007800000 20307.388   204.769     0.870860000     0.990917093  -57.27839
   0  6 0.9873182900000 0.6000000000000 0.0450000000000 0.6000000000000 0.0450000000000 0.5514272883309 0.5514272883309 21212.498500000  2467.108296775 12373.688000000   245.038700000    17.791481178    32.502490000    -409260  0.444064948483  0.444064948483  0.167446400000  0.123444187500  0.219718800000 18512.586   206.029     0.879581500     0.991434061  -54.25672
   0 10 0.9820679400000 0.6000000000000 0.0450000000000 0.6000000000000 0.0450000000000 0.9777672446236 0.9777672446236 23614.594000000  2457.919623289 13598.896000000   270.287400000    15.390192583    24.405440000    -305927  0.433754039792  0.433754039792  0.204491550000  0.109381937500  0.584466000000 19211.961   209.764     0.794880000     0.991383094  -52.93678
   0  8 0.9836343000000 0.6000000000000 0.0450000000000 0.6000000000000 0.0450000000000 0.8871017392959 0.8871017392959 23846.281000000  2656.510179337 14552.512000000   286.392500000    15.323325593    24.785690000     -99540  0.365538694962  0.365538694962  0.151857400000  0.098645000000  0.411435300000 21572.013   224.326     0.899957625     0.991780339  -54.69277
   0  8 0.9841499000000 0.6000000000000 0.0450000000000 0.6000000000000 0.0450000000000 0.8036965151049 0.8036965151049 23948.530000000  2296.555012462 12246.666000000   232.518300000    18.843179670    38.750940000    -576580  0.399847397681  0.399847397681  0.112298500000  0.189009187500  0.250723700000 19483.234   203.364     0.809330750     0.989829264  -51.74826
   0  6 0.9643329000000 0.6000000000000 0.0450000000000 0.6000000000000 0.0450000000000 0.7577397956959 0.7577397956959 24923.608000000  2494.624631441 12998.854000000   329.302900000    16.551060244    25.296915000    -131711  0.458835586751  0.458835586751  0.112638550000  0.058109437500  0.456101500000 20928.761   230.983     0.836774875     0.992590347  -54.71733
   0  7 0.9537330200000 0.6000000000000 0.0450000000000 0.6000000000000 0.0450000000000 0.8143641693323 0.8143641693323 23260.880500000  2390.934693202 12037.852000000   218.349300000    19.423753119    39.145457500    -276236  0.565047821949  0.565047821949  0.101568000000  0.054424500000  0.362673800000 19851.155   189.988     0.855286250     0.989594963  -55.24076
   0  7 0.9729506700000 0.6000000000000 0.0450000000000 0.6000000000000 0.0450000000000 0.6680492818585 0.6680492818585 23761.663000000  2553.107736301 13521.386000000   237.230800000    17.537265691    32.651437500    -572191  0.515957940552  0.515957940552  0.239330900000  0.075353687500  0.207679700000 20390.367   202.033     0.853213750     0.990164955  -52.45183
   0 10 0.9876370000000 0.6000000000000 0.0450000000000 0.6000000000000 0.0450000000000 0.8885448196454 0.8885448196454 23123.221000000  2545.648417574 14071.974000000   218.062500000    16.065035764    28.984170000    -657603  0.429817619510  0.429817619510  0.111672400000  0.081374312500  0.504684400000 21083.467   186.687     0.903978875     0.989505068  -54.11250
   0 10 0.9840908600000 0.6000000000000 0.0450000000000 0.6000000000000 0.0450000000000 0.7053408429818 0.7053408429818 21328.679500000  2581.263511418 13552.168000000   238.937400000    15.709293831    29.936160000    -834497  0.578988758968  0.578988758968  0.147719400000  0.061096062500  0.528238400000 17961.478   200.577     0.828731875     0.991185558  -56.22300
   0  9 0.9897752400000 0.6000000000000 0.0450000000000 0.6000000000000 0.0450000000000 0.7055358430151 0.7055358430151 21870.529000000  2595.456235045 13829.586000000   261.545300000    15.719901099    29.509532500    -893876  0.461401111357  0.461401111357  0.126664100000  0.084124562500  0.329811700000 19732.721   218.998     0.899633750     0.991711350  -55.72533
   0  7 0.9790986100000 0.6000000000000 0.0450000000000 0.6000000000000 0.0450000000000 0.8763136721841 0.8763136721841 25127.512000000  2385.015970313 12776.874000000   230.250800000    18.462576362    33.342810000    -118842  0.356422234217  0.356422234217  0.166904450000  0.141524375000  0.534493900000 20534.690   195.786     0.812806250     0.989254001  -53.82749
   0  7 0.9683630000000 0.6000000000000 0.0450000000000 0.6000000000000 0.0450000000000 0.8240806676609 0.8240806676609 22908.112000000  2723.577460737 14202.936000000   215.740900000    18.102495562    39.652750000    -739244  0.449230891236  0.449230891236  0.185867400000  0.074319187500  0.491261900000 18005.066   190.336     0.788976250     0.989591604  -53.67889
   0 10 0.9773356600000 0.6000000000000 0.0450000000000 0.6000000000000 0.0450000000000 0.8102609614817 0.8102609614817 22137.140500000  2786.110306179 14698.210000000   218.796400000    15.984277472    35.273732500    -337088  0.571127109572  0.571127109572  0.136497850000  0.067856500000  0.475168900000 19564.007   192.353     0.869446000     0.990045975  -56.22033
   0  7 0.9545491700000 0.6000000000000 0.0450000000000 0.6000000000000 0.0450000000000 0.7757601620080 0.7757601620080 25385.780500000  2576.446194699 13749.614000000   325.784900000    15.877454716    24.028375000    -600438  0.586225855046  0.586225855046  0.123364600000  0.113357062500  0.302493400000 21685.442   230.734     0.846716750     0.992388197  -54.41842
   0  6 0.9719026200000 0.6000000000000 0.0450000000000 0.6000000000000 0.0450000000000 0.8157897129150 0.8157897129150 22418.656000000  2776.896512312 14228.062000000   275.345300000    16.447935672    31.331970000     -61055  0.381810025322  0.381810025322  0.155419800000  0.104187937500  0.289770400000 18007.776   226.185     0.808193750     0.992008647  -52.64072
   0  8 0.9709037000000 0.6000000000000 0.0450000000000 0.6000000000000 0.0450000000000 0.9663179966902 0.9663179966902 19611.088000000  3246.891501314 14926.618000000   289.100800000    13.802511319    27.935492500    -322406  0.416170129066  0.416170129066  0.157054950000  0.167390562500  0.346755700000 17496.747   230.209     0.901925375     0.993344601  -49.05995
   0 10 0.9806013600000 0.6000000000000 0.0450000000000 0.6000000000000 0.0450000000000 0.9651797244047 0.9651797244047 24234.595000000  2488.424161812 13935.694000000   214.929100000    16.922776244    32.604150000    -260582  0.451527456193  0.451527456193  0.145714150000  0.090428875000  0.517396900000 21307.633   186.175     0.859378625     0.988888228  -55.49746
   0  8 0.9887664400000 0.6000000000000 0.0450000000000 0.6000000000000 0.0450000000000 0.8546133864045 0.8546133864045 20786.992000000  2317.413020409 11724.658000000   298.476700000    16.786443757    30.285242500    -974511  0.346406029723  0.346406029723  0.116286300000  0.087686937500  0.211161500000 17642.540   234.644     0.851783000     0.993101795  -51.74323
   0  6 0.9501183200000 0.6000000000000 0.0450000000000 0.6000000000000 0.0450000000000 0.7696661359876 0.7696661359876 25280.602000000  2526.194266801 13061.448000000   205.922600000    21.975215052    52.575497500    -389225  0.549057340241  0.549057340241  0.170669650000  0.126494500000  0.332592800000 22259.554   186.700     0.878819500     0.988015300  -52.14990
   0  7 0.9899272400000 0.6000000000000 0.0450000000000 0.6000000000000 0.0450000000000 0.8482691520371 0.8482691520371 24045.014500000  2703.418912412 14831.046000000   327.898900000    14.953146172    22.206100000    -100260  0.306686377408  0.306686377408  0.136484300000  0.054388312500  0.470260500000 21495.260   235.168     0.887719750     0.992730490  -54.05805
   0  7 0.9816256000000 0.6000000000000 0.0450000000000 0.6000000000000 0.0450000000000 0.6253778986052 0.6253778986052 24707.108500000  2660.005897218 14592.860000000   266.090900000    16.161699316    27.182012500    -115683  0.479116448636  0.479116448636  0.222710050000  0.052203562500  0.326284900000 20555.969   215.406     0.823317750     0.990844545  -52.87041
   0  7 0.9872981000000 0.6000000000000 0.0450000000000 0.6000000000000 0.0450000000000 0.6295606310119 0.6295606310119 22466.959000000  2562.706449484 13489.910000000   219.635300000    17.753055597    34.485380000    -437338  0.432504201824  0.432504201824  0.126953150000  0.081976687500  0.224233600000 18947.246   191.305     0.841038625     0.989878286  -56.85270
   0  6 0.9508879800000 0.6000000000000 0.0450000000000 0.6000000000000 0.0450000000000 0.7058596908781 0.7058596908781 26181.767500000  2494.401682306 13004.796000000   233.033700000    18.617824494    32.426732500    -226803  0.592594055273  0.592594055273  0.125373750000  0.084343875000  0.264932700000 22675.151   195.144     0.861572250     0.989030989  -54.31387
   0  6 0.9809110800000 0.6000000000000 0.0450000000000 0.6000000000000 0.0450000000000 0.4801449793942 0.4801449793942 24723.727000000  2406.279981069 12615.260000000   233.487100000    19.136930075    36.868507500    -929851  0.565348757569  0.565348757569  0.165056700000  0.185453937500  0.249519700000 21293.173   203.475     0.857781250     0.989563207  -51.88069
   0  9 0.9878783000000 0.6000000000000 0.0450000000000 0.6000000000000 0.0450000000000 0.7198209393108 0.7198209393108 20956.579000000  2800.412012614 14390.446000000   255.832300000    14.882775998    27.554040000    -351777  0.468505032781  0.468505032781  0.160531750000  0.086435437500  0.260513000000 19388.043   212.152     0.937698875     0.991891333  -54.92683
   0  7 0.9663945700000 0.6000000000000 0.0450000000000 0.6000000000000 0.0450000000000 0.7811273129790 0.7811273129790 25653.877000000  2455.731099369 13165.014000000   230.354100000    18.452587758    34.136167500    -265865  0.488432746956  0.488432746956  0.160601850000  0.072480125000  0.539308700000 20389.893   195.883     0.792486625     0.989090470  -55.86968
   0  8 0.9715633700000 0.6000000000000 0.0450000000000 0.6000000000000 0.0450000000000 0.6815119356718 0.6815119356718 21430.753000000  2839.082737763 14405.866000000   220.445600000    15.999334856    30.814797500    -683399  0.583736297518  0.583736297518  0.146652500000  0.087559187500  0.244340100000 17926.203   187.254     0.833304750     0.990459590  -53.57332
   0  6 0.9894473800000 0.6000000000000 0.0450000000000 0.6000000000000 0.0450000000000 0.5762011720171 0.5762011720171 19768.066000000  2818.077130113 13730.620000000   199.265900000    18.652420581    44.907805000    -432951  0.410216932822  0.410216932822  0.147751450000  0.131053625000  0.488790100000 17998.574   181.687     0.930060250     0.990168979  -52.09248
   0  6 0.9895043500000 0.6000000000000 0.0450000000000 0.6000000000000 0.0450000000000 0.7063615758532 0.7063615758532 25920.650500000  2334.453534372 12425.542000000   207.994800000    19.670786489    34.111435000    -791578  0.334307801684  0.334307801684  0.165330800000  0.164671000000  0.365736600000 20503.604   178.241     0.792235000     0.987649662  -50.46071
   0 11 0.9739040500000 0.6000000000000 0.0450000000000 0.6000000000000 0.0450000000000 0.9472625750944 0.9472625750944 25164.380500000  2512.540640681 14363.540000000   293.898000000    14.456808687    20.709020000     -43975  0.594288373865  0.594288373865  0.123964950000  0.252942187500  0.240545400000 20442.281   216.392     0.781101625     0.991589293  -50.64972
   0  7 0.9853675800000 0.6000000000000 0.0450000000000 0.6000000000000 0.0450000000000 0.6837484473734 0.6837484473734 24005.284000000  2614.330570622 14195.620000000   205.146200000    20.144911829    50.042837500    -760993  0.411572545486  0.411572545486  0.103063000000  0.083243375000  0.365840600000 20665.003   186.919     0.853034375     0.988436107  -54.22791
   0  7 0.9607949900000 0.6000000000000 0.0450000000000 0.6000000000000 0.0450000000000 0.7439644693830 0.7439644693830 22183.553500000  2670.991777217 13577.246000000   270.861100000    16.567640297    31.383677500    -574835  0.557870729434  0.557870729434  0.184630000000  0.065425875000  0.240955100000 20033.449   223.451     0.911328250     0.991989395  -53.71315
   0 10 0.9866917200000 0.6000000000000 0.0450000000000 0.6000000000000 0.0450000000000 0.9440726388085 0.9440726388085 22088.162500000  2616.320837706 14060.988000000   223.512000000    16.235976011    33.993525000    -281262  0.411869465920  0.411869465920  0.139402150000  0.051254375000  0.202236500000 17321.994   193.595     0.772707000     0.990225518  -54.38039
   0  7 0.9869071500000 0.6000000000000 0.0450000000000 0.6000000000000 0.0450000000000 0.5168464566512 0.5168464566512 21564.889000000  2339.418257741 11840.394000000   234.489700000    18.372733840    35.328852500    -308819  0.530371503472  0.530371503472  0.166751950000  0.077179187500  0.348933900000 18857.932   202.136     0.879128500     0.990902524  -55.20353
   0 10 0.9798513400000 0.6000000000000 0.0450000000000 0.6000000000000 0.0450000000000 0.9249892865189 0.9249892865189 22203.857500000  2478.516820951 13239.212000000   194.469500000    21.554498845    63.992227500    -749489  0.477717176322  0.477717176322  0.180793150000  0.122848812500  0.451166500000 19173.178   177.592     0.849146250     0.988752770  -51.69023
   0  8 0.9874114700000 0.6000000000000 0.0450000000000 0.6000000000000 0.0450000000000 0.6443371746189 0.6443371746189 22195.055500000  2735.726263277 14493.180000000   198.540600000    18.456029375    45.081420000      -1175  0.470761856265  0.470761856265  0.128733950000  0.115310250000  0.561944200000 19746.087   180.307     0.886139875     0.988937526  -54.18881
   0  9 0.9822790500000 0.6000000000000 0.0450000000000 0.6000000000000 0.0450000000000 0.6753023824033 0.6753023824033 25672.318000000  2531.473975141 14458.742000000   229.525100000    17.066220364    33.050505000    -906934  0.553173776401  0.553173776401  0.106447050000  0.069157625000  0.528546600000 21970.810   199.152     0.834829125     0.988967244  -55.62069
   0 10 0.9886685200000 0.6000000000000 0.0450000000000 0.6000000000000 0.0450000000000 0.9501057417471 0.9501057417471 21920.830000000  2347.901789691 12563.026000000   254.048300000    16.192400403    28.622217500    -422953  0.394132068054  0.394132068054  0.157249500000  0.066934500000  0.204855100000 19877.155   208.934     0.905088875     0.991453951  -56.12209
   0  9 0.9890415300000 0.6000000000000 0.0450000000000 0.6000000000000 0.0450000000000 0.6988333287622 0.6988333287622 24019.729000000  2387.098665758 13224.634000000   278.817400000    16.021927320    25.741060000     -19040  0.472254578976  0.472254578976  0.154704200000  0.086710250000  0.250523900000 21301.411   219.430     0.874789125     0.991465297  -55.83878
   0  6 0.9766006100000 0.6000000000000 0.0450000000000 0.6000000000000 0.0450000000000 0.7092966225128 0.7092966225128 21606.901000000  2437.729612001 12108.280000000   275.321100000    17.913838016    34.479400000    -373650  0.409141352327  0.409141352327  0.127647550000  0.065028062500  0.444570700000 18687.854   229.212     0.871721000     0.992281755  -53.08726
   0  6 0.9656235500000 0.6000000000000 0.0450000000000 0.6000000000000 0.0450000000000 0.9246986047700 0.9246986047700 26846.386000000  2345.818562038 12203.634000000   208.430400000    22.950348355    53.626515000    -123227  0.369128212525  0.369128212525  0.209049600000  0.064962937500  0.225406000000 21570.335   187.536     0.803793125     0.987385467  -50.94776
   0  6 0.9607547300000 0.6000000000000 0.0450000000000 0.6000000000000 0.0450000000000 0.9318923189765 0.9318923189765 25108.963000000  2402.774858737 12308.454000000   319.927000000    17.661242410    31.277760000    -940185  0.392379381693  0.392379381693  0.169577450000  0.198420750000  0.322528000000 19893.313   245.287     0.796772500     0.992323654  -48.45361
   0 10 0.9884058300000 0.6000000000000 0.0450000000000 0.6000000000000 0.0450000000000 0.7711889455166 0.7711889455166 23817.134500000  2231.769813731 12292.960000000   352.731300000    15.199858232    20.151222500    -257801  0.488015827175  0.488015827175  0.132804000000  0.056623937500  0.598025900000 20153.003   225.252     0.829962375     0.993313642  -51.33381
   0  8 0.9784617100000 0.6000000000000 0.0450000000000 0.6000000000000 0.0450000000000 0.8102481040145 0.8102481040145 22468.376500000  2622.965156700 13836.112000000   209.707800000    18.769317768    45.250095000    -602660  0.437532357804  0.437532357804  0.163992700000  0.057544312500  0.200127500000 19705.197   189.547     0.872543875     0.989453336  -55.30497
   0  7 0.9771009800000 0.6000000000000 0.0450000000000 0.6000000000000 0.0450000000000 0.6809216476508 0.6809216476508 21399.473500000  2652.362511075 13479.192000000   239.667500000    17.071092280    33.891020000    -152530  0.473803279869  0.473803279869  0.111600900000  0.113028000000  0.314365200000 18900.780   206.290     0.887736000     0.991216605  -55.26394
   0  6 0.9888103400000 0.6000000000000 0.0450000000000 0.6000000000000 0.0450000000000 0.5319682454561 0.5319682454561 22381.477000000  2508.191057930 12960.648000000   271.667400000    17.066684608    29.219860000    -872882  0.449076567023  0.449076567023  0.168760300000  0.058647875000  0.465968500000 18085.822   216.927     0.813375000     0.991839446  -55.75633
   0  7 0.9891438300000 0.6000000000000 0.0450000000000 0.6000000000000 0.0450000000000 0.7927967439859 0.7927967439859 24040.978000000  2813.024891074 15426.642000000   243.637200000    16.012229897    29.473132500    -495357  0.332662537008  0.332662537008  0.100170600000  0.050541812500  0.294329300000 20469.313   207.433     0.841889000     0.990223562  -54.98157
   0  8 0.9825285600000 0.6000000000000 0.0450000000000 0.6000000000000 0.0450000000000 0.9596001266800 0.9596001266800 22321.226500000  2453.598657365 12882.068000000   204.152600000    19.611043822    46.207480000    -126399  0.344497376977  0.344497376977  0.132878400000  0.123205187500  0.444594200000 20084.047   185.020     0.902002250     0.989213645  -54.41229
   0  9 0.9817220800000 0.6000000000000 0.0450000000000 0.6000000000000 0.0450000000000 0.6612444287913 0.6612444287913 23122.856500000  2458.781434022 13295.294000000   235.829000000    16.417421582    27.532492500    -609926  0.570624023348  0.570624023348  0.175128450000  0.150354937500  0.417107600000 18890.197   192.414     0.806249250     0.990331572  -52.53949
   0  8 0.9879006400000 0.6000000000000 0.0450000000000 0.6000000000000 0.0450000000000 0.7518362633137 0.7518362633137 23634.574000000  2488.646262665 13562.056000000   200.432500000    20.967736998    55.081930000    -899193  0.399934679949  0.399934679949  0.141410850000  0.058129437500  0.451362200000 20811.765   183.492     0.872173125     0.988327315  -54.83364
   0  7 0.9895307500000 0.6000000000000 0.0450000000000 0.6000000000000 0.0450000000000 0.5998884676120 0.5998884676120 25074.551500000  2203.386030494 11548.180000000   191.770000000    22.378949862    49.309475000    -874375  0.436683514028  0.436683514028  0.145437500000  0.065327062500  0.210493900000 22145.067   173.402     0.880088250     0.987041752  -50.62770
   0  9 0.9861254800000 0.6000000000000 0.0450000000000 0.6000000000000 0.0450000000000 0.6186699744771 0.6186699744771 21333.971500000  2637.923151801 13776.724000000   201.706400000    17.687861043    40.731880000    -609974  0.563015446048  0.563015446048  0.115952100000  0.063703750000  0.268899800000 18952.814   181.020     0.884701250     0.989542570  -55.10429
   0  6 0.9646451200000 0.6000000000000 0.0450000000000 0.6000000000000 0.0450000000000 0.9612450845425 0.9612450845425 22242.319000000  2709.416981922 13697.704000000   240.751100000    17.011710844    30.803975000    -948258  0.360091567680  0.360091567680  0.113274150000  0.130511875000  0.590183500000 18756.621   199.821     0.845600125     0.990954490  -55.03339
   0  7 0.9769990300000 0.6000000000000 0.0450000000000 0.6000000000000 0.0450000000000 0.9060409625122 0.9060409625122 23852.032000000  2627.591125934 14077.336000000   235.022300000    17.498099924    34.548300000    -783113  0.356665507117  0.356665507117  0.146487500000  0.104413187500  0.516395900000 20307.551   203.994     0.844943250     0.990016941  -55.91484
   0  6 0.9654248400000 0.6000000000000 0.0450000000000 0.6000000000000 0.0450000000000 0.8140865749435 0.8140865749435 25777.807000000  2585.433822736 13815.976000000   287.061900000    16.784711208    27.121855000    -190417  0.420476896297  0.420476896297  0.130607500000  0.097135625000  0.594499600000 22103.230   222.740     0.850486875     0.991205909  -55.12656
   0  8 0.9875904000000 0.6000000000000 0.0450000000000 0.6000000000000 0.0450000000000 0.6184731359107 0.6184731359107 24063.131500000  2245.159170986 11953.470000000   201.569400000    21.646840531    52.492752500    -416951  0.488882144222  0.488882144222  0.120006700000  0.137632687500  0.425484400000 19301.823   181.957     0.799945000     0.988185211  -52.39213
   0  6 0.9844104700000 0.6000000000000 0.0450000000000 0.6000000000000 0.0450000000000 0.4962326868479 0.4962326868479 25850.086000000  2599.588756066 14285.730000000   243.135400000    17.438834881    29.994042500    -482643  0.517387847492  0.517387847492  0.194178900000  0.074001937500  0.442681200000 19966.832   202.951     0.774574500     0.989499404  -53.73650
   0  8 0.9855809300000 0.6000000000000 0.0450000000000 0.6000000000000 0.0450000000000 0.6232515091651 0.6232515091651 21991.664500000  2727.751268511 14344.568000000   214.752800000    17.306855396    38.548400000     -53402  0.502783844486  0.502783844486  0.157471200000  0.140871187500  0.244036600000 18385.943   191.033     0.830605875     0.989878633  -53.24901
   0 10 0.9892793200000 0.6000000000000 0.0450000000000 0.6000000000000 0.0450000000000 0.9646187903685 0.9646187903685 21598.112500000  2247.077067291 11849.710000000   228.308500000    17.704924678    36.573797500    -838641  0.383686924018  0.383686924018  0.223382000000  0.107986750000  0.590750500000 17830.400   197.985     0.817172875     0.990626360  -50.88979
   0  9 0.9804146600000 0.6000000000000 0.0450000000000 0.6000000000000 0.0450000000000 0.8331905558332 0.8331905558332 22584.800500000  2199.085987022 11404.640000000   221.439500000    18.772215028    37.760210000    -982500  0.463595494996  0.463595494996  0.122202550000  0.075021937500  0.433846800000 18354.760   191.391     0.810458875     0.989950137  -54.55064
   0  9 0.9765911800000 0.6000000000000 0.0450000000000 0.6000000000000 0.0450000000000 0.9214185811632 0.9214185811632 23820.901000000  2391.204073056 12951.986000000   234.314300000    17.351136255    32.417892500    -704314  0.448564929893  0.448564929893  0.144442250000  0.089640125000  0.272365800000 19384.296   197.945     0.802828250     0.990001772  -56.49194
   0  7 0.9614708400000 0.6000000000000 0.0450000000000 0.6000000000000 0.0450000000000 0.9161413611865 0.9161413611865 21448.208500000  2647.675383583 13231.872000000   201.380500000    19.029142894    42.971292500    -212290  0.448498542912  0.448498542912  0.156956000000  0.050110875000  0.282328500000 18828.229   180.104     0.883026000     0.989581002  -54.67137
   0 10 0.9799863600000 0.6000000000000 0.0450000000000 0.6000000000000 0.0450000000000 0.9612093316859 0.9612093316859 23327.327500000  2328.751539433 12661.340000000   204.498500000    18.885227263    42.250897500    -646311  0.458572497878  0.458572497878  0.180886550000  0.105136625000  0.272585200000 20291.454   181.903     0.855220250     0.988762376  -53.54892
   0  7 0.9761825700000 0.6000000000000 0.0450000000000 0.6000000000000 0.0450000000000 0.6119252506707 0.6119252506707 22328.111500000  2493.997174170 12838.512000000   236.356400000    17.799445483    34.182252500    -661697  0.535071174707  0.535071174707  0.187969800000  0.137541875000  0.411752400000 19351.108   202.621     0.867279375     0.990711070  -53.31877
   0  6 0.9894314900000 0.6000000000000 0.0450000000000 0.6000000000000 0.0450000000000 0.4347866642590 0.4347866642590 22986.574000000  2596.825584043 13683.074000000   207.768100000    19.919524412    46.599690000    -507916  0.543784698560  0.543784698560  0.131118800000  0.054328625000  0.233094200000 19461.527   188.553     0.845100750     0.989036283  -56.19640
   0  8 0.9741355100000 0.6000000000000 0.0450000000000 0.6000000000000 0.0450000000000 0.9268234127391 0.9268234127391 24328.339000000  2746.232266533 15026.344000000   256.285200000    15.452698022    25.648922500    -577958  0.411361980445  0.411361980445  0.145438000000  0.062094687500  0.242889300000 19685.783   205.817     0.799155875     0.990674446  -55.30713
   0  9 0.9869753900000 0.6000000000000 0.0450000000000 0.6000000000000 0.0450000000000 0.8028727641759 0.8028727641759 28385.089000000  2228.630436307 12852.908000000   234.166300000    18.742509525    35.702732500    -564083  0.427110692118  0.427110692118  0.173545700000  0.067900812500  0.249942700000 22564.087   201.703     0.779677875     0.988008233  -53.29755
   0  8 0.9874646800000 0.6000000000000 0.0450000000000 0.6000000000000 0.0450000000000 0.9662537415585 0.9662537415585 22463.678500000  2399.866421356 12674.820000000   209.767800000    18.476592068    37.187657500    -773080  0.313624683474  0.313624683474  0.147440400000  0.090323625000  0.429485100000 19782.369   185.175     0.877782125     0.989402507  -55.58341
   0  8 0.9620886000000 0.6000000000000 0.0450000000000 0.6000000000000 0.0450000000000 0.9235439669763 0.9235439669763 23361.563500000  2516.831581903 13206.980000000   271.205500000    16.490001864    28.541195000     -79915  0.501706884674  0.501706884674  0.224713800000  0.061205687500  0.563824800000 19662.082   215.619     0.835565250     0.991572025  -53.22828
   0  6 0.9863976000000 0.6000000000000 0.0450000000000 0.6000000000000 0.0450000000000 0.4387083578987 0.4387083578987 23640.460000000  2205.428277347 10987.242000000   290.371800000    18.084746510    28.832005000     -53294  0.566655097543  0.566655097543  0.129088700000  0.176651687500  0.377620900000 17521.255   215.569     0.762851250     0.991948961  -49.23419
   0  6 0.9733165200000 0.6000000000000 0.0450000000000 0.6000000000000 0.0450000000000 0.9149688413237 0.9149688413237 21983.767000000  2833.724481768 14393.208000000   235.668100000    16.722331511    32.179992500    -607407  0.333323287831  0.333323287831  0.264056800000  0.073691687500  0.275067700000 20392.850   202.831     0.948211375     0.990839119  -50.36089
   0  6 0.9808101400000 0.6000000000000 0.0450000000000 0.6000000000000 0.0450000000000 0.4934510297751 0.4934510297751 22351.075000000  2610.895850616 13435.704000000   301.647100000    16.292248614    27.162642500    -274587  0.550977371473  0.550977371473  0.118566850000  0.078158062500  0.587478700000 18259.806   227.890     0.820959125     0.992697168  -55.32055
   0 12 0.9866726600000 0.6000000000000 0.0450000000000 0.6000000000000 0.0450000000000 0.8674887063380 0.8674887063380 25756.963000000  2324.729460111 13780.384000000   232.845500000    16.667396613    34.538452500    -311648  0.582027561844  0.582027561844  0.142998650000  0.105200937500  0.273267800000 21490.080   201.827     0.798281750     0.989059018  -54.78827
   0  7 0.9761977400000 0.6000000000000 0.0450000000000 0.6000000000000 0.0450000000000 0.7916547194824 0.7916547194824 25219.811500000  2574.404825339 14070.136000000   227.672000000    17.583366426    31.650307500     -52398  0.413493261513  0.413493261513  0.134335500000  0.096451875000  0.415640900000 19885.504   193.135     0.785742125     0.989107783  -55.17692
   0  6 0.9703201600000 0.6000000000000 0.0450000000000 0.6000000000000 0.0450000000000 0.7743722661535 0.7743722661535 25517.122000000  2420.588962920 12668.560000000   314.414400000    17.066611479    26.601172500    -432895  0.411746167935  0.411746167935  0.183185450000  0.134883625000  0.310326200000 21646.789   229.852     0.844302000     0.992039202  -52.14982
   0  7 0.9574829300000 0.6000000000000 0.0450000000000 0.6000000000000 0.0450000000000 0.8330797017980 0.8330797017980 21362.996500000  2979.270687193 14683.388000000   227.769200000    16.172892361    33.170235000    -281889  0.523104035961  0.523104035961  0.121404450000  0.053119687500  0.402883900000 19192.349   196.387     0.906777375     0.990832914  -55.71468
   0  7 0.9753621700000 0.6000000000000 0.0450000000000 0.6000000000000 0.0450000000000 0.7518063900636 0.7518063900636 23492.284000000  2407.115960965 12536.718000000   219.302400000    19.678755007    43.002167500    -946993  0.441271502319  0.441271502319  0.148304250000  0.096665062500  0.376521300000 20800.653   196.423     0.885721250     0.989470669  -54.95398
   0 10 0.9785871700000 0.6000000000000 0.0450000000000 0.6000000000000 0.0450000000000 0.7565025108896 0.7565025108896 20872.136500000  2500.721996887 12881.058000000   249.290600000    15.923844520    30.068142500     -78496  0.597856024118  0.597856024118  0.154518000000  0.090703125000  0.377385200000 19103.465   207.790     0.923216375     0.991757738  -55.26964
   0 11 0.9868888200000 0.6000000000000 0.0450000000000 0.6000000000000 0.0450000000000 0.9849285107393 0.9849285107393 29141.318500000  2091.318858668 12424.476000000   199.347400000    25.661255267    73.106917500    -745424  0.446414292638  0.446414292638  0.278319150000  0.073563250000  0.499517100000 23980.901   180.798     0.796503625     0.985539252  -44.97325
   0  8 0.9662703800000 0.6000000000000 0.0450000000000 0.6000000000000 0.0450000000000 0.8641204203611 0.8641204203611 25241.020000000  2373.021822710 12739.490000000   231.397200000    18.434190281    35.104765000    -627795  0.501697341241  0.501697341241  0.179491900000  0.058440562500  0.251386900000 19830.275   196.868     0.782741000     0.989314840  -55.40006
   0  7 0.9895834200000 0.6000000000000 0.0450000000000 0.6000000000000 0.0450000000000 0.8177156451857 0.8177156451857 20978.354500000  2394.242462004 12091.612000000   277.744600000    17.277088864    32.295757500    -638606  0.320063199387  0.320063199387  0.140894500000  0.052377812500  0.248271000000 17096.344   227.178     0.822147125     0.992514234  -53.24388
   0  7 0.9883088100000 0.6000000000000 0.0450000000000 0.6000000000000 0.0450000000000 0.6911139301066 0.6911139301066 25660.046500000  2320.911186086 12563.972000000   211.425600000    20.086211633    40.738217500    -269604  0.387176704271  0.387176704271  0.145793600000  0.127813687500  0.535045600000 19263.045   185.958     0.757983750     0.987982492  -52.87704
   0 10 0.9843834200000 0.6000000000000 0.0450000000000 0.6000000000000 0.0450000000000 0.7809951997963 0.7809951997963 23631.415000000  2063.205721566 10889.596000000   222.357100000    19.077854833    38.845872500     -82054  0.520039009783  0.520039009783  0.152249800000  0.120125062500  0.586806400000 19470.091   192.447     0.817056250     0.989503811  -52.09611
   0  9 0.9800222200000 0.6000000000000 0.0450000000000 0.6000000000000 0.0450000000000 0.7106425031912 0.7106425031912 20837.266000000  2412.479793682 12308.096000000   211.787900000    18.780476960    44.439902500    -189860  0.547360402701  0.547360402701  0.126976100000  0.079623687500  0.411523100000 19352.643   191.297     0.951658000     0.990307239  -53.50708
   0  8 0.9813898600000 0.6000000000000 0.0450000000000 0.6000000000000 0.0450000000000 0.6051540480817 0.6051540480817 24579.236500000  2280.977491358 12202.982000000   242.713200000    18.295639603    34.316282500    -448792  0.557154705805  0.557154705805  0.139011350000  0.132421937500  0.395768400000 20617.570   206.503     0.831595250     0.990015972  -54.52524
   0  8 0.9864747000000 0.6000000000000 0.0450000000000 0.6000000000000 0.0450000000000 0.9543697581057 0.9543697581057 26018.242000000  2453.768795242 13870.986000000   192.738200000    25.155191329    73.794942500     -68687  0.323182574792  0.323182574792  0.147951350000  0.097298000000  0.229202000000 20804.163   175.463     0.788917875     0.986649956  -51.65831
   0  7 0.9855724000000 0.6000000000000 0.0450000000000 0.6000000000000 0.0450000000000 0.6064668647162 0.6064668647162 27506.347000000  2284.295663962 12495.284000000   245.228800000    19.005174890    34.771477500     -31795  0.462408287759  0.462408287759  0.140623100000  0.273012125000  0.386510500000 21002.104   208.046     0.765556750     0.988913895  -47.29377
   0  6 0.9759020700000 0.6000000000000 0.0450000000000 0.6000000000000 0.0450000000000 0.7509227058878 0.7509227058878 19919.495500000  2643.709897686 12775.842000000   232.319900000    17.458789732    33.853905000    -212833  0.390599301846  0.390599301846  0.164126200000  0.056550750000  0.450776400000 17874.016   198.801     0.914940500     0.991570206  -54.79602
   0  6 0.9645137100000 0.6000000000000 0.0450000000000 0.6000000000000 0.0450000000000 0.8100222469902 0.8100222469902 26639.579500000  2355.427264758 12234.052000000   229.337300000    19.715200215    36.213405000    -933125  0.428117412878  0.428117412878  0.119193650000  0.110549000000  0.443100900000 22727.523   196.640     0.849150625     0.988627458  -52.64255
   0  8 0.9579579500000 0.6000000000000 0.0450000000000 0.6000000000000 0.0450000000000 0.9325688126457 0.9325688126457 25499.882500000  2493.172963119 13499.606000000   211.615600000    21.017476670    53.116525000     -67790  0.530017206928  0.530017206928  0.219731850000  0.147005750000  0.358339900000 21616.816   191.243     0.836863125     0.988221317  -48.96365
 
  COND2           1     1350073  1.827170662991437E+044  1.767943921774670E+042
  9.675855450088059E-003         100
   1350073  28359511   1212490         0     39659         0         0         0         0         0   1428277        15         0  13209975   1350073
 PARAMETER FILE GI01A.PAR   
