  Aa Am            MSYL            MSYR           MORTJ           MORTA             K1+           PInit      ISEED   PTarget           CVADD              AR        PREG-MAX           GAMMA              P0   SSTILDA     LIKEL
   0  7 0.9767530000000 0.6000000000000 0.0450000000000 0.6000000000000 0.0100000000000 0.9626360047695 0.2783574897885 24000.275500000  2323.251049141 12065.176000000   358.499900000   139.337614714   136.249770000    -153636  0.337029225950  0.337029225950  0.115889200000  0.095283187500  0.570974600000 20218.740   180.168     0.840531125     0.993415483  -53.25369
   0  8 0.9539901100000 0.6000000000000 0.0450000000000 0.6000000000000 0.0100000000000 0.9308916488920 0.3261991076059 22922.570500000  2679.079866143 13895.230000000   387.513700000   121.621255663   124.787865000    -485265  0.564438946240  0.564438946240  0.165382800000  0.171081875000  0.440987600000 19910.791   175.317     0.864023125     0.994222184  -50.45627
   0  6 0.9879624300000 0.6000000000000 0.0450000000000 0.6000000000000 0.0100000000000 0.5524422268120 0.1367450693405 24560.417500000  2514.142855319 13491.744000000   498.453500000   108.819100729   113.987432500    -173411  0.438562180172  0.438562180172  0.113464450000  0.119662875000  0.472571300000 22265.017   180.147     0.906438000     0.995122236  -51.62442
   0  7 0.9784786700000 0.6000000000000 0.0450000000000 0.6000000000000 0.0100000000000 0.7996734566147 0.2245628275026 24784.288000000  2338.525849971 12354.776000000   479.659700000   122.927487336   128.833497500     -18927  0.394544522330  0.394544522330  0.149564800000  0.114269687500  0.239403600000 21939.800   192.526     0.882408250     0.994913666  -52.49306
   0  7 0.9827139000000 0.6000000000000 0.0450000000000 0.6000000000000 0.0100000000000 0.6483722307554 0.1679592075451 23455.199500000  2532.571027323 13489.004000000   362.618200000   138.925141886   140.102287500     -24205  0.453840328243  0.453840328243  0.118580650000  0.058128312500  0.212618700000 20380.795   189.479     0.864346375     0.993618131  -55.03746
   0  7 0.9859664800000 0.6000000000000 0.0450000000000 0.6000000000000 0.0100000000000 0.5808592141667 0.1399607644227 22675.750000000  2450.747150110 12827.390000000   487.802200000   113.183220474   120.263052500    -123319  0.479568501370  0.479568501370  0.120491100000  0.059332625000  0.527017300000 18864.053   181.192     0.830982750     0.995404361  -54.47541
   0  7 0.9780325900000 0.6000000000000 0.0450000000000 0.6000000000000 0.0100000000000 0.6232588250197 0.1763839988110 24382.501000000  2643.738720735 14337.666000000   294.919500000   160.270195920   146.989850000    -616852  0.509900165317  0.509900165317  0.175369100000  0.118445250000  0.534570200000 21152.933   179.139     0.859548625     0.991863457  -51.52680
   0  6 0.9744467900000 0.6000000000000 0.0450000000000 0.6000000000000 0.0100000000000 0.6663126316122 0.2151864026584 24402.076000000  2692.044418982 14358.880000000   355.204200000   139.540014941   139.775500000    -276351  0.450007480985  0.450007480985  0.132113550000  0.069320562500  0.478047600000 21012.870   188.755     0.855918375     0.993250175  -54.29510
   0  6 0.9809347000000 0.6000000000000 0.0450000000000 0.6000000000000 0.0100000000000 0.5641348612042 0.1632899815348 24697.631500000  2579.933026015 13832.186000000   428.516500000   121.003589214   125.344590000    -839996  0.480999476778  0.480999476778  0.183358050000  0.111091312500  0.577840500000 20161.819   184.089     0.813717500     0.994319201  -52.06261
   0  9 0.9833112700000 0.6000000000000 0.0450000000000 0.6000000000000 0.0100000000000 0.8726478204593 0.1894648882069 24786.299500000  2277.993472274 12509.742000000   458.431200000   128.448692284   134.315435000    -944330  0.420169205841  0.420169205841  0.127536950000  0.088177875000  0.300409000000 21301.870   196.325     0.845941375     0.994663598  -53.67795
   0  8 0.9641054200000 0.6000000000000 0.0450000000000 0.6000000000000 0.0100000000000 0.9638644540375 0.3061023525009 25103.293000000  2286.579009863 12034.528000000   423.419300000   133.066407506   135.306750000    -508683  0.465607981011  0.465607981011  0.103584050000  0.109813875000  0.371311100000 21179.448   189.211     0.838183500     0.994196170  -51.66219
   0  9 0.9748354200000 0.6000000000000 0.0450000000000 0.6000000000000 0.0100000000000 0.9100975777660 0.2312855324107 23601.620500000  2455.039040434 13275.092000000   345.458600000   151.058367920   149.216977500    -860357  0.468305109520  0.468305109520  0.132223400000  0.064153062500  0.428097800000 20259.065   192.465     0.845647125     0.993286279  -54.21069
   0  7 0.9862319800000 0.6000000000000 0.0450000000000 0.6000000000000 0.0100000000000 0.9077705076962 0.2173390521598 25142.443000000  2386.095288738 12926.078000000   467.215400000   131.950629424   140.007745000      -1497  0.305477955353  0.305477955353  0.201904650000  0.075137187500  0.397869900000 18295.471   203.181     0.741052625     0.994678997  -48.11345
   0  7 0.9868943900000 0.6000000000000 0.0450000000000 0.6000000000000 0.0100000000000 0.8523442208280 0.2007731632468 24660.344500000  2663.281720770 14705.360000000   458.457700000   116.488661666   123.877475000    -356310  0.321678235552  0.321678235552  0.141769050000  0.100037000000  0.420246400000 19757.308   188.202     0.796147875     0.994678996  -52.90585
   0  6 0.9888858500000 0.6000000000000 0.0450000000000 0.6000000000000 0.0100000000000 0.4554269801587 0.1099905864032 23264.579500000  2352.932041835 12100.700000000   370.395800000   137.432888167   137.247942500    -749460  0.523891211970  0.523891211970  0.148826650000  0.105646812500  0.428093900000 18364.746   183.588     0.797185875     0.993778130  -52.93085
   0  8 0.9812012400000 0.6000000000000 0.0450000000000 0.6000000000000 0.0100000000000 0.6967796347563 0.1718863629321 22337.291500000  2561.881834452 13503.042000000   366.934200000   126.438115472   128.444180000    -334253  0.485467308155  0.485467308155  0.172005350000  0.102429562500  0.337206300000 18699.766   176.172     0.832061875     0.993998944  -52.07823
   0  7 0.9870391400000 0.6000000000000 0.0450000000000 0.6000000000000 0.0100000000000 0.6762808446070 0.1587241857056 22705.747000000  2321.288868945 11976.958000000   408.202900000   135.183538915   140.017625000    -817451  0.404419181232  0.404419181232  0.140784200000  0.098179250000  0.405819300000 17733.985   192.379     0.789247125     0.994497049  -52.40165
   0  6 0.9852963900000 0.6000000000000 0.0450000000000 0.6000000000000 0.0100000000000 0.6363842898694 0.1681365362257 23795.629000000  2521.311457386 13319.816000000   317.372000000   150.075592424   142.561302500    -563986  0.397706452350  0.397706452350  0.135125500000  0.112117937500  0.292080300000 19345.757   179.588     0.813474500     0.992590829  -53.50441
   0  6 0.9785736600000 0.6000000000000 0.0450000000000 0.6000000000000 0.0100000000000 0.7432114212304 0.2245723931907 22231.640500000  2669.191185965 13697.482000000   398.229700000   122.304674341   127.757617500    -642592  0.378801176983  0.378801176983  0.116656700000  0.062878937500  0.412238500000 20439.500   183.481     0.934005625     0.994504334  -53.65701
   0  6 0.9885181000000 0.6000000000000 0.0450000000000 0.6000000000000 0.0100000000000 0.7393574961929 0.1803460897818 23526.857500000  2715.589085334 14525.304000000   456.770500000   119.949158006   129.614992500    -483004  0.324685324962  0.324685324962  0.111031250000  0.131781500000  0.483717000000 21265.499   197.095     0.904863125     0.994899129  -51.97044
   0  6 0.9888628600000 0.6000000000000 0.0450000000000 0.6000000000000 0.0100000000000 0.5849226973094 0.1413537594017 22738.768000000  2187.265071685 10748.694000000   495.219600000   126.444450677   134.298145000    -621948  0.408063488045  0.408063488045  0.137389900000  0.056776562500  0.393649900000 19298.011   195.259     0.854970875     0.995451651  -51.46665
   0  7 0.9606664400000 0.6000000000000 0.0450000000000 0.6000000000000 0.0100000000000 0.9319717451484 0.3308779467067 24650.530000000  2582.902190673 13722.186000000   499.421700000   113.841593888   121.025015000    -179364  0.446181176435  0.446181176435  0.138261500000  0.060678375000  0.242205100000 21708.930   186.294     0.876155500     0.995172455  -54.66756
   0  7 0.9791146500000 0.6000000000000 0.0450000000000 0.6000000000000 0.0100000000000 0.5513196941726 0.1530844293764 23122.060000000  2670.151108572 14155.876000000   442.334200000   119.202613743   127.289422500     -37531  0.566379098805  0.566379098805  0.144618750000  0.116884187500  0.250452000000 19817.098   188.600     0.852377250     0.994852717  -53.79508
   0  8 0.9741545300000 0.6000000000000 0.0450000000000 0.6000000000000 0.0100000000000 0.7461346419499 0.2079444041290 23934.908500000  2494.768401693 13417.680000000   474.374500000   116.820129130   123.642370000    -503286  0.510818381093  0.510818381093  0.141448900000  0.156896562500  0.376899000000 20171.300   185.606     0.833834250     0.995043220  -52.70392
   0  7 0.9693774600000 0.6000000000000 0.0450000000000 0.6000000000000 0.0100000000000 0.8623712413914 0.2775173831262 22804.985500000  2751.157196038 14333.596000000   334.964000000   147.087708379   147.197427500    -267203  0.422619746678  0.422619746678  0.207469450000  0.079656812500  0.428566300000 20004.549   190.460     0.875387125     0.993324078  -50.81771
   0 11 0.9748218500000 0.6000000000000 0.0450000000000 0.6000000000000 0.0100000000000 0.9287552963108 0.1975807161322 23525.467000000  2793.274449135 15301.472000000   316.269400000   143.761163465   140.325497500    -819013  0.595826402524  0.595826402524  0.125224650000  0.123120687500  0.254053000000 21526.713   181.355     0.901600750     0.992690361  -51.56526
   0 11 0.9813712100000 0.6000000000000 0.0450000000000 0.6000000000000 0.0100000000000 0.9655246450227 0.1818464150929 22435.814500000  2442.672361805 13259.264000000   303.844000000   155.547464258   146.761082500    -272095  0.506421056436  0.506421056436  0.165500500000  0.136626062500  0.384949900000 19122.543   178.451     0.830733000     0.992720233  -51.64446
   0  8 0.9880391500000 0.6000000000000 0.0450000000000 0.6000000000000 0.0100000000000 0.9093244420134 0.1917957791587 24433.990000000  2562.841190628 14249.794000000   492.733700000   112.820030991   120.679085000    -242878  0.329848758117  0.329848758117  0.156977000000  0.056721625000  0.365915300000 22099.493   189.804     0.897471250     0.995090752  -53.98363
   0  9 0.9730457600000 0.6000000000000 0.0450000000000 0.6000000000000 0.0100000000000 0.7393045430630 0.1931184550192 25086.620500000  2206.673519248 11825.000000000   412.542500000   144.127090080   146.701965000    -624055  0.594680203227  0.594680203227  0.137770100000  0.076528875000  0.203870700000 22378.737   201.641     0.887633625     0.994028809  -50.01728
   0  6 0.9896292700000 0.6000000000000 0.0450000000000 0.6000000000000 0.0100000000000 0.5972089032964 0.1412828568205 25087.849000000  2617.189745372 14342.482000000   341.819900000   134.740478855   131.028385000    -478965  0.394583181475  0.394583181475  0.140232400000  0.080398000000  0.341214400000 19941.798   176.795     0.793658875     0.992725702  -52.44046
   0  7 0.9845029400000 0.6000000000000 0.0450000000000 0.6000000000000 0.0100000000000 0.9099571661356 0.2268095487783 23706.785500000  2274.291551730 11784.328000000   413.059600000   127.035148942   128.691830000    -412661  0.313815406102  0.313815406102  0.118085250000  0.109660750000  0.428010400000 19821.900   180.839     0.835241250     0.994331281  -52.73186
   0  9 0.9783016500000 0.6000000000000 0.0450000000000 0.6000000000000 0.0100000000000 0.8702921906737 0.2086271361243 21888.146500000  2543.779960403 13345.430000000   489.448700000   111.879013172   120.783995000    -543971  0.460816337938  0.460816337938  0.125089700000  0.142836375000  0.277930600000 20420.082   184.574     0.952024750     0.995598254  -51.32690
   0  6 0.9773216500000 0.6000000000000 0.0450000000000 0.6000000000000 0.0100000000000 0.7242005772487 0.2235293900194 25788.553000000  2327.761190276 12118.120000000   486.633500000   122.056438034   126.589307500    -514663  0.396320247643  0.396320247643  0.122951300000  0.113372062500  0.402263400000 22651.748   190.154     0.875566125     0.994786379  -51.03955
   0  6 0.9899026200000 0.6000000000000 0.0450000000000 0.6000000000000 0.0100000000000 0.6944570991733 0.1630128278205 22950.151000000  2791.501476738 14797.434000000   320.376400000   151.194551689   149.003290000    -844648  0.337775228386  0.337775228386  0.139701200000  0.118358437500  0.313226900000 19743.829   190.225     0.857421125     0.992898711  -52.36589
   0  7 0.9681390700000 0.6000000000000 0.0450000000000 0.6000000000000 0.0100000000000 0.7548329468027 0.2467208330632 22330.460500000  2659.596749559 13672.184000000   384.900600000   137.982737666   144.630512500    -710357  0.492134467723  0.492134467723  0.186264950000  0.081486750000  0.367480400000 18965.516   196.875     0.848376375     0.994313524  -51.48410
   0  7 0.9787026800000 0.6000000000000 0.0450000000000 0.6000000000000 0.0100000000000 0.8955442196080 0.2504959055237 23127.581500000  2432.472462978 12684.924000000   337.544800000   149.467234518   146.129802500    -910426  0.351025993381  0.351025993381  0.126712800000  0.060087437500  0.236916700000 19279.234   186.614     0.832284500     0.993254571  -54.71064
   0  6 0.9728982600000 0.6000000000000 0.0450000000000 0.6000000000000 0.0100000000000 0.7863939067817 0.2597591784845 22834.550500000  2746.841513262 14213.178000000   422.233100000   123.021230144   131.081945000    -285694  0.390254372275  0.390254372275  0.124543500000  0.071010312500  0.405857600000 19103.969   189.331     0.836641000     0.994689915  -54.54525
   0  7 0.9870148200000 0.6000000000000 0.0450000000000 0.6000000000000 0.0100000000000 0.6372703759661 0.1496597696650 22014.007000000  2567.235156654 13377.640000000   495.784900000   118.091000100   129.558767500    -912498  0.429354739577  0.429354739577  0.112154050000  0.085264062500  0.221478700000 19252.264   196.227     0.874504125     0.995607269  -54.47557
   0  6 0.9835996200000 0.6000000000000 0.0450000000000 0.6000000000000 0.0100000000000 0.5012072775845 0.1374879512224 23251.984000000  2467.545008729 12804.706000000   303.999700000   161.121917632   149.779162500    -437701  0.518969635406  0.518969635406  0.140922150000  0.086758000000  0.502701000000 20077.453   182.214     0.863004875     0.992449552  -54.30730
   0  6 0.9615593300000 0.6000000000000 0.0450000000000 0.6000000000000 0.0100000000000 0.8824053055438 0.3336538395791 27605.734000000  2486.066076646 13343.648000000   294.060500000   168.782758321   145.766517500    -498250  0.409747083470  0.409747083470  0.158089250000  0.053198687500  0.518679800000 19137.785   169.991     0.715886875     0.990816156  -47.72695
   0  8 0.9800979800000 0.6000000000000 0.0450000000000 0.6000000000000 0.0100000000000 0.9093236875303 0.2291473335812 24671.914000000  2217.999570319 11709.568000000   454.082600000   132.030211332   137.190482500    -381254  0.379120340177  0.379120340177  0.205252600000  0.061650062500  0.593374500000 22107.824   197.992     0.895520125     0.994647048  -49.89822
   0 10 0.9795232700000 0.6000000000000 0.0450000000000 0.6000000000000 0.0100000000000 0.9207816605496 0.1976740408604 22731.829000000  2427.527569186 13103.442000000   395.137900000   132.248117812   136.945725000    -859317  0.482810326338  0.482810326338  0.155182550000  0.098565625000  0.211914000000 18664.689   188.643     0.805277250     0.994333960  -53.29420
   0  7 0.9651077200000 0.6000000000000 0.0450000000000 0.6000000000000 0.0100000000000 0.7043510796884 0.2385908618937 20455.459000000  2511.889322340 12242.566000000   447.413700000   120.015034420   128.649547500    -967641  0.552363583973  0.552363583973  0.134949450000  0.085604437500  0.444553400000 17448.111   183.144     0.861334875     0.995523076  -52.76209
   0 10 0.9810737700000 0.6000000000000 0.0450000000000 0.6000000000000 0.0100000000000 0.8893397208029 0.1851833768135 25946.354500000  2485.409177457 14399.958000000   481.876300000   113.413670370   118.818232500    -115914  0.485765711044  0.485765711044  0.173350500000  0.071747500000  0.314437400000 20781.149   183.206     0.776835875     0.994692432  -52.04757
   0  8 0.9733710100000 0.6000000000000 0.0450000000000 0.6000000000000 0.0100000000000 0.6475242846787 0.1825967521332 21166.153000000  2475.721647694 12523.006000000   389.089000000   128.476769725   133.429290000    -690147  0.596318328357  0.596318328357  0.130546950000  0.071758812500  0.283670700000 19155.828   184.128     0.915962625     0.994657571  -53.70123
   0 12 0.9838377500000 0.6000000000000 0.0450000000000 0.6000000000000 0.0100000000000 0.9724153516096 0.1565761947985 22237.148500000  2810.224257138 15051.804000000   296.394600000   141.527942462   136.274762500    -498704  0.549020666043  0.549020666043  0.115848650000  0.095435375000  0.571773500000 20410.827   172.098     0.906290375     0.992592750  -50.80142
   0  6 0.9763440400000 0.6000000000000 0.0450000000000 0.6000000000000 0.0100000000000 0.6969593999901 0.2185742448097 21165.721000000  2956.529724703 14688.138000000   393.359100000   117.196625066   125.405105000    -268767  0.418018088282  0.418018088282  0.113902300000  0.109098750000  0.497496400000 18750.178   179.515     0.893143500     0.994708761  -51.48305
   0  9 0.9580209700000 0.6000000000000 0.0450000000000 0.6000000000000 0.0100000000000 0.9536505637578 0.2981419920028 22486.493500000  2659.035173232 13826.838000000   334.499300000   138.218308189   137.100522500    -585178  0.593414841736  0.593414841736  0.146973550000  0.106200562500  0.545027100000 19042.626   177.499     0.836125250     0.993428895  -52.97298
   0  9 0.9819507000000 0.6000000000000 0.0450000000000 0.6000000000000 0.0100000000000 0.7508206111353 0.1677908990781 21323.374000000  2386.637354122 12340.600000000   417.708300000   119.698512042   124.599592500    -829200  0.500484720716  0.500484720716  0.156629950000  0.158325812500  0.272380900000 20066.409   179.444     0.973581750     0.994965567  -49.03330
   0  6 0.9777361300000 0.6000000000000 0.0450000000000 0.6000000000000 0.0100000000000 0.6656480704313 0.2040385202138 23973.761500000  2770.086094910 14764.860000000   417.214700000   123.699138695   130.769977500    -733104  0.428443283202  0.428443283202  0.158182250000  0.150140437500  0.267593000000 20341.217   190.932     0.843893625     0.994345706  -51.44740
   0  6 0.9848455900000 0.6000000000000 0.0450000000000 0.6000000000000 0.0100000000000 0.5957697374521 0.1590279178613 22615.121500000  2483.500638974 12786.742000000   482.998900000   114.888059193   122.311950000    -524103  0.427930704339  0.427930704339  0.193134550000  0.118352625000  0.367345400000 19575.544   184.194     0.866938875     0.995374376  -51.76382
   0 11 0.9793308500000 0.6000000000000 0.0450000000000 0.6000000000000 0.0100000000000 0.9640251267821 0.1891891199580 23021.647000000  2157.119222271 11577.490000000   359.568900000   145.257013421   143.179355000    -369655  0.527280512070  0.527280512070  0.152693200000  0.084747875000  0.458431600000 20391.684   186.230     0.876804625     0.993694715  -52.49454
   0  8 0.9841145600000 0.6000000000000 0.0450000000000 0.6000000000000 0.0100000000000 0.8678843734091 0.2014132801448 20982.458500000  2742.989579743 14004.140000000   389.067100000   124.294045542   132.222370000    -749238  0.370504570035  0.370504570035  0.150397650000  0.057257937500  0.581668000000 18384.941   185.661     0.876171500     0.994674589  -53.78001
   0  6 0.9602531700000 0.6000000000000 0.0450000000000 0.6000000000000 0.0100000000000 0.8523060162860 0.3264480649416 23246.030500000  2671.145764040 13695.806000000   332.712100000   136.688640237   133.842657500    -339435  0.432029299000  0.432029299000  0.160032650000  0.073826187500  0.434283400000 19765.463   174.836     0.849690750     0.993167094  -52.87497
   0  8 0.9811369000000 0.6000000000000 0.0450000000000 0.6000000000000 0.0100000000000 0.6474676434543 0.1599243859803 23531.353000000  2529.690257443 13659.022000000   435.615100000   123.864596819   130.824902500     -87220  0.523021162947  0.523021162947  0.130870900000  0.080949687500  0.459331400000 22017.693   194.064     0.951425375     0.994675070  -52.64462
   0  6 0.9828576200000 0.6000000000000 0.0450000000000 0.6000000000000 0.0100000000000 0.4897887234878 0.1364632668002 21900.121000000  2576.012192732 13139.770000000   398.040700000   131.742176254   138.580020000    -483683  0.537402020121  0.537402020121  0.147918900000  0.110446250000  0.528590700000 17521.876   191.583     0.808205000     0.994571075  -52.48747
   0  7 0.9880376300000 0.6000000000000 0.0450000000000 0.6000000000000 0.0100000000000 0.6700770445814 0.1532771800200 22446.749500000  2557.697532823 13468.272000000   431.887200000   120.992198716   128.246970000     -56398  0.401208458405  0.401208458405  0.123359400000  0.120687875000  0.382573700000 19510.327   187.720     0.866973500     0.994854643  -54.20851
   0  6 0.9843683400000 0.6000000000000 0.0450000000000 0.6000000000000 0.0100000000000 0.5888865868848 0.1588705473904 21737.702500000  2670.261102540 13652.384000000   476.663100000   118.331879139   129.765825000    -772584  0.436279398084  0.436279398084  0.114167400000  0.100684812500  0.343635500000 19103.921   194.703     0.882978625     0.995496077  -53.97918
   0  6 0.9567396700000 0.6000000000000 0.0450000000000 0.6000000000000 0.0100000000000 0.6466012851470 0.2558324951090 22239.403000000  2623.048398061 13094.060000000   432.595500000   122.199840590   129.377092500     -76959  0.597770107336  0.597770107336  0.126516650000  0.098904437500  0.470240700000 18253.297   184.173     0.825700625     0.994976092  -53.99628
   0  8 0.9794766600000 0.6000000000000 0.0450000000000 0.6000000000000 0.0100000000000 0.7878580649572 0.2008540735207 22537.213000000  2423.778063876 12699.260000000   335.171000000   145.022945241   142.145627500    -387382  0.442249011538  0.442249011538  0.181307150000  0.084918500000  0.562953300000 20220.147   183.800     0.898986500     0.993377574  -52.59184
   0  8 0.9589172200000 0.6000000000000 0.0450000000000 0.6000000000000 0.0100000000000 0.8129815307050 0.2724392919747 22682.297500000  2473.362377697 12713.816000000   432.611200000   124.200913232   130.183645000    -751290  0.598981173300  0.598981173300  0.187068750000  0.087385125000  0.350820400000 20447.555   186.676     0.907496500     0.994873938  -52.42397
   0  6 0.9528887100000 0.6000000000000 0.0450000000000 0.6000000000000 0.0100000000000 0.9409799259397 0.3845542673889 24728.560000000  2704.379107915 14155.230000000   404.362400000   130.448099855   134.950485000    -692183  0.432783011581  0.432783011581  0.179579750000  0.080471625000  0.240184900000 21710.942   191.646     0.874624125     0.994027726  -52.58153
   0  6 0.9829913700000 0.6000000000000 0.0450000000000 0.6000000000000 0.0100000000000 0.5318275926590 0.1477662101234 22849.562500000  2644.406399826 13811.348000000   331.281200000   140.719179230   138.785712500    -349392  0.493868253381  0.493868253381  0.150403600000  0.055131187500  0.377537200000 19355.462   181.087     0.846449500     0.993193718  -54.22592
   0  6 0.9659346000000 0.6000000000000 0.0450000000000 0.6000000000000 0.0100000000000 0.6985234485490 0.2520641070213 24344.552500000  2564.066225986 13381.674000000   434.578600000   133.499653351   140.986645000    -798287  0.486474522153  0.486474522153  0.119323050000  0.057708000000  0.544550000000 21289.897   202.391     0.872326625     0.994513179  -52.63407
   0 10 0.9895033000000 0.6000000000000 0.0450000000000 0.6000000000000 0.0100000000000 0.8210403199629 0.1391895204813 23958.574000000  2635.737930689 14890.780000000   309.514300000   145.478601874   138.774565000    -455870  0.448869790987  0.448869790987  0.109858400000  0.098242125000  0.474649400000 20821.062   177.713     0.846073250     0.992328764  -52.43713
   0  7 0.9813832100000 0.6000000000000 0.0450000000000 0.6000000000000 0.0100000000000 0.7567160270955 0.2013585810531 22517.165500000  2275.584240620 11509.224000000   411.039000000   134.094098230   138.421745000    -702876  0.397551314372  0.397551314372  0.160054850000  0.065224875000  0.306297800000 18905.594   190.533     0.842681625     0.994599178  -52.96250
   0  6 0.9860041600000 0.6000000000000 0.0450000000000 0.6000000000000 0.0100000000000 0.7229380888671 0.1878741754669 25082.354500000  2830.960030900 15594.826000000   375.164600000   132.272883946   135.940402500    -701034  0.346085297460  0.346085297460  0.101761000000  0.085922500000  0.438656200000 20825.206   191.802     0.822910500     0.993390249  -50.56125
   0  8 0.9625290800000 0.6000000000000 0.0450000000000 0.6000000000000 0.0100000000000 0.9344297151111 0.3018864733665 25804.253500000  2449.686055557 13338.308000000   494.023100000   117.919247680   123.669215000    -244500  0.492426273730  0.492426273730  0.133727950000  0.116629812500  0.265977900000 21792.112   187.794     0.833136875     0.994888913  -53.45720
   0  9 0.9872088500000 0.6000000000000 0.0450000000000 0.6000000000000 0.0100000000000 0.6273045838972 0.1241371796803 23087.432500000  2369.599926936 12829.128000000   425.078500000   130.835887503   137.440082500    -934058  0.544299316051  0.544299316051  0.111827550000  0.119004562500  0.408177300000 19252.665   195.148     0.823023125     0.994626068  -53.10594
   0  6 0.9749766300000 0.6000000000000 0.0450000000000 0.6000000000000 0.0100000000000 0.6479007594164 0.2075734417822 24627.728500000  2544.080223756 13465.292000000   440.189400000   122.734541006   127.917647500    -633708  0.459107847471  0.459107847471  0.246720000000  0.066070000000  0.335920400000 23173.057   191.546     0.962553875     0.994501690  -48.44492
   0  7 0.9754959600000 0.6000000000000 0.0450000000000 0.6000000000000 0.0100000000000 0.6647180316475 0.1961323539760 22243.034500000  2490.732388798 12784.440000000   337.661700000   134.631669175   132.363387500    -194170  0.498019517654  0.498019517654  0.165023700000  0.140256812500  0.281207000000 18146.254   172.378     0.818485750     0.993524739  -50.73365
   0  8 0.9806195600000 0.6000000000000 0.0450000000000 0.6000000000000 0.0100000000000 0.6160119242342 0.1536959475437 25147.721500000  2394.023556714 13135.422000000   416.532600000   131.605286398   134.878172500    -168039  0.554647330858  0.554647330858  0.171699950000  0.069618875000  0.305747800000 19474.519   190.405     0.771906875     0.994050278  -52.75020
   0  6 0.9778797100000 0.6000000000000 0.0450000000000 0.6000000000000 0.0100000000000 0.6048217788410 0.1849447053656 22846.079500000  2930.551661259 15245.932000000   328.516800000   137.809931023   138.464580000    -706614  0.470489897481  0.470489897481  0.136442000000  0.126151937500  0.339368300000 19664.644   182.353     0.858995250     0.993156370  -51.91807
   0  8 0.9806342100000 0.6000000000000 0.0450000000000 0.6000000000000 0.0100000000000 0.6192929526117 0.1544709178661 22874.024500000  2996.337504597 15829.128000000   448.008700000   116.416242206   128.721860000    -516894  0.551569831014  0.551569831014  0.107446050000  0.147360125000  0.493541600000 20945.098   195.955     0.917927625     0.994968394  -48.99614
   0  6 0.9837493800000 0.6000000000000 0.0450000000000 0.6000000000000 0.0100000000000 0.4732808575507 0.1294122932193 21668.528500000  2473.232667256 12468.228000000   483.302000000   117.623474822   126.658532500    -601153  0.548274306787  0.548274306787  0.129416350000  0.102891687500  0.536023500000 19900.141   189.830     0.935702750     0.995573751  -53.22501
   0  9 0.9830228500000 0.6000000000000 0.0450000000000 0.6000000000000 0.0100000000000 0.8990673707367 0.1964264593812 20966.596000000  2756.949285378 14122.218000000   486.169300000   118.324226212   132.879390000    -221440  0.409956138140  0.409956138140  0.145908450000  0.058524187500  0.489398400000 19129.845   200.462     0.918732500     0.995744238  -52.73386
   0  9 0.9817319400000 0.6000000000000 0.0450000000000 0.6000000000000 0.0100000000000 0.7810473260892 0.1753322970099 33802.828000000  2254.598710166 13692.486000000   385.330300000   142.485116321   130.805467500     -47422  0.483011844628  0.483011844628  0.269584600000  0.085194375000  0.495379700000 25708.437   182.033     0.745874250     0.991349646  -43.12473
   0  8 0.9695097000000 0.6000000000000 0.0450000000000 0.6000000000000 0.0100000000000 0.7195906233236 0.2141154569986 24616.834000000  2362.434842291 12593.474000000   488.992900000   125.315683157   133.144265000    -365553  0.571731849038  0.571731849038  0.151051800000  0.079555937500  0.448867300000 21771.907   198.383     0.879775625     0.995063381  -53.14422
   0  6 0.9612956400000 0.6000000000000 0.0450000000000 0.6000000000000 0.0100000000000 0.7734724710970 0.2932362980862 21607.292500000  2834.996561496 14083.852000000   346.379400000   134.831274161   138.110720000    -729656  0.469184051065  0.469184051065  0.141139000000  0.059454500000  0.580565800000 19708.839   184.147     0.927061875     0.993897864  -53.73478
   0  8 0.9865832600000 0.6000000000000 0.0450000000000 0.6000000000000 0.0100000000000 0.9268688585789 0.2029619045008 25304.483500000  2355.202600283 13005.610000000   375.960500000   136.644864109   135.196640000    -241289  0.332130055911  0.332130055911  0.136326400000  0.096939125000  0.369472700000 20838.331   185.278     0.812956875     0.993343300  -53.83242
   0  6 0.9888852100000 0.6000000000000 0.0450000000000 0.6000000000000 0.0100000000000 0.7307058781114 0.1764765285512 21647.941000000  2665.213553526 13676.972000000   470.101500000   115.965848323   126.356575000    -710372  0.326529101927  0.326529101927  0.172311200000  0.050623812500  0.468401400000 19950.808   191.493     0.937485875     0.995438407  -53.69510
   0  9 0.9758798700000 0.6000000000000 0.0450000000000 0.6000000000000 0.0100000000000 0.8229958356443 0.2056573421865 22708.366000000  2359.702652633 12450.152000000   310.455500000   143.728095167   135.067257500    -497734  0.508509459266  0.508509459266  0.176701350000  0.077087312500  0.211344300000 20014.394   169.297     0.876303750     0.992808704  -50.08417
   0 10 0.9700085100000 0.6000000000000 0.0450000000000 0.6000000000000 0.0100000000000 0.9320369720446 0.2334932515083 23759.638000000  2405.356469448 13082.292000000   403.622000000   126.608953086   129.245727500    -938796  0.566615366041  0.566615366041  0.121573250000  0.091350687500  0.360713000000 21096.975   182.644     0.875015250     0.994226451  -54.22982
   0  8 0.9878845800000 0.6000000000000 0.0450000000000 0.6000000000000 0.0100000000000 0.8968242571673 0.1899370001651 24517.487500000  2715.792246586 15185.112000000   467.509100000   111.191734092   118.871402500    -455696  0.335374471229  0.335374471229  0.175389300000  0.129185687500  0.201501200000 21611.284   186.149     0.868254500     0.994808747  -51.06680
   0  9 0.9830247200000 0.6000000000000 0.0450000000000 0.6000000000000 0.0100000000000 0.7240386695789 0.1581801563783 21799.195000000  2482.532105272 13062.606000000   309.679300000   150.639224035   144.709585000    -506625  0.509041487545  0.509041487545  0.115136850000  0.072270375000  0.224271900000 18725.318   179.056     0.851413125     0.993053506  -53.83546
   0  6 0.9559174600000 0.6000000000000 0.0450000000000 0.6000000000000 0.0100000000000 0.8218915789632 0.3275297930021 24888.818500000  2559.716559151 13304.844000000   446.763000000   129.055500490   135.614297500    -559652  0.475590501109  0.475590501109  0.131514750000  0.094339562500  0.408893500000 20578.349   195.657     0.824587375     0.994556725  -53.96184
   0 10 0.9840606400000 0.6000000000000 0.0450000000000 0.6000000000000 0.0100000000000 0.9629895047929 0.1880149308866 26342.971000000  2123.903954767 11869.978000000   367.250700000   136.633484172   129.942852500    -457237  0.424320288146  0.424320288146  0.144605000000  0.071270812500  0.520268000000 20536.186   172.701     0.768450125     0.992917133  -50.14878
   0  7 0.9681541400000 0.6000000000000 0.0450000000000 0.6000000000000 0.0100000000000 0.7336802312330 0.2397624045219 27592.706500000  2350.289298149 12714.420000000   478.678500000   127.687396357   131.816380000    -352720  0.506205941857  0.506205941857  0.146949750000  0.074627000000  0.306194900000 22346.278   195.137     0.803865250     0.994350022  -52.19034
   0  8 0.9732233800000 0.6000000000000 0.0450000000000 0.6000000000000 0.0100000000000 0.7131116881894 0.2015309398309 24871.268500000  2321.059869207 12407.732000000   369.296900000   139.993483034   137.604857500    -387280  0.542798884464  0.542798884464  0.157890600000  0.063226000000  0.584449100000 20693.147   183.806     0.824752625     0.993386346  -53.73620
   0  7 0.9840187800000 0.6000000000000 0.0450000000000 0.6000000000000 0.0100000000000 0.9138144895534 0.2302271348747 24533.377000000  2807.813233744 15453.358000000   321.751700000   139.101204119   135.311885000    -195091  0.315049468771  0.315049468771  0.117043400000  0.052344937500  0.358338300000 19596.630   177.273     0.793839000     0.992471085  -50.42422
   0  7 0.9844902400000 0.6000000000000 0.0450000000000 0.6000000000000 0.0100000000000 0.9372138771258 0.2336697785851 24392.450500000  2715.037282160 14891.664000000   298.557200000   141.302531727   131.760512500    -529836  0.304754088006  0.304754088006  0.120514350000  0.117609000000  0.448824400000 20546.242   168.078     0.833140500     0.991930448  -50.60394
   0  7 0.9687816000000 0.6000000000000 0.0450000000000 0.6000000000000 0.0100000000000 0.8409523183395 0.2726791341548 19262.113000000  2512.395839636 11914.684000000   483.533800000   117.698465682   129.119595000     -94843  0.437389392682  0.437389392682  0.111369450000  0.065166437500  0.326732400000 16804.296   186.455     0.887802250     0.996094593  -50.56690
   0  7 0.9863328400000 0.6000000000000 0.0450000000000 0.6000000000000 0.0100000000000 0.8809931022446 0.2104125173690 24663.476500000  2721.594084135 15045.808000000   344.701400000   146.856918196   146.443817500    -157195  0.314221447456  0.314221447456  0.153409700000  0.071422187500  0.273312200000 19924.960   193.399     0.801442375     0.992924727  -51.37521
   0 10 0.9800221300000 0.6000000000000 0.0450000000000 0.6000000000000 0.0100000000000 0.8456045639738 0.1797961361618 22656.796000000  2497.724930924 13496.508000000   356.892100000   144.395854897   146.435757500    -181279  0.520921203366  0.520921203366  0.162635200000  0.055943812500  0.331477800000 20523.577   194.441     0.899705250     0.993745833  -53.08013
   0  9 0.9842726100000 0.6000000000000 0.0450000000000 0.6000000000000 0.0100000000000 0.7140274290890 0.1517409005420 21319.175500000  2496.280505454 13005.856000000   316.179100000   148.388789273   144.849790000    -695746  0.504627670950  0.504627670950  0.128699650000  0.076554375000  0.590830600000 18499.631   181.187     0.862536625     0.993341130  -53.94132
   0  9 0.9632649300000 0.6000000000000 0.0450000000000 0.6000000000000 0.0100000000000 0.8866331619848 0.2625901461077 23107.075000000  2414.983529112 12695.106000000   469.558900000   121.404580301   128.773567500    -255539  0.585352861766  0.585352861766  0.129116100000  0.136567250000  0.546632400000 20791.204   189.611     0.899646750     0.995183751  -52.74056
   0  8 0.9871322300000 0.6000000000000 0.0450000000000 0.6000000000000 0.0100000000000 0.9572197128816 0.2067292035730 24032.662000000  2699.613490906 14925.380000000   351.860600000   137.466928905   138.639430000     -59888  0.318469792727  0.318469792727  0.155442100000  0.056294000000  0.389181400000 22250.524   190.758     0.928710250     0.993242370  -52.39690
   0  6 0.9880343700000 0.6000000000000 0.0450000000000 0.6000000000000 0.0100000000000 0.5633051216699 0.1391724575415 23834.441500000  2331.424802949 12030.850000000   472.992600000   117.652868216   122.146427500    -660604  0.429593128882  0.429593128882  0.151418650000  0.095021312500  0.345830800000 19617.122   181.069     0.824493000     0.995011362  -53.32075
   0  6 0.9849411400000 0.6000000000000 0.0450000000000 0.6000000000000 0.0100000000000 0.6164350302121 0.1641897583397 25464.499000000  2733.514342577 15088.458000000   315.240200000   151.010251248   143.036095000    -690601  0.412946312567  0.412946312567  0.143862100000  0.124912000000  0.389475900000 21680.841   183.706     0.842068250     0.992019371  -51.44278
   0  6 0.9664900600000 0.6000000000000 0.0450000000000 0.6000000000000 0.0100000000000 0.5818818708979 0.2086401658573 24931.073500000  2751.573642889 14716.308000000   439.428700000   124.436681111   132.085740000    -716261  0.579348919516  0.579348919516  0.220133600000  0.054664687500  0.292134300000 19200.213   193.145     0.774425125     0.994442052  -49.49646
 
  COND2           1      233985  2.002622495393673E+043  1.880371340599991E+041
  9.389544684158509E-003         100
    233985   6279200    269400         0      8765         0         0         0         0         0    815723         0         0   2492927    233985
 PARAMETER FILE GI01C.PAR   
