  Aa Am            MSYL            MSYR           MORTJ           MORTA             K1+           PInit      ISEED   PTarget           CVADD              AR        PREG-MAX           GAMMA              P0   SSTILDA     LIKEL
   0  7 0.9717731500000 0.6000000000000 0.0200000000000 0.6000000000000 0.0200000000000 0.2688541792094 0.2688541792094 34015.169500000 18043.905039514 27975.184000000   313.923300000    11.351683807    67.235955000    -116328  0.599482516938  0.599482516938  0.170633950000  0.130452812500  0.295862500000 20993.867   181.616     0.780497625     0.989365539  -50.39060
   0  7 0.9544914000000 0.6000000000000 0.0200000000000 0.6000000000000 0.0200000000000 0.7609913717951 0.7609913717951 29350.339000000 29157.680690725 27093.476000000   272.680800000     9.556845142    91.025370000    -686153  0.305383194253  0.305383194253  0.149051300000  0.120130125000  0.469015600000 20562.089   189.424     0.839538500     0.989485653  -52.25510
   0  6 0.9554923000000 0.6000000000000 0.0200000000000 0.6000000000000 0.0200000000000 0.5882280543435 0.5882280543435 32900.339500000 20089.341807787 28191.416000000   350.427800000     9.398568929    72.459972500    -984417  0.358286919677  0.358286919677  0.198824200000  0.093057687500  0.332978200000 19259.958   197.373     0.758507750     0.990827211  -51.29497
   0  7 0.9747520200000 0.6000000000000 0.0200000000000 0.6000000000000 0.0200000000000 0.4166831767321 0.4166831767321 36930.278500000 18714.594461749 30126.236000000   458.745600000     0.131710586    52.839332500    -426365  0.360470900405  0.360470900405  0.172000850000  0.147030312500  0.586003200000 25579.333   207.326     0.828524250     0.992089349  -47.97992
   0 10 0.9589894000000 0.6000000000000 0.0200000000000 0.6000000000000 0.0200000000000 0.4954030981883 0.4954030981883 31646.365000000 18291.544293660 26448.004000000   356.661900000    11.695325324    71.254872500    -780407  0.537879668732  0.537879668732  0.142437450000  0.073516062500  0.232801600000 20004.295   198.665     0.788892250     0.991325020  -54.26580
   0 11 0.9531725100000 0.6000000000000 0.0200000000000 0.6000000000000 0.0200000000000 0.8967150416694 0.8967150416694 32564.311000000 21136.288340902 28221.272000000   367.139300000     0.037927064    58.524005000    -964870  0.368102213035  0.368102213035  0.151201100000  0.107361625000  0.465014500000 24146.688   196.390     0.859182625     0.991337531  -51.99014
   0  8 0.9585837000000 0.6000000000000 0.0200000000000 0.6000000000000 0.0200000000000 0.7311157236730 0.7311157236730 28992.022000000 18368.713911991 24750.540000000   197.520000000   103.543628119   147.146922500    -755200  0.316068184875  0.316068184875  0.119707450000  0.138305437500  0.555992000000 19426.720   160.000     0.825178250     0.985650699  -47.73589
   0  6 0.9545323600000 0.6000000000000 0.0200000000000 0.6000000000000 0.0200000000000 0.4641139042470 0.4641139042470 34595.048500000 14561.638467638 25329.828000000   336.623200000    26.753439410    77.963197500    -156123  0.462254749844  0.462254749844  0.122985450000  0.095754187500  0.516509400000 21228.781   194.344     0.792809500     0.989960857  -52.18892
   0  6 0.9829119600000 0.6000000000000 0.0200000000000 0.6000000000000 0.0200000000000 0.2481329740062 0.2481329740062 32355.236500000 22385.296769765 28741.028000000   278.459800000    13.806652683    85.752635000     -62306  0.466622105914  0.466622105914  0.145523750000  0.060064562500  0.286291100000 20219.460   189.298     0.782739000     0.988534561  -53.16377
   0 12 0.9857082700000 0.6000000000000 0.0200000000000 0.6000000000000 0.0200000000000 0.3786764308509 0.3786764308509 35246.005000000 12259.066729444 23056.316000000   493.760800000    19.385118824    59.948512500    -747982  0.383710969787  0.383710969787  0.144861350000  0.163496250000  0.301440900000 19569.271   198.887     0.757383375     0.992944160  -49.43892
   0 12 0.9652490200000 0.6000000000000 0.0200000000000 0.6000000000000 0.0200000000000 0.7727228387025 0.7727228387025 37846.564000000 13590.884437026 25343.032000000   379.428100000    20.982603755    67.214635000    -273858  0.341802042237  0.341802042237  0.138335500000  0.087129062500  0.561583000000 21092.060   194.866     0.749338875     0.990232243  -51.73406
   0  8 0.9516519500000 0.6000000000000 0.0200000000000 0.6000000000000 0.0200000000000 0.6799820221517 0.6799820221517 33895.532500000 17940.380793366 27636.892000000   466.948000000     6.188838994    61.340195000    -209959  0.391933354412  0.391933354412  0.139596100000  0.072289687500  0.380796900000 17968.267   204.629     0.718787000     0.992912278  -52.31865
   0  6 0.9624350600000 0.6000000000000 0.0200000000000 0.6000000000000 0.0200000000000 0.3252501925595 0.3252501925595 39566.680000000 13952.544389280 26439.880000000   447.493500000    19.228096570    65.880185000    -405447  0.566843931765  0.566843931765  0.142982100000  0.065419250000  0.422123300000 25665.206   209.425     0.820958625     0.991348300  -48.97872
   0 12 0.9701271000000 0.6000000000000 0.0200000000000 0.6000000000000 0.0200000000000 0.4874206262760 0.4874206262760 29707.036000000 17376.054470701 24771.204000000   495.724800000     5.179778004    55.873402500     -52660  0.475091644339  0.475091644339  0.194234950000  0.074069250000  0.507957200000 20986.879   198.575     0.844926375     0.994122193  -51.49724
   0  8 0.9592366100000 0.6000000000000 0.0200000000000 0.6000000000000 0.0200000000000 0.6993532344747 0.6993532344747 29690.984500000 15619.856980849 23801.556000000   357.118000000    20.938466949    74.363237500    -490295  0.325872995905  0.325872995905  0.211270600000  0.083895375000  0.540997100000 17676.305   193.725     0.777547250     0.991870987  -50.12695
   0  7 0.9527955100000 0.6000000000000 0.0200000000000 0.6000000000000 0.0200000000000 0.5172974208983 0.5172974208983 38865.625000000 12607.027267307 24198.984000000   441.409400000    23.246854362    64.741775000    -286462  0.464208535677  0.464208535677  0.117714050000  0.074501250000  0.436978900000 22894.960   195.938     0.791588500     0.991401364  -49.21371
   0  7 0.9705012000000 0.6000000000000 0.0200000000000 0.6000000000000 0.0200000000000 0.2852981137449 0.2852981137449 31472.822500000 19805.208404241 27157.136000000   290.612900000    16.241294201    80.775325000    -535980  0.581737094013  0.581737094013  0.119850200000  0.153673250000  0.365525500000 21150.545   188.344     0.819952875     0.989376266  -51.14829
   0  6 0.9756126200000 0.6000000000000 0.0200000000000 0.6000000000000 0.0200000000000 0.4179159889764 0.4179159889764 41477.092000000 11981.821171539 24029.372000000   445.639900000    29.909119855    74.271587500    -441200  0.331981898395  0.331981898395  0.178486650000  0.080869000000  0.202312400000 19022.616   209.456     0.700758250     0.990850610  -48.46759
   0  8 0.9850766900000 0.6000000000000 0.0200000000000 0.6000000000000 0.0200000000000 0.2979069128462 0.2979069128462 33617.945500000 16464.693321592 26815.488000000   384.379400000    11.186084718    63.124737500    -983039  0.405360749027  0.405360749027  0.179381050000  0.101980250000  0.339958200000 20490.854   194.651     0.776718875     0.991358449  -52.25526
   0 12 0.9710386000000 0.6000000000000 0.0200000000000 0.6000000000000 0.0200000000000 0.7445131472975 0.7445131472975 29018.711500000 17494.060860193 24384.604000000   390.611200000    11.087765646    67.095880000    -671187  0.303292525810  0.303292525810  0.209086200000  0.076722812500  0.533268800000 22105.156   201.447     0.887755750     0.992710844  -50.46355
   0  8 0.9845747600000 0.6000000000000 0.0200000000000 0.6000000000000 0.0200000000000 0.2856441799216 0.2856441799216 32096.293000000 26976.449070565 29415.484000000   281.214600000    10.262670363    95.143542500    -107007  0.428944595393  0.428944595393  0.200074450000  0.060596937500  0.466423200000 20521.404   200.366     0.788127250     0.988726434  -48.71222
   0 10 0.9874972600000 0.6000000000000 0.0200000000000 0.6000000000000 0.0200000000000 0.3860096075075 0.3860096075075 28631.342500000 16488.984874403 23854.116000000   498.816500000     9.215258971    59.117910000    -684604  0.321038840234  0.321038840234  0.135794150000  0.101411250000  0.419129700000 19031.372   198.963     0.820566125     0.994319695  -52.43235
   0  6 0.9764400700000 0.6000000000000 0.0200000000000 0.6000000000000 0.0200000000000 0.3916060335252 0.3916060335252 29316.670000000 15696.710172573 23811.740000000   369.730900000    27.305370207    88.302585000    -916438  0.347437627018  0.347437627018  0.171085650000  0.090029375000  0.298800100000 17609.568   218.378     0.782681000     0.992202384  -46.89876
   0 10 0.9642919900000 0.6000000000000 0.0200000000000 0.6000000000000 0.0200000000000 0.7485327913050 0.7485327913050 33200.660500000 16798.204271666 26533.992000000   423.068500000     8.604503625    60.521292500     -35714  0.313879264478  0.313879264478  0.149688400000  0.083983437500  0.304387700000 16723.615   194.577     0.699023875     0.992317307  -51.22983
   0 11 0.9877062800000 0.6000000000000 0.0200000000000 0.6000000000000 0.0200000000000 0.2243424191155 0.2243424191155 31406.132500000 19774.583185199 27174.104000000   464.703500000     0.038642120    55.245405000    -323954  0.576487873295  0.576487873295  0.203420000000  0.100008625000  0.594553900000 22120.185   206.385     0.835687500     0.993310842  -51.59072
   0  7 0.9518833700000 0.6000000000000 0.0200000000000 0.6000000000000 0.0200000000000 0.7231909479058 0.7231909479058 28537.342000000 18176.883245965 24337.860000000   384.317200000    16.916943308    77.712590000     -53108  0.337886167409  0.337886167409  0.151960500000  0.105864750000  0.545522800000 18241.920   206.904     0.806453000     0.992749454  -51.46053
   0  8 0.9824030600000 0.6000000000000 0.0200000000000 0.6000000000000 0.0200000000000 0.3966524485766 0.3966524485766 32935.453000000 22849.880486891 29305.048000000   314.711600000     0.069894174    63.396795000    -976195  0.328490662299  0.328490662299  0.188863350000  0.082440187500  0.348634600000 20346.418   184.931     0.773825125     0.989676404  -51.06281
   0 11 0.9613969900000 0.6000000000000 0.0200000000000 0.6000000000000 0.0200000000000 0.8314134998365 0.8314134998365 34153.760500000 16549.108816505 26791.704000000   408.356600000     9.205057578    60.974960000     -55546  0.326076651945  0.326076651945  0.159267300000  0.279167062500  0.231879100000 18947.463   195.860     0.733310125     0.991818304  -46.37113
   0 11 0.9818389000000 0.6000000000000 0.0200000000000 0.6000000000000 0.0200000000000 0.3918073755566 0.3918073755566 46509.689500000 11686.456622732 24515.364000000   314.254300000    44.233931025    86.061190000    -655354  0.397235747011  0.397235747011  0.208158100000  0.068971312500  0.279491500000 23009.984   185.462     0.733429625     0.985405056  -47.33628
   0  8 0.9643444600000 0.6000000000000 0.0200000000000 0.6000000000000 0.0200000000000 0.5730564289827 0.5730564289827 40560.293500000 13606.785385732 26251.816000000   485.997900000    18.271611880    64.102825000    -893511  0.355777130023  0.355777130023  0.200752950000  0.085189562500  0.419938300000 22592.013   212.086     0.755982000     0.991829463  -49.01340
   0 11 0.9888255500000 0.6000000000000 0.0200000000000 0.6000000000000 0.0200000000000 0.3962142805811 0.3962142805811 28908.902500000 14946.242125548 23116.876000000   469.914800000    15.982199721    66.874880000      -2139  0.314502424104  0.314502424104  0.168955800000  0.068073250000  0.308553100000 20571.842   211.458     0.857338875     0.993906236  -51.24988
   0 12 0.9712195800000 0.6000000000000 0.0200000000000 0.6000000000000 0.0200000000000 0.3879167638351 0.3879167638351 41785.918000000 13433.561171725 26346.964000000   376.624300000    20.962609985    65.766045000    -933137  0.579176540012  0.579176540012  0.202594300000  0.080513500000  0.511473100000 21226.991   192.690     0.715713875     0.989113324  -49.30860
   0 11 0.9680639000000 0.6000000000000 0.0200000000000 0.6000000000000 0.0200000000000 0.6592985565416 0.6592985565416 32327.561500000 18120.861426692 26831.216000000   393.759300000     4.946001747    58.891450000    -921497  0.347258869904  0.347258869904  0.123183200000  0.078305625000  0.374078900000 22603.382   193.598     0.834664000     0.991953161  -52.84063
   0  6 0.9797416000000 0.6000000000000 0.0200000000000 0.6000000000000 0.0200000000000 0.2482083700200 0.2482083700200 35015.938000000 12765.347086392 23674.824000000   389.149700000    24.820107352    67.935517500    -715246  0.505875082303  0.505875082303  0.121711350000  0.086407312500  0.392922000000 18899.165   189.898     0.748236625     0.991136758  -50.64998
   0  8 0.9659602300000 0.6000000000000 0.0200000000000 0.6000000000000 0.0200000000000 0.5035143278261 0.5035143278261 29791.681000000 13589.663605234 22360.264000000   268.743800000    49.391380299   106.906917500    -958340  0.390446990253  0.390446990253  0.111961300000  0.147088625000  0.250835400000 17438.479   190.512     0.778865375     0.989142063  -46.91306
   0 10 0.9858725300000 0.6000000000000 0.0200000000000 0.6000000000000 0.0200000000000 0.2800319066326 0.2800319066326 34569.277000000 14920.720624811 25938.112000000   465.509800000    12.735730439    61.303600000    -853718  0.465825677801  0.465825677801  0.159379250000  0.098277187500  0.376548100000 21544.575   208.071     0.788933125     0.992658869  -52.57291
   0  6 0.9748458200000 0.6000000000000 0.0200000000000 0.6000000000000 0.0200000000000 0.4571194745501 0.4571194745501 31661.782000000 21516.924179538 27910.312000000   374.866300000     2.198486287    64.383820000    -323816  0.308988024988  0.308988024988  0.109187500000  0.065259437500  0.300088200000 21005.457   194.968     0.812449125     0.991699994  -53.48130
   0  6 0.9877677600000 0.6000000000000 0.0200000000000 0.6000000000000 0.0200000000000 0.2382276557078 0.2382276557078 34599.233500000 20370.895153280 29729.084000000   406.810200000     0.103075159    51.403612500    -376722  0.425479757946  0.425479757946  0.137201800000  0.054836312500  0.317709600000 22047.680   202.989     0.788767250     0.991581670  -52.91799
   0  9 0.9574973800000 0.6000000000000 0.0200000000000 0.6000000000000 0.0200000000000 0.7854721613385 0.7854721613385 30199.246000000 25066.897076012 27405.000000000   307.015100000     8.173064602    85.257237500     -81288  0.325052412702  0.325052412702  0.123272200000  0.070101812500  0.442330500000 19455.309   199.861     0.794828500     0.990386052  -52.98672
   0 10 0.9548175700000 0.6000000000000 0.0200000000000 0.6000000000000 0.0200000000000 0.7713456113360 0.7713456113360 33422.749000000 19118.217201928 27966.804000000   480.954600000     0.075978746    50.851080000    -609713  0.380037131340  0.380037131340  0.206580950000  0.062961812500  0.585603100000 19951.247   200.638     0.759337375     0.993211309  -51.92838
   0 12 0.9657706700000 0.6000000000000 0.0200000000000 0.6000000000000 0.0200000000000 0.7581535793559 0.7581535793559 36595.546000000 15963.300756216 27476.676000000   394.473300000     8.990117608    58.280840000    -190827  0.343593385024  0.343593385024  0.196535550000  0.075944375000  0.264831900000 22085.144   193.612     0.767366875     0.990913925  -51.05621
   0  7 0.9803277900000 0.6000000000000 0.0200000000000 0.6000000000000 0.0200000000000 0.3116471548029 0.3116471548029 31863.134500000 12217.128438277 21926.348000000   375.377300000    30.175393767    75.391277500    -811642  0.419092826014  0.419092826014  0.170184100000  0.053068812500  0.482830200000 22364.531   199.001     0.869982625     0.991636285  -49.65828
   0  8 0.9727334000000 0.6000000000000 0.0200000000000 0.6000000000000 0.0200000000000 0.5296814834966 0.5296814834966 34095.805000000 17862.726285101 27893.864000000   253.193300000    23.945195502    83.348675000    -702964  0.316443319463  0.316443319463  0.193920500000  0.058955875000  0.331225900000 23468.806   174.194     0.829594500     0.986778494  -48.16965
   0 10 0.9642443900000 0.6000000000000 0.0200000000000 0.6000000000000 0.0200000000000 0.7353806678447 0.7353806678447 38880.637000000 14274.180499432 26596.664000000   435.615600000    16.080201215    63.248985000    -866980  0.319862251603  0.319862251603  0.190644950000  0.054089125000  0.377232200000 23365.127   205.864     0.778912750     0.991262211  -50.92945
   0 11 0.9856866600000 0.6000000000000 0.0200000000000 0.6000000000000 0.0200000000000 0.2395766259599 0.2395766259599 27038.018500000 21444.584230874 24205.556000000   318.699900000     9.673644533    74.707185000    -327257  0.576371444604  0.576371444604  0.110644050000  0.126433312500  0.527812500000 18800.984   190.014     0.838354000     0.991614242  -50.05222
   0  8 0.9505625700000 0.6000000000000 0.0200000000000 0.6000000000000 0.0200000000000 0.7930357122477 0.7930357122477 31826.198500000 26779.760322267 29051.036000000   288.021200000     4.841200931    83.668930000    -715929  0.343436447988  0.343436447988  0.103913950000  0.083602812500  0.228681700000 21658.774   192.327     0.818172750     0.989212300  -51.83207
   0 10 0.9769705800000 0.6000000000000 0.0200000000000 0.6000000000000 0.0200000000000 0.5482905968005 0.5482905968005 30891.634000000 12768.640827046 22093.736000000   444.912000000    19.130852899    59.449507500    -197981  0.308812778274  0.308812778274  0.154012000000  0.069525562500  0.455470200000 19215.148   184.539     0.805838375     0.993170196  -47.24533
   0  7 0.9628570800000 0.6000000000000 0.0200000000000 0.6000000000000 0.0200000000000 0.6024281665718 0.6024281665718 38116.928500000 13130.507050557 24883.960000000   445.836800000    24.528270681    71.858365000     -11481  0.325744646324  0.325744646324  0.203852100000  0.192748687500  0.205793500000 19100.609   210.192     0.719449500     0.991633407  -46.16679
   0  6 0.9696872800000 0.6000000000000 0.0200000000000 0.6000000000000 0.0200000000000 0.3644986318342 0.3644986318342 33121.780000000 15900.854763718 26004.864000000   302.951200000    32.188987954    93.007707500    -918509  0.435018612553  0.435018612553  0.136538500000  0.107226250000  0.417257000000 22777.046   203.566     0.838680250     0.989278180  -50.22171
   0  7 0.9678036600000 0.6000000000000 0.0200000000000 0.6000000000000 0.0200000000000 0.5637446666186 0.5637446666186 35350.819000000 15536.555671923 26727.800000000   405.814200000    14.571632911    64.927057500    -364364  0.312840412260  0.312840412260  0.148344900000  0.059372000000  0.590415600000 18304.673   196.995     0.716860500     0.991462754  -52.37359
   0 11 0.9538999600000 0.6000000000000 0.0200000000000 0.6000000000000 0.0200000000000 0.5547640208661 0.5547640208661 36071.854000000 19701.022516593 29869.212000000   339.026600000     2.920125605    63.239495000    -800025  0.584990903322  0.584990903322  0.147901700000  0.088611125000  0.253867000000 25133.401   193.579     0.824128500     0.989607602  -50.60022
   0  9 0.9880044700000 0.6000000000000 0.0200000000000 0.6000000000000 0.0200000000000 0.2603626759106 0.2603626759106 33305.272000000 16126.318429573 26409.292000000   451.306900000     6.471277411    53.167030000    -512894  0.446057704467  0.446057704467  0.156367850000  0.124736250000  0.579745000000 20899.140   189.908     0.788997250     0.992694274  -51.57598
   0  8 0.9679473900000 0.6000000000000 0.0200000000000 0.6000000000000 0.0200000000000 0.4106046702957 0.4106046702957 36447.262000000 12922.501429822 24159.652000000   368.680800000    26.770408877    71.870520000    -778893  0.457462370831  0.457462370831  0.146758400000  0.120653937500  0.594072200000 20015.676   192.543     0.754323750     0.990310961  -50.91349
   0  7 0.9824743800000 0.6000000000000 0.0200000000000 0.6000000000000 0.0200000000000 0.2384964727725 0.2384964727725 31064.191000000 20366.396917242 27142.004000000   305.127400000    13.677461970    79.753070000    -875320  0.517331529400  0.517331529400  0.169115150000  0.073971687500  0.216815200000 20270.068   193.802     0.805133500     0.989956691  -53.32667
   0  7 0.9769879800000 0.6000000000000 0.0200000000000 0.6000000000000 0.0200000000000 0.4151980411717 0.4151980411717 30811.862500000 19932.296846706 26769.640000000   294.017200000    17.220310078    83.262777500    -722547  0.342487515838  0.342487515838  0.112385150000  0.064268250000  0.226956600000 20128.537   191.851     0.807333125     0.989691623  -53.49347
   0  6 0.9760634700000 0.6000000000000 0.0200000000000 0.6000000000000 0.0200000000000 0.4360659226422 0.4360659226422 31513.147000000 18625.343726921 26749.588000000   445.842600000     3.381069000    55.900767500    -163261  0.314807231675  0.314807231675  0.196893950000  0.079174375000  0.228839500000 18355.915   187.692     0.759704000     0.993050278  -50.16595
   0 12 0.9887729700000 0.6000000000000 0.0200000000000 0.6000000000000 0.0200000000000 0.2861953194872 0.2861953194872 31658.326000000 14655.257172329 24321.024000000   276.540800000    40.386717106   101.283572500    -551478  0.458104139214  0.458104139214  0.146826500000  0.057641062500  0.430084200000 20527.764   196.207     0.808078000     0.988660717  -51.38480
   0  6 0.9781623400000 0.6000000000000 0.0200000000000 0.6000000000000 0.0200000000000 0.2920113913958 0.2920113913958 39080.234500000 13486.977306575 25867.352000000   418.763000000    17.038334676    58.061595000    -117076  0.447046731753  0.447046731753  0.204758050000  0.054098250000  0.444039600000 25741.982   190.540     0.828690250     0.990814942  -47.10724
   0  8 0.9853846500000 0.6000000000000 0.0200000000000 0.6000000000000 0.0200000000000 0.2936981443088 0.2936981443088 36186.685000000 15142.749652679 26906.564000000   428.876600000    11.666633305    58.919172500    -872928  0.407499870951  0.407499870951  0.204472050000  0.070981937500  0.389623400000 19191.460   195.504     0.723444625     0.991661616  -50.83034
   0 12 0.9817048800000 0.6000000000000 0.0200000000000 0.6000000000000 0.0200000000000 0.4028184012635 0.4028184012635 28689.946000000 16495.560869107 23787.532000000   362.527100000    15.094654160    69.730915000    -143769  0.409930931093  0.409930931093  0.172923500000  0.071825687500  0.453499600000 21302.995   196.974     0.875743250     0.992196370  -51.58090
   0  6 0.9789782400000 0.6000000000000 0.0200000000000 0.6000000000000 0.0200000000000 0.3741357860249 0.3741357860249 37232.759500000 14833.297186789 26951.552000000   404.294700000    16.720655766    65.600522500    -967995  0.342016305054  0.342016305054  0.173424150000  0.073681687500  0.560698500000 21187.952   200.739     0.755246125     0.990932264  -51.89241
   0  8 0.9858953600000 0.6000000000000 0.0200000000000 0.6000000000000 0.0200000000000 0.2636400273307 0.2636400273307 31336.742500000 18637.905940214 26689.944000000   456.963700000     3.684667435    58.274015000    -141480  0.447215246066  0.447215246066  0.133327150000  0.082931687500  0.526533400000 20430.050   199.645     0.804786000     0.993220774  -54.38161
   0  9 0.9596681600000 0.6000000000000 0.0200000000000 0.6000000000000 0.0200000000000 0.4499804146745 0.4499804146745 26725.817500000 17223.913256939 22693.160000000   436.476600000    14.445600630    69.897575000     -47575  0.540741678352  0.540741678352  0.110758300000  0.091845812500  0.312754300000 19514.663   204.299     0.875364625     0.994012619  -48.65008
   0  6 0.9810908400000 0.6000000000000 0.0200000000000 0.6000000000000 0.0200000000000 0.2351256964611 0.2351256964611 36931.952500000 11796.071823069 22825.620000000   391.826800000    29.929963155    71.503205000    -596097  0.516172877208  0.516172877208  0.174768950000  0.144401937500  0.329723300000 20782.662   193.945     0.775387750     0.990708902  -48.83592
   0  7 0.9656593100000 0.6000000000000 0.0200000000000 0.6000000000000 0.0200000000000 0.5860080384609 0.5860080384609 30105.029500000 17123.202569258 24998.904000000   364.498300000    16.147220827    72.291135000    -806911  0.315433048703  0.315433048703  0.205771050000  0.106198750000  0.449634600000 19911.695   197.178     0.820335375     0.991911004  -50.81740
   0 12 0.9782051100000 0.6000000000000 0.0200000000000 0.6000000000000 0.0200000000000 0.3353104067812 0.3353104067812 30975.523000000 19315.737545900 26567.696000000   439.238400000     0.035489574    49.999905000    -291611  0.547920462157  0.547920462157  0.212715400000  0.063995625000  0.231424100000 22853.928   195.539     0.861110125     0.993059022  -50.33992
   0  8 0.9538263100000 0.6000000000000 0.0200000000000 0.6000000000000 0.0200000000000 0.4505188020818 0.4505188020818 30423.467500000 14121.203325314 23019.364000000   384.838400000    19.731612118    64.868167500    -897744  0.566159321335  0.566159321335  0.175416750000  0.087765312500  0.336683600000 18083.592   182.161     0.782608250     0.992278420  -48.55157
   0  8 0.9604446500000 0.6000000000000 0.0200000000000 0.6000000000000 0.0200000000000 0.5119064990987 0.5119064990987 36965.797000000 15816.038814360 27597.764000000   321.233600000    24.114384717    80.370602500    -172752  0.433830247871  0.433830247871  0.160745800000  0.116205437500  0.301238300000 21105.233   196.672     0.751982750     0.988745562  -50.41105
   0 10 0.9717549700000 0.6000000000000 0.0200000000000 0.6000000000000 0.0200000000000 0.3738964588269 0.3738964588269 38226.629500000 14968.768121542 27287.592000000   444.567400000    10.896041671    57.381597500    -944767  0.520883104365  0.520883104365  0.151352900000  0.069220062500  0.386722600000 20421.337   198.177     0.725212125     0.991560986  -51.66217
   0  6 0.9684737600000 0.6000000000000 0.0200000000000 0.6000000000000 0.0200000000000 0.4545799101936 0.4545799101936 31232.198500000 24217.432995921 28172.312000000   225.121300000    55.587401047   136.999902500    -966117  0.358046184380  0.358046184380  0.149221200000  0.138477187500  0.520612200000 21369.533   181.905     0.826407500     0.986400301  -50.24276
   0 10 0.9695168000000 0.6000000000000 0.0200000000000 0.6000000000000 0.0200000000000 0.4520562497544 0.4520562497544 38821.385500000 14979.395061088 27490.540000000   355.920000000    20.514639247    72.964307500    -764912  0.456412886428  0.456412886428  0.167355200000  0.091061625000  0.435166200000 24380.848   203.282     0.793051625     0.989304041  -49.62092
   0 12 0.9612417000000 0.6000000000000 0.0200000000000 0.6000000000000 0.0200000000000 0.7086028389154 0.7086028389154 30230.134000000 23038.699376406 27030.720000000   249.948800000    29.164309219   110.987195000    -759767  0.413665799302  0.413665799302  0.150421150000  0.073597312500  0.298997600000 21857.920   190.684     0.846036750     0.988169126  -51.80031
   0  7 0.9884662500000 0.6000000000000 0.0200000000000 0.6000000000000 0.0200000000000 0.2492541076287 0.2492541076287 30670.193500000 29932.877206301 28404.792000000   266.096500000     0.076075489    71.420070000    -147325  0.417620805007  0.417620805007  0.120290700000  0.058381500000  0.535692100000 21056.988   179.219     0.824204000     0.988585945  -52.07280
   0  8 0.9637105100000 0.6000000000000 0.0200000000000 0.6000000000000 0.0200000000000 0.5218388745102 0.5218388745102 31647.877000000 11940.611563611 21314.676000000   487.447200000    27.799440250    73.319857500    -705484  0.396250628410  0.396250628410  0.188184250000  0.057657812500  0.426409700000 15044.541   208.241     0.709715125     0.993644878  -47.36212
   0 12 0.9774061700000 0.6000000000000 0.0200000000000 0.6000000000000 0.0200000000000 0.5005811996199 0.5005811996199 28454.978500000 19453.922464769 24786.468000000   247.455400000    43.920769131   120.441315000    -347494  0.375846854833  0.375846854833  0.127617400000  0.120905000000  0.439489300000 22209.679   194.302     0.899093375     0.988686591  -47.91000
   0  7 0.9704376300000 0.6000000000000 0.0200000000000 0.6000000000000 0.0200000000000 0.5028726195731 0.5028726195731 27873.061000000 16832.668429102 23426.160000000   211.971900000    86.220361383   143.565130000    -834821  0.330520896715  0.330520896715  0.129631450000  0.059338125000  0.307168800000 18497.176   171.469     0.827047750     0.987101105  -48.99412
   0  7 0.9517753300000 0.6000000000000 0.0200000000000 0.6000000000000 0.0200000000000 0.4554487234782 0.4554487234782 31535.624500000 18659.058407207 26591.444000000   287.235600000    22.218149380    85.515060000    -374086  0.537621710151  0.537621710151  0.148198050000  0.050723312500  0.467146200000 18981.144   187.317     0.773195875     0.989279785  -53.52789
   0  6 0.9555142500000 0.6000000000000 0.0200000000000 0.6000000000000 0.0200000000000 0.3614868605310 0.3614868605310 32632.391500000 19697.585102600 27840.636000000   298.084400000    13.801374334    75.711272500    -372493  0.582782665785  0.582782665785  0.139416700000  0.090157937500  0.397945300000 19682.156   183.322     0.771897125     0.989304258  -52.64280
   0  8 0.9732258500000 0.6000000000000 0.0200000000000 0.6000000000000 0.0200000000000 0.3077850943586 0.3077850943586 32540.929000000 18104.236867612 27097.076000000   467.001500000     7.724261526    65.618852500    -894461  0.538043053979  0.538043053979  0.146246750000  0.074793187500  0.400682500000 18629.222   213.936     0.749468625     0.993157240  -52.13266
   0  9 0.9806150100000 0.6000000000000 0.0200000000000 0.6000000000000 0.0200000000000 0.2982304928036 0.2982304928036 35596.829500000 19741.792753184 29948.272000000   319.397800000     9.770941054    75.343600000    -995658  0.484688592803  0.484688592803  0.213004200000  0.068642187500  0.570143100000 20327.315   197.805     0.739231375     0.989016889  -49.02125
   0 12 0.9608331000000 0.6000000000000 0.0200000000000 0.6000000000000 0.0200000000000 0.6275389371153 0.6275389371153 32369.978500000 19558.594197148 27466.132000000   424.754900000     0.044067955    51.370950000    -663163  0.472008182585  0.472008182585  0.221088250000  0.065543687500  0.356906300000 20982.459   196.968     0.792112375     0.992546010  -51.16038
   0  8 0.9766074800000 0.6000000000000 0.0200000000000 0.6000000000000 0.0200000000000 0.2823123411999 0.2823123411999 30962.684500000 18522.427276600 26301.700000000   338.706800000    15.390028510    77.832807500    -598166  0.538813929100  0.538813929100  0.130926450000  0.080229937500  0.424038300000 16873.424   199.238     0.731740625     0.991009545  -51.52817
   0 11 0.9569175200000 0.6000000000000 0.0200000000000 0.6000000000000 0.0200000000000 0.5151244488118 0.5151244488118 35538.577000000 17653.640021764 28287.312000000   430.178800000     2.376970309    53.610460000    -289484  0.586683692412  0.586683692412  0.142958450000  0.065368687500  0.508700200000 20714.325   193.128     0.748375750     0.991926413  -52.21571
   0  9 0.9732862200000 0.6000000000000 0.0200000000000 0.6000000000000 0.0200000000000 0.5383567439229 0.5383567439229 30356.494000000 15177.621193226 23962.444000000   262.140600000    35.369412407    91.517680000    -273796  0.326628819255  0.326628819255  0.155133150000  0.073338687500  0.205697200000 18754.238   178.978     0.791451625     0.988627713  -51.40510
   0 11 0.9846706400000 0.6000000000000 0.0200000000000 0.6000000000000 0.0200000000000 0.3551785237392 0.3551785237392 29343.778000000 20837.075711344 25939.520000000   324.060200000     7.387545438    71.259000000    -557606  0.401508339578  0.401508339578  0.131837100000  0.055984562500  0.580915100000 20226.119   191.129     0.828252375     0.991055409  -54.08965
   0  8 0.9844600000000 0.6000000000000 0.0200000000000 0.6000000000000 0.0200000000000 0.2126017015288 0.2126017015288 29225.815000000 17181.338067656 24587.460000000   280.412000000    29.041368380    92.257867500    -914377  0.578221298192  0.578221298192  0.156745150000  0.075936625000  0.382288600000 18975.054   191.832     0.809924875     0.989706017  -52.46733
   0  7 0.9659233400000 0.6000000000000 0.0200000000000 0.6000000000000 0.0200000000000 0.4771005704938 0.4771005704938 37488.341500000 12989.736504557 24544.744000000   341.264900000    23.256914172    62.944427500    -450119  0.385224595437  0.385224595437  0.218603050000  0.122917937500  0.455965800000 21858.381   172.989     0.780057250     0.989240540  -44.67875
   0  8 0.9891998600000 0.6000000000000 0.0200000000000 0.6000000000000 0.0200000000000 0.3298533545112 0.3298533545112 37252.456000000 13364.671778987 25292.072000000   431.148100000    17.143190796    59.333905000    -900353  0.323399351871  0.323399351871  0.146205900000  0.081082125000  0.232850600000 19634.947   191.740     0.730269000     0.991439127  -51.15564
   0  6 0.9654930100000 0.6000000000000 0.0200000000000 0.6000000000000 0.0200000000000 0.3756948102247 0.3756948102247 37184.632000000 13508.131626621 25155.812000000   337.292300000    32.390941871    82.356905000    -143370  0.461207646865  0.461207646865  0.164491850000  0.144251250000  0.218817400000 19831.191   197.393     0.740340250     0.989203414  -49.46807
   0 10 0.9734432600000 0.6000000000000 0.0200000000000 0.6000000000000 0.0200000000000 0.3256388259853 0.3256388259853 33956.066500000 13460.824362455 24001.736000000   301.762900000    30.338787900    78.280235000    -652578  0.572087671395  0.572087671395  0.173667750000  0.092015062500  0.467333800000 16017.389   178.657     0.689681125     0.988948777  -48.24487
   0  6 0.9888785300000 0.6000000000000 0.0200000000000 0.6000000000000 0.0200000000000 0.3156148584137 0.3156148584137 29831.668000000 20136.454779851 26185.224000000   263.142400000    11.922850282    70.676437500    -322795  0.310990549616  0.310990549616  0.140035900000  0.169879187500  0.301144000000 20202.878   165.838     0.825039125     0.988770091  -47.74295
   0  9 0.9626004800000 0.6000000000000 0.0200000000000 0.6000000000000 0.0200000000000 0.7427976581353 0.7427976581353 29156.897500000 20091.873611073 25470.280000000   383.626600000     9.965486728    73.873332500    -593303  0.306523400069  0.306523400069  0.151969050000  0.141079750000  0.531793000000 21243.519   209.097     0.862405250     0.992562793  -50.72851
   0 10 0.9585209500000 0.6000000000000 0.0200000000000 0.6000000000000 0.0200000000000 0.7659493792270 0.7659493792270 33017.695000000 18456.409292815 27393.512000000   451.716900000     3.494388047    58.524330000    -115777  0.351691222836  0.351691222836  0.117404900000  0.055789437500  0.306116600000 21456.577   202.782     0.799107875     0.992854413  -54.11386
   0  6 0.9822427600000 0.6000000000000 0.0200000000000 0.6000000000000 0.0200000000000 0.2842371816178 0.2842371816178 31096.429000000 19956.205620042 27033.328000000   402.578600000     6.791348525    68.329190000    -332011  0.414527574024  0.414527574024  0.105704350000  0.050058250000  0.522247400000 18913.192   204.971     0.775863000     0.992380966  -52.96939
   0  9 0.9726758400000 0.6000000000000 0.0200000000000 0.6000000000000 0.0200000000000 0.5354032097020 0.5354032097020 29019.967000000 20737.827799926 25602.208000000   262.110100000    20.723414231    88.912415000    -730085  0.333577947465  0.333577947465  0.136579750000  0.105663750000  0.474981700000 19314.977   181.150     0.816302750     0.989129858  -52.27666
   0  7 0.9759703100000 0.6000000000000 0.0200000000000 0.6000000000000 0.0200000000000 0.4146497006859 0.4146497006859 37282.331500000 15186.661692525 27299.396000000   248.231900000    39.373120954    92.079800000    -186674  0.351664890898  0.351664890898  0.134600500000  0.119062937500  0.289414700000 23780.508   173.694     0.801796250     0.985233278  -48.10526
   0  8 0.9761009400000 0.6000000000000 0.0200000000000 0.6000000000000 0.0200000000000 0.5004963143936 0.5004963143936 35205.464500000 18292.368219581 28847.396000000   359.647500000     9.976425334    69.825457500    -181901  0.307889862565  0.307889862565  0.135222000000  0.055891250000  0.442071300000 18053.707   199.813     0.703291625     0.990375067  -50.17118
   0  8 0.9798654700000 0.6000000000000 0.0200000000000 0.6000000000000 0.0200000000000 0.3183475023152 0.3183475023152 34615.636000000 13341.697352840 24235.804000000   390.639600000    22.611359083    68.296300000    -276705  0.438679692671  0.438679692671  0.214514400000  0.095032937500  0.479342500000 21278.582   196.545     0.795951125     0.991270931  -50.20695
   0 11 0.9751166800000 0.6000000000000 0.0200000000000 0.6000000000000 0.0200000000000 0.3401211917227 0.3401211917227 32499.227500000 14587.153617908 24514.060000000   403.541800000    20.015347950    72.426790000    -912084  0.556436131685  0.556436131685  0.150829400000  0.089043562500  0.291111300000 17962.577   207.494     0.741540000     0.992084909  -51.58886
   0  8 0.9711896000000 0.6000000000000 0.0200000000000 0.6000000000000 0.0200000000000 0.3952028423330 0.3952028423330 33462.709000000 21234.420043874 29105.496000000   405.953100000     0.075270875    59.518472500     -72987  0.440292246894  0.440292246894  0.195197350000  0.078648500000  0.410662300000 20311.436   204.111     0.767575000     0.991911762  -51.67136
 
  COND2           1      882282  1.388259980435055E+043  1.030854429156894E+041
  7.425514267391354E-003         100
    882282     71696     38623         0    944153         0         0         0         0         0    517392     64364         0   2581490    882282
 PARAMETER FILE GI01D.PAR   
