  Aa Am            MSYL            MSYR           MORTJ           MORTA             K1+           PInit      ISEED   PTarget           CVADD              AR        PREG-MAX           GAMMA              P0   SSTILDA     LIKEL
   0  6 0.9696923700000 0.6000000000000 0.0450000000000 0.6000000000000 0.0100000000000 0.6538584169645 0.2255007140243 23304.377500000  2547.986500048 13151.818000000   438.877700000   132.491821943   146.426430000    -422943  0.492150412193  0.492150412193  0.156313200000  0.144400062500  0.591067400000 19152.449   169.867     0.822657000     1.000000000  -51.30557
   0  6 0.9736774200000 0.6000000000000 0.0450000000000 0.6000000000000 0.0100000000000 0.6711398463427 0.2192203627375 25178.623000000  2525.384893603 13476.672000000   463.201000000   133.102555487   148.141975000    -161684  0.451970285555  0.451970285555  0.154075400000  0.054321937500  0.578723000000 20720.184   173.799     0.818584750     1.000000000  -52.78939
   0  7 0.9683382600000 0.6000000000000 0.0450000000000 0.6000000000000 0.0100000000000 0.9377942356673 0.3057685290438 22302.853000000  2758.971789054 14236.116000000   413.671800000   134.221705687   148.113115000    -323723  0.394909036350  0.394909036350  0.136485300000  0.117853250000  0.260249300000 20803.951   171.015     0.953640000     1.000000000  -50.83684
   0  7 0.9603758900000 0.6000000000000 0.0450000000000 0.6000000000000 0.0100000000000 0.8337863621942 0.2968717254037 22493.837500000  2678.819238925 13753.500000000   362.063000000   136.590165308   148.694052500    -222883  0.500875035223  0.500875035223  0.126117500000  0.077640125000  0.498468900000 19261.548   167.675     0.854363625     1.000000000  -52.05560
   0  7 0.9801831100000 0.6000000000000 0.0450000000000 0.6000000000000 0.0100000000000 0.5211042295984 0.1418891202028 25035.118000000  2648.873669460 14632.184000000   452.206600000   134.171929590   149.557545000    -216112  0.588831490574  0.588831490574  0.140933550000  0.117967250000  0.574083400000 20725.376   175.745     0.818009875     1.000000000  -52.20562
   0  6 0.9879309100000 0.6000000000000 0.0450000000000 0.6000000000000 0.0100000000000 0.6024892832455 0.1492555216943 24389.035000000  2594.999562743 14047.034000000   498.579500000   129.521987974   143.588172500    -619073  0.402341803850  0.402341803850  0.233925700000  0.055947312500  0.465156500000 19229.817   168.411     0.789806000     1.000000000  -46.22828
   0  6 0.9873434500000 0.6000000000000 0.0450000000000 0.6000000000000 0.0100000000000 0.4252192500352 0.1069387313321 21606.266500000  2529.096797647 12903.244000000   423.958000000   134.950610643   149.618612500    -300920  0.575628020622  0.575628020622  0.136683950000  0.053344687500  0.338103900000 18320.498   174.283     0.851139750     1.000000000  -53.51777
   0 10 0.9844617300000 0.6000000000000 0.0450000000000 0.6000000000000 0.0100000000000 0.8545076541834 0.1652957460129 22398.905500000  2638.307062429 14284.820000000   343.592100000   134.727120907   144.957950000    -125602  0.474601903885  0.474601903885  0.117176000000  0.119853687500  0.307347300000 19383.485   161.392     0.846923750     1.000000000  -49.45042
   0  7 0.9787026800000 0.6000000000000 0.0450000000000 0.6000000000000 0.0100000000000 0.8955442196080 0.2504959055237 23127.581500000  2425.467606012 12684.924000000   337.544800000   136.019517066   146.129802500    -910426  0.351025993381  0.351025993381  0.126712800000  0.060087437500  0.236916700000 19301.041   162.139     0.832284500     1.000000000  -48.99308
   0  7 0.9785841900000 0.6000000000000 0.0450000000000 0.6000000000000 0.0100000000000 0.5787666378969 0.1622274116879 26118.209500000  2325.941306452 12538.052000000   450.460800000   134.498255163   149.982255000     -52901  0.544201941321  0.544201941321  0.119025500000  0.066012937500  0.449420400000 21763.135   176.235     0.825357250     1.000000000  -52.57460
   0  6 0.9508064100000 0.6000000000000 0.0450000000000 0.6000000000000 0.0100000000000 0.8369482049425 0.3476481865230 21073.381000000  2655.130232893 12900.092000000   456.909200000   134.203361261   149.485395000    -685076  0.500321130580  0.500321130580  0.145365000000  0.062831687500  0.520768600000 18986.568   174.825     0.914919250     1.000000000  -52.77732
   0 12 0.9890603800000 0.6000000000000 0.0450000000000 0.6000000000000 0.0100000000000 0.8050478277457 0.1127921226275 22909.435000000  2573.205335790 14422.202000000   429.378100000   134.408750053   149.537590000    -365620  0.598211418925  0.598211418925  0.144701200000  0.073686937500  0.429335200000 20526.689   175.033     0.871339000     1.000000000  -53.47057
   0  8 0.9795282900000 0.6000000000000 0.0450000000000 0.6000000000000 0.0100000000000 0.6558050385786 0.1670296179252 23473.384000000  2706.723736557 14683.260000000   330.880800000   136.309745629   145.990442500    -581774  0.530831682382  0.530831682382  0.143923650000  0.158602437500  0.269916900000 20766.940   161.288     0.875746000     1.000000000  -49.11719
   0  6 0.9794837800000 0.6000000000000 0.0450000000000 0.6000000000000 0.0100000000000 0.7698158536002 0.2288961922969 28144.694500000  2254.547617470 11894.324000000   458.858800000   133.423480021   148.530447500    -920437  0.360579211333  0.360579211333  0.233381600000  0.144658062500  0.358046900000 21132.607   174.363     0.760168375     1.000000000  -46.20355
   0  9 0.9743558100000 0.6000000000000 0.0450000000000 0.6000000000000 0.0100000000000 0.8084209454489 0.2069994509986 23083.369000000  2342.220951034 12448.410000000   433.822100000   133.669820946   148.302362500    -684897  0.531623817375  0.531623817375  0.131100950000  0.075863125000  0.562710400000 20915.944   172.820     0.906295375     1.000000000  -52.43622
   0 10 0.9760852000000 0.6000000000000 0.0450000000000 0.6000000000000 0.0100000000000 0.9453269109482 0.2158620065605 23111.125000000  2215.657508386 11807.476000000   490.213400000   132.115181332   147.827050000    -194607  0.500808669117  0.500808669117  0.132985050000  0.116729375000  0.397661400000 20416.160   174.939     0.875065500     1.000000000  -51.94786
   0  6 0.9763259200000 0.6000000000000 0.0450000000000 0.6000000000000 0.0100000000000 0.8973401875518 0.2814974637683 22276.946500000  2577.890475822 13188.650000000   453.950700000   132.578606622   147.079257500    -496104  0.324762209248  0.324762209248  0.166038500000  0.118127625000  0.536754700000 19855.451   171.781     0.896068000     1.000000000  -51.81106
   0  9 0.9744803200000 0.6000000000000 0.0450000000000 0.6000000000000 0.0100000000000 0.8519636416100 0.2177251744439 26076.994000000  2611.786238252 14968.358000000   391.028600000   135.480657106   149.010862500    -870243  0.503362114499  0.503362114499  0.234799150000  0.119401937500  0.584655100000 24964.569   171.073     0.986992000     1.000000000  -44.00401
   0  7 0.9586036800000 0.6000000000000 0.0450000000000 0.6000000000000 0.0100000000000 0.8431885774040 0.3053863769667 23596.855000000  2556.501709602 13315.792000000   373.655000000   135.933980727   148.506625000    -191513  0.508410359497  0.508410359497  0.102779650000  0.200396000000  0.574838200000 19675.552   168.400     0.830301250     1.000000000  -49.33755
   0  6 0.9640959300000 0.6000000000000 0.0450000000000 0.6000000000000 0.0100000000000 0.6710591369491 0.2471341295284 23476.853500000  2983.071391781 15539.856000000   492.298700000   132.040257547   147.231065000    -460819  0.519851354202  0.519851354202  0.121197250000  0.079218875000  0.336344300000 19629.188   173.281     0.832391625     1.000000000  -51.21651
   0  9 0.9649258200000 0.6000000000000 0.0450000000000 0.6000000000000 0.0100000000000 0.9637098634601 0.2800946147429 23695.715500000  2541.612855332 13703.960000000   445.622000000   134.011183505   149.203457500    -308130  0.523801230362  0.523801230362  0.150153150000  0.054489437500  0.594823500000 19375.556   174.612     0.803948500     1.000000000  -53.06275
   0 11 0.9769468700000 0.6000000000000 0.0450000000000 0.6000000000000 0.0100000000000 0.9263992349044 0.1900365176072 22531.732000000  2426.879453852 13157.254000000   455.011500000   133.245363309   148.609617500    -812225  0.573968279078  0.573968279078  0.169492300000  0.062062312500  0.435641400000 18328.459   174.689     0.790995750     1.000000000  -51.88777
   0  6 0.9870029100000 0.6000000000000 0.0450000000000 0.6000000000000 0.0100000000000 0.7500669818198 0.1902522962929 23084.314000000  2618.462709755 13843.104000000   356.252200000   135.598806352   146.918577500    -932725  0.328160948945  0.328160948945  0.134443850000  0.115804312500  0.369082500000 19238.158   165.220     0.831734250     1.000000000  -51.33847
   0  7 0.9562361700000 0.6000000000000 0.0450000000000 0.6000000000000 0.0100000000000 0.8700966063149 0.3220102321924 23233.583500000  2618.360058972 13561.822000000   395.577500000   133.769645442   146.592245000     -92272  0.510040488995  0.510040488995  0.189132200000  0.105480250000  0.268219800000 18595.580   167.287     0.800732875     1.000000000  -49.53463
   0  6 0.9844722200000 0.6000000000000 0.0450000000000 0.6000000000000 0.0100000000000 0.7343398778961 0.1976570202204 25909.796500000  2472.533055607 13440.820000000   449.565100000   132.125400155   146.291392500    -376073  0.349278826355  0.349278826355  0.173932050000  0.054249250000  0.248907500000 19569.830   170.618     0.761941375     1.000000000  -49.79846
   0  7 0.9728792700000 0.6000000000000 0.0450000000000 0.6000000000000 0.0100000000000 0.6818075635950 0.2092360222799 23440.255000000  2421.601165355 12629.012000000   453.877900000   130.547998382   144.082302500     -30048  0.506115315234  0.506115315234  0.208807250000  0.177105687500  0.512589900000 19143.050   167.181     0.815831500     1.000000000  -47.17069
   0  7 0.9791649500000 0.6000000000000 0.0450000000000 0.6000000000000 0.0100000000000 0.7378687496786 0.2046982756601 22781.833000000  2539.823958456 13338.778000000   478.966700000   130.793932474   145.180120000    -993237  0.422839092338  0.422839092338  0.108851100000  0.084121562500  0.325196200000 18591.367   170.114     0.815154000     1.000000000  -51.82650
   0  7 0.9834683900000 0.6000000000000 0.0450000000000 0.6000000000000 0.0100000000000 0.8372168319399 0.2134588880953 23007.499000000  2645.064280982 14104.700000000   368.758200000   132.162631943   142.926992500    -238186  0.347065591111  0.347065591111  0.172275850000  0.262487687500  0.441007700000 18933.801   160.663     0.819281125     1.000000000  -45.52559
   0  6 0.9827081200000 0.6000000000000 0.0450000000000 0.6000000000000 0.0100000000000 0.4625830672355 0.1292804952957 22926.958000000  2528.391696631 13160.772000000   414.019200000   135.185549511   149.521372500    -921356  0.570364476451  0.570364476451  0.123212250000  0.197888375000  0.474841400000 19449.755   173.408     0.847472000     1.000000000  -50.81732
   0  9 0.9733290500000 0.6000000000000 0.0450000000000 0.6000000000000 0.0100000000000 0.7834898708971 0.2037939938457 25133.830000000  2422.917917789 13469.782000000   375.132700000   136.332123831   149.301997500    -118238  0.558399244721  0.558399244721  0.141570550000  0.071497750000  0.263911600000 19117.694   170.108     0.753496500     1.000000000  -50.75665
   0  8 0.9869945100000 0.6000000000000 0.0450000000000 0.6000000000000 0.0100000000000 0.7265921401855 0.1574715695657 20060.786500000  2504.923033447 12589.908000000   494.430500000   133.413684958   149.787320000    -533299  0.420586979218  0.420586979218  0.122608050000  0.116648750000  0.343101800000 18147.249   178.268     0.916196375     1.000000000  -51.66440
   0  7 0.9793096700000 0.6000000000000 0.0450000000000 0.6000000000000 0.0100000000000 0.9525652261335 0.2635702458372 21557.558500000  2348.029029486 11809.466000000   458.712900000   133.416124611   148.619042500    -890466  0.326763338552  0.326763338552  0.100750850000  0.087917375000  0.576263200000 18258.927   174.543     0.850817125     1.000000000  -51.70604
   0  6 0.9585378500000 0.6000000000000 0.0450000000000 0.6000000000000 0.0100000000000 0.9376591603842 0.3650154532383 20715.118000000  2539.023173157 12261.628000000   418.564600000   133.768271466   147.522200000    -146195  0.402153647711  0.402153647711  0.157207500000  0.062684187500  0.291476600000 17347.784   170.043     0.846625750     1.000000000  -50.33826
   0  8 0.9660563600000 0.6000000000000 0.0450000000000 0.6000000000000 0.0100000000000 0.7896778871707 0.2452496022309 21446.831500000  2324.003778539 11607.816000000   485.349100000   133.064791691   148.885542500    -402867  0.550880121701  0.550880121701  0.138434850000  0.058751875000  0.312344800000 18433.682   175.853     0.862750000     1.000000000  -52.31959
   0  6 0.9770991700000 0.6000000000000 0.0450000000000 0.6000000000000 0.0100000000000 0.6632408229175 0.2054673319366 26133.154000000  2409.762403161 12860.416000000   403.842500000   134.098252543   147.447807500    -332344  0.434226302038  0.434226302038  0.130871300000  0.095825250000  0.222123300000 20770.749   169.567     0.794064875     1.000000000  -51.39264
   0  6 0.9618997900000 0.6000000000000 0.0450000000000 0.6000000000000 0.0100000000000 0.6364990467960 0.2398475106543 23607.290500000  2628.926475952 13607.170000000   414.469200000   135.306007971   149.622285000     -35338  0.565342765012  0.565342765012  0.117598500000  0.089082562500  0.403923500000 19289.414   173.022     0.817108625     1.000000000  -53.26549
   0  8 0.9661577600000 0.6000000000000 0.0450000000000 0.6000000000000 0.0100000000000 0.8126652469413 0.2520873478028 23525.548000000  2731.634036185 14600.344000000   403.192200000   135.377632308   149.389520000    -584104  0.534427916398  0.534427916398  0.117560300000  0.092835187500  0.580531500000 21149.564   172.219     0.894987875     1.000000000  -52.34772
   0  6 0.9773499800000 0.6000000000000 0.0450000000000 0.6000000000000 0.0100000000000 0.5277905483561 0.1628295511760 23186.765500000  2657.204345373 13927.022000000   468.150200000   133.946751635   149.594790000     -12205  0.543568930531  0.543568930531  0.107892850000  0.050394937500  0.439985500000 20761.390   176.359     0.896818500     1.000000000  -53.50420
   0  6 0.9705652600000 0.6000000000000 0.0450000000000 0.6000000000000 0.0100000000000 0.7066189366935 0.2409579382032 23731.396000000  2388.881994806 12173.796000000   439.863900000   131.687386189   145.254285000    -301676  0.449601331876  0.449601331876  0.185804400000  0.105407625000  0.227395900000 20317.987   168.150     0.856195625     1.000000000  -49.93859
   0  6 0.9572152100000 0.6000000000000 0.0450000000000 0.6000000000000 0.0100000000000 0.9366837448596 0.3690446779762 25053.640000000  2274.675744298 11308.124000000   426.694400000   133.290032148   147.125505000    -703910  0.409966431908  0.409966431908  0.135581100000  0.086977000000  0.562716500000 18606.338   169.899     0.760983750     1.000000000  -49.36843
   0  6 0.9700444100000 0.6000000000000 0.0450000000000 0.6000000000000 0.0100000000000 0.9378173125969 0.3219729796075 22576.565500000  2582.129751881 13189.986000000   490.867900000   128.017497888   141.000165000    -204751  0.341366455255  0.341366455255  0.113373000000  0.078850000000  0.393441200000 18622.154   163.525     0.827213625     1.000000000  -49.57039
   0  8 0.9880390700000 0.6000000000000 0.0450000000000 0.6000000000000 0.0100000000000 0.7836741728270 0.1652938291815 23396.960500000  2775.446830366 15185.638000000   331.110700000   138.688306495   149.159062500     -14778  0.382735553573  0.382735553573  0.160016400000  0.097035062500  0.355380500000 19897.712   165.625     0.838076000     1.000000000  -49.78027
   0  7 0.9821795200000 0.6000000000000 0.0450000000000 0.6000000000000 0.0100000000000 0.5684795277083 0.1488856414823 20314.262500000  2538.337596541 12641.880000000   488.852000000   132.070888628   147.419662500    -873522  0.522248074630  0.522248074630  0.178931250000  0.147738125000  0.380466300000 17500.987   174.068     0.867773875     1.000000000  -49.45716
   0 10 0.9891834400000 0.6000000000000 0.0450000000000 0.6000000000000 0.0100000000000 0.8772880163494 0.1501261540059 24560.269000000  2399.325220311 13697.050000000   444.765500000   128.976694533   141.758065000    -261871  0.422657925942  0.422657925942  0.111743100000  0.108677562500  0.570835900000 21071.531   163.895     0.834393500     1.000000000  -50.38692
   0  6 0.9805273700000 0.6000000000000 0.0450000000000 0.6000000000000 0.0100000000000 0.5915843336194 0.1725596186300 26594.854000000  2406.830001016 12976.266000000   453.753300000   132.981068297   147.704590000    -802683  0.461624391143  0.461624391143  0.141137300000  0.179234250000  0.328114900000 21043.069   172.887     0.789924500     1.000000000  -49.43298
   0  9 0.9778719200000 0.6000000000000 0.0450000000000 0.6000000000000 0.0100000000000 0.9058857700856 0.2188251767662 25569.394000000  2403.907234687 13527.936000000   404.295200000   135.423189434   149.620107500    -247503  0.446084731438  0.446084731438  0.189456900000  0.098578125000  0.459305300000 22041.703   172.995     0.843235250     1.000000000  -50.82610
   0  8 0.9778710400000 0.6000000000000 0.0450000000000 0.6000000000000 0.0100000000000 0.8436284048424 0.2213398239706 25269.248500000  2555.522222829 14264.950000000   461.297400000   130.927326168   145.003125000    -937200  0.424454685928  0.424454685928  0.148611100000  0.249596875000  0.297024300000 22873.792   169.222     0.897063875     1.000000000  -46.41011
   0 10 0.9815796300000 0.6000000000000 0.0450000000000 0.6000000000000 0.0100000000000 0.8995960672837 0.1853873515183 25418.153500000  2523.420889917 14559.886000000   470.387900000   132.380256038   147.713917500    -620536  0.475743031193  0.475743031193  0.145129950000  0.085525250000  0.301376400000 21850.427   174.161     0.832174750     1.000000000  -52.51528
   0  6 0.9768975200000 0.6000000000000 0.0450000000000 0.6000000000000 0.0100000000000 0.5974216891819 0.1856896059068 22501.195000000  2456.787230688 12492.806000000   471.951100000   133.898850078   149.629370000     -96533  0.483557389257  0.483557389257  0.120261550000  0.065283937500  0.397974000000 18046.287   176.553     0.808621375     1.000000000  -53.52796
   0  8 0.9785871400000 0.6000000000000 0.0450000000000 0.6000000000000 0.0100000000000 0.8230510898591 0.2132377974313 20855.032000000  2481.651799625 12586.992000000   493.536900000   131.436455678   146.650647500    -527099  0.429808536858  0.429808536858  0.154897750000  0.087621750000  0.372317900000 19311.305   173.067     0.947290000     1.000000000  -51.34891
   0  6 0.9825051700000 0.6000000000000 0.0450000000000 0.6000000000000 0.0100000000000 0.5329982154897 0.1495786717335 23083.841500000  2521.745988490 13152.474000000   426.122600000   129.966119176   142.234677500    -183223  0.496613541297  0.496613541297  0.144960800000  0.119451812500  0.206246700000 21446.694   163.167     0.944643875     1.000000000  -48.92359
   0  8 0.9721819100000 0.6000000000000 0.0450000000000 0.6000000000000 0.0100000000000 0.7146801470763 0.2050439866268 24523.832500000  2315.077309806 12325.088000000   424.077900000   133.486526057   147.557657500    -204779  0.551007603038  0.551007603038  0.136215900000  0.082243562500  0.404319300000 20335.230   171.004     0.822235375     1.000000000  -52.55073
   0  7 0.9795682100000 0.6000000000000 0.0450000000000 0.6000000000000 0.0100000000000 0.8149505834038 0.2244358922484 22909.057000000  2807.150441395 14877.470000000   414.129100000   132.439263060   145.545485000     -77895  0.380330595515  0.380330595515  0.122480100000  0.084783687500  0.427996200000 18545.599   167.538     0.807128875     1.000000000  -49.62871
   0  8 0.9802020200000 0.6000000000000 0.0450000000000 0.6000000000000 0.0100000000000 0.7109877169086 0.1788146660809 23592.805000000  2622.935392559 14263.458000000   457.210800000   130.003473942   143.480532500    -223518  0.484014643921  0.484014643921  0.108352250000  0.165107812500  0.576120200000 20889.575   166.723     0.876774625     1.000000000  -50.00678
   0  7 0.9806120400000 0.6000000000000 0.0450000000000 0.6000000000000 0.0100000000000 0.9066998262292 0.2448912124995 22506.851500000  2493.487489634 13004.670000000   471.909100000   134.027472107   149.958432500    -732932  0.336038710197  0.336038710197  0.115955050000  0.074803187500  0.551131800000 20276.753   177.293     0.904721250     1.000000000  -53.98320
   0  6 0.9721768900000 0.6000000000000 0.0450000000000 0.6000000000000 0.0100000000000 0.9580958875927 0.3196900954470 26323.153000000  2613.321510015 14292.302000000   435.356900000   132.307596331   146.039517500    -922443  0.323777774399  0.323777774399  0.131835300000  0.112759812500  0.528779100000 22174.444   169.205     0.832698125     1.000000000  -50.85805
   0 10 0.9893274600000 0.6000000000000 0.0450000000000 0.6000000000000 0.0100000000000 0.9558967140723 0.1628951097021 25031.810500000  2584.859731487 14995.956000000   451.248400000   132.795137442   147.778885000    -841356  0.386830495743  0.386830495743  0.154504850000  0.055215437500  0.442555100000 20439.100   173.517     0.790695000     1.000000000  -51.14666
   0  7 0.9563565200000 0.6000000000000 0.0450000000000 0.6000000000000 0.0100000000000 0.9372327651458 0.3464867563751 25894.865500000  2338.044376594 12213.486000000   494.976300000   133.411475635   149.486435000     -51070  0.472676640920  0.472676640920  0.175528600000  0.050751250000  0.387437100000 20392.866   176.788     0.788972875     1.000000000  -51.96111
   0 10 0.9732855100000 0.6000000000000 0.0450000000000 0.6000000000000 0.0100000000000 0.9107774799834 0.2175478233447 23320.429000000  2543.897392844 13886.442000000   447.067300000   130.302127984   143.789087500    -746168  0.546809958239  0.546809958239  0.196188850000  0.095163625000  0.233495400000 21262.075   166.771     0.904685625     1.000000000  -48.87746
   0  6 0.9662219500000 0.6000000000000 0.0450000000000 0.6000000000000 0.0100000000000 0.8727533652999 0.3139033123865 25295.263000000  2576.149181852 13719.026000000   417.136500000   129.978808249   141.887252500    -970979  0.387755369126  0.387755369126  0.113113200000  0.190283562500  0.276474700000 21746.090   161.800     0.852968125     1.000000000  -48.43616
   0  6 0.9565727200000 0.6000000000000 0.0450000000000 0.6000000000000 0.0100000000000 0.7359264658317 0.2916028907537 24907.907500000  2360.827106307 11944.996000000   484.127100000   131.719983939   146.499002500    -763798  0.526414880536  0.526414880536  0.189238650000  0.114919937500  0.330812700000 22600.199   171.572     0.914485500     1.000000000  -48.52350
   0  7 0.9852188700000 0.6000000000000 0.0450000000000 0.6000000000000 0.0100000000000 0.7574903598399 0.1857568470274 25024.966000000  2728.197615260 15216.338000000   464.401700000   134.028466340   149.760962500    -526884  0.372443799356  0.372443799356  0.163372350000  0.081476375000  0.426645400000 21165.188   176.806     0.833552000     1.000000000  -51.92568
   0  9 0.9889774800000 0.6000000000000 0.0450000000000 0.6000000000000 0.0100000000000 0.7660562281060 0.1445092783534 21718.478500000  2503.083315980 13308.808000000   426.929800000   134.712170335   149.647310000    -256957  0.431327966097  0.431327966097  0.186338600000  0.106438937500  0.376446000000 19840.633   174.797     0.916011000     1.000000000  -51.30035
   0  6 0.9653462200000 0.6000000000000 0.0450000000000 0.6000000000000 0.0100000000000 0.8003657246854 0.2907367882301 23726.684500000  2655.426968454 13854.994000000   423.008600000   130.291598342   142.563967500    -130515  0.428166445140  0.428166445140  0.133518750000  0.136722500000  0.489947800000 18504.904   163.093     0.785241250     1.000000000  -49.15988
   0  7 0.9780021800000 0.6000000000000 0.0450000000000 0.6000000000000 0.0100000000000 0.7638855664187 0.2162949865103 23228.048500000  2434.487998755 12756.342000000   425.234800000   134.973802421   149.747572500    -709504  0.416235735364  0.416235735364  0.124655550000  0.085274187500  0.245317400000 19518.825   174.413     0.837340250     1.000000000  -54.06711
   0 10 0.9810370700000 0.6000000000000 0.0450000000000 0.6000000000000 0.0100000000000 0.8527297272140 0.1776923921259 22848.860500000  2829.917666370 15296.100000000   482.010200000   128.815692644   142.539917500    -290951  0.506965533209  0.506965533209  0.151584650000  0.097852312500  0.213158200000 21348.385   166.527     0.940482625     1.000000000  -49.02049
   0  8 0.9854969600000 0.6000000000000 0.0450000000000 0.6000000000000 0.0100000000000 0.5872244230418 0.1320220529540 23155.958500000  2578.768471276 13976.350000000   497.870200000   127.990563145   141.413857500    -196595  0.534422918413  0.534422918413  0.167760850000  0.110730062500  0.412570000000 19612.290   165.112     0.837099625     1.000000000  -50.03705
   0  6 0.9568484300000 0.6000000000000 0.0450000000000 0.6000000000000 0.0100000000000 0.6636086991580 0.2623094475702 21443.686000000  2514.925906116 12293.790000000   446.153400000   133.522959882   148.153967500    -868623  0.581583583487  0.581583583487  0.121943600000  0.073100937500  0.347834500000 17661.446   172.453     0.831369000     1.000000000  -52.13110
   0  9 0.9727298500000 0.6000000000000 0.0450000000000 0.6000000000000 0.0100000000000 0.9001344992554 0.2362337991359 23015.761000000  2502.982350628 13411.204000000   417.993300000   133.940043833   148.058092500    -722112  0.491100389003  0.491100389003  0.210855450000  0.102339312500  0.371661800000 20944.944   171.484     0.909181000     1.000000000  -49.47939
   0  7 0.9838981500000 0.6000000000000 0.0450000000000 0.6000000000000 0.0100000000000 0.8094624941171 0.2044751734038 22760.327500000  2459.779091008 12915.474000000   430.097900000   133.064326815   147.123100000    -690631  0.356386086771  0.356386086771  0.152174450000  0.093281187500  0.352867400000 19533.161   170.922     0.855224125     1.000000000  -52.80859
   0  7 0.9766043800000 0.6000000000000 0.0450000000000 0.6000000000000 0.0100000000000 0.7440688716290 0.2156809361046 26157.062500000  2369.607973177 12848.120000000   494.038800000   132.190244354   147.700527500    -192373  0.437073813104  0.437073813104  0.161877200000  0.089946937500  0.264547700000 20299.428   174.605     0.775945250     1.000000000  -51.91835
   0  8 0.9763602800000 0.6000000000000 0.0450000000000 0.6000000000000 0.0100000000000 0.7660193519300 0.2061711486983 24117.077500000  2663.085404042 14581.162000000   449.634600000   131.716424465   145.838960000    -404744  0.479534869629  0.479534869629  0.159892500000  0.142014500000  0.449173700000 19035.549   169.927     0.782605250     1.000000000  -49.62646
   0  7 0.9898102000000 0.6000000000000 0.0450000000000 0.6000000000000 0.0100000000000 0.5412489769058 0.1179040567605 20034.947500000  2662.175872997 13294.078000000   401.501900000   135.550224341   149.573372500    -366617  0.481637405197  0.481637405197  0.103466200000  0.088545937500  0.590578000000 18059.077   172.818     0.913095375     1.000000000  -50.40734
   0  6 0.9589673300000 0.6000000000000 0.0450000000000 0.6000000000000 0.0100000000000 0.6809516777436 0.2640268916372 27009.277000000  2556.137078085 13777.954000000   413.301000000   133.176961986   146.441087500    -221422  0.550481869929  0.550481869929  0.192164450000  0.103902437500  0.294592100000 20640.664   168.211     0.766975500     1.000000000  -48.55415
   0  6 0.9863587000000 0.6000000000000 0.0450000000000 0.6000000000000 0.0100000000000 0.8143731489826 0.2098483479520 24417.979000000  2570.733812959 13862.524000000   384.580000000   136.494704293   149.956970000     -67272  0.305455134242  0.305455134242  0.126472400000  0.082928562500  0.208240800000 22174.937   171.980     0.907673625     1.000000000  -52.14983
   0  9 0.9883292500000 0.6000000000000 0.0450000000000 0.6000000000000 0.0100000000000 0.9589214829843 0.1841806260806 25465.700500000  2475.323576495 14217.554000000   461.139100000   133.963175598   149.780820000    -434089  0.348756826168  0.348756826168  0.161059800000  0.180701625000  0.247133500000 22816.239   176.961     0.878776375     1.000000000  -49.22128
   0  7 0.9765407200000 0.6000000000000 0.0450000000000 0.6000000000000 0.0100000000000 0.6806382300611 0.1974996437497 22910.947000000  2471.635582869 12898.666000000   497.760900000   131.904153569   147.345855000    -363811  0.478295232514  0.478295232514  0.179507900000  0.125472625000  0.229006900000 18381.862   174.160     0.803875875     1.000000000  -51.05219
   0  8 0.9810883200000 0.6000000000000 0.0450000000000 0.6000000000000 0.0100000000000 0.8553073945708 0.2114626511587 21178.532500000  2740.765666370 14061.096000000   439.741800000   134.471804452   149.668077500     -75888  0.396258740670  0.396258740670  0.133887150000  0.074235875000  0.352351700000 19077.319   175.314     0.904702375     1.000000000  -53.09280
   0  9 0.9808712100000 0.6000000000000 0.0450000000000 0.6000000000000 0.0100000000000 0.6946604473415 0.1586627720922 22157.404000000  2396.182092351 12665.072000000   441.379900000   133.952256177   149.037675000    -522919  0.551526230008  0.551526230008  0.106134800000  0.076241125000  0.501994600000 19958.448   174.530     0.899867875     1.000000000  -52.75804
   0  6 0.9654514800000 0.6000000000000 0.0450000000000 0.6000000000000 0.0100000000000 0.7620949937717 0.2765086993930 22449.152500000  2699.012625288 13759.924000000   473.158800000   133.648544026   149.211712500    -189211  0.448991465113  0.448991465113  0.142065150000  0.107930250000  0.254703800000 20625.000   175.615     0.932434875     1.000000000  -52.62472
   0  6 0.9792952800000 0.6000000000000 0.0450000000000 0.6000000000000 0.0100000000000 0.9108098315345 0.2717364318086 23548.187500000  2369.757934695 12150.292000000   442.055200000   133.818723482   148.574615000    -979817  0.305656598729  0.305656598729  0.114297050000  0.094921187500  0.508743400000 20590.362   173.556     0.874794000     1.000000000  -52.55719
   0  7 0.9610819900000 0.6000000000000 0.0450000000000 0.6000000000000 0.0100000000000 0.9201983003788 0.3253441209970 25944.559000000  2441.608122869 13077.000000000   469.546200000   132.130247313   146.890270000      -1240  0.449110852129  0.449110852129  0.163234600000  0.139936812500  0.288725200000 21783.751   171.890     0.831635375     1.000000000  -50.73678
   0  7 0.9675581000000 0.6000000000000 0.0450000000000 0.6000000000000 0.0100000000000 0.8702238622228 0.2864633010172 20456.228500000  2638.924653172 12985.856000000   499.183800000   131.853696613   147.249915000    -790461  0.430700387670  0.430700387670  0.132601600000  0.073104125000  0.434901000000 18059.986   173.757     0.891657250     1.000000000  -52.32212
   0  6 0.9884557300000 0.6000000000000 0.0450000000000 0.6000000000000 0.0100000000000 0.6946373998985 0.1697205607051 23768.318500000  2398.725537876 12571.576000000   467.698900000   134.061432297   149.823460000    -544841  0.345946469594  0.345946469594  0.108708850000  0.056762187500  0.377151100000 21791.890   177.001     0.923118375     1.000000000  -51.54066
   0  9 0.9814430300000 0.6000000000000 0.0450000000000 0.6000000000000 0.0100000000000 0.8515626431437 0.1922885479653 22731.626500000  2746.637329856 14787.362000000   415.075600000   135.234709734   149.867725000    -104220  0.445319462106  0.445319462106  0.106970800000  0.092838062500  0.582933900000 20028.623   174.201     0.868604250     1.000000000  -52.20857
   0  9 0.9898724900000 0.6000000000000 0.0450000000000 0.6000000000000 0.0100000000000 0.6466682853775 0.1188747126350 25346.536000000  2358.569241117 13412.158000000   377.036200000   134.581806067   146.977045000    -435603  0.502487738013  0.502487738013  0.133978950000  0.098217687500  0.518021700000 22349.145   167.343     0.863975625     1.000000000  -51.12448
   0  6 0.9767106900000 0.6000000000000 0.0450000000000 0.6000000000000 0.0100000000000 0.9058765370056 0.2824202166123 22449.017500000  2513.519645656 12843.240000000   435.187000000   134.149232393   148.810792500    -765832  0.319816944206  0.319816944206  0.111059000000  0.153689812500  0.260337600000 20450.884   173.462     0.921429750     1.000000000  -50.70915
   0  7 0.9570650300000 0.6000000000000 0.0450000000000 0.6000000000000 0.0100000000000 0.9503166881768 0.3491022395540 24924.080500000  2457.524978717 12931.712000000   437.618300000   133.004161978   147.194502500    -137871  0.461379291936  0.461379291936  0.118556300000  0.122893062500  0.396796500000 20159.606   170.724     0.806051500     1.000000000  -51.98596
   0  6 0.9714485600000 0.6000000000000 0.0450000000000 0.6000000000000 0.0100000000000 0.9626652077621 0.3244304072880 22425.568000000  2399.701208839 12004.374000000   284.464900000   141.789453547   147.614175000    -999696  0.325741772664  0.325741772664  0.168836950000  0.148810875000  0.204541900000 20313.207   156.676     0.917088250     1.000000000  -46.63309
   0  8 0.9663176200000 0.6000000000000 0.0450000000000 0.6000000000000 0.0100000000000 0.9060047425151 0.2805100915138 26197.400500000  2647.213657963 14871.348000000   363.472100000   137.064398222   149.507527500    -195018  0.478141347522  0.478141347522  0.227984850000  0.067598500000  0.504300700000 19636.371   169.158     0.746552500     1.000000000  -46.18094
   0  6 0.9744607100000 0.6000000000000 0.0450000000000 0.6000000000000 0.0100000000000 0.5167423402894 0.1668477645788 27325.150000000  2383.878517294 12785.386000000   463.379400000   132.270938924   146.884777500    -707573  0.580139710974  0.580139710974  0.142644650000  0.077379312500  0.537018400000 19945.453   171.896     0.742825625     1.000000000  -49.99512
   0  8 0.9850341900000 0.6000000000000 0.0450000000000 0.6000000000000 0.0100000000000 0.6036204816852 0.1371874849089 25326.583000000  2127.724101045 11219.448000000   470.223900000   129.898518312   143.705790000    -645470  0.524169470055  0.524169470055  0.155850050000  0.140839625000  0.202165600000 20514.957   167.695     0.807445125     1.000000000  -48.47253
   0  9 0.9845117800000 0.6000000000000 0.0450000000000 0.6000000000000 0.0100000000000 0.8166264385023 0.1725984962002 23573.608000000  2234.688430257 12003.044000000   499.645600000   132.797694506   149.064455000    -329004  0.439310734316  0.439310734316  0.180724250000  0.131755000000  0.504695400000 18905.664   177.412     0.795192500     1.000000000  -50.73513
   0  7 0.9782855100000 0.6000000000000 0.0450000000000 0.6000000000000 0.0100000000000 0.5987663306088 0.1687123351105 24451.945000000  2656.645070378 14489.220000000   358.687300000   136.745561798   148.712870000    -689190  0.528584135835  0.528584135835  0.144677150000  0.099986187500  0.375308900000 21321.886   167.819     0.862910000     1.000000000  -51.46729
   0  8 0.9794568500000 0.6000000000000 0.0450000000000 0.6000000000000 0.0100000000000 0.9605751431132 0.2449754711409 22060.636000000  2815.486836510 14722.564000000   372.853100000   128.580591409   138.070420000    -755516  0.362852852780  0.362852852780  0.146622750000  0.155914375000  0.237832100000 19817.118   153.906     0.897259875     1.000000000  -46.40890
   0  6 0.9849168000000 0.6000000000000 0.0450000000000 0.6000000000000 0.0100000000000 0.5055270668348 0.1347230882958 24039.223000000  2531.715677300 13486.864000000   476.645600000   133.758525652   149.597000000    -837383  0.503741177852  0.503741177852  0.120068800000  0.106986375000  0.458569300000 18170.492   176.971     0.766138375     1.000000000  -51.45684
   0  9 0.9885180100000 0.6000000000000 0.0450000000000 0.6000000000000 0.0100000000000 0.6461174647159 0.1234579593435 20602.258000000  2731.595991509 13998.270000000   343.668800000   138.025710797   149.406030000    -693592  0.515787738387  0.515787738387  0.111346650000  0.147617250000  0.324634600000 18754.956   167.410     0.915233750     1.000000000  -49.03500
   0  9 0.9838697300000 0.6000000000000 0.0450000000000 0.6000000000000 0.0100000000000 0.9270857525744 0.1988164183391 25933.381000000  2562.273646680 14811.900000000   373.155300000   135.640503991   148.229205000    -906071  0.391512734924  0.391512734924  0.165147350000  0.106352750000  0.205718500000 21899.404   168.696     0.821280875     1.000000000  -49.96046
   0  6 0.9785235400000 0.6000000000000 0.0450000000000 0.6000000000000 0.0100000000000 0.8347289097762 0.2524453913465 26161.868500000  2381.455220092 12671.546000000   486.910800000   130.652942689   145.037900000    -303334  0.337532111816  0.337532111816  0.161673650000  0.057727562500  0.429078700000 22159.226   170.065     0.840202750     1.000000000  -50.30450
   0  8 0.9793466900000 0.6000000000000 0.0450000000000 0.6000000000000 0.0100000000000 0.6600311493740 0.1686690654181 21666.166000000  2281.661134694 11592.986000000   480.072900000   133.578104414   149.606295000     -99342  0.529072004869  0.529072004869  0.118156450000  0.086974125000  0.219950000000 17743.391   177.155     0.821332500     1.000000000  -52.14911
 
  COND2           1      465246  5.837766899830543E+042  7.125665316983787E+040
  1.220614909648179E-002         100
    465246  27799767   1188403         0     38268         0         0         0         0         0   1198366   2049452         0  11960498    465246
 PARAMETER FILE GI02C.PAR   
