  Aa Am            MSYL            MSYR           MORTJ           MORTA             K1+           PInit      ISEED   PTarget           CVADD              AR        PREG-MAX           GAMMA              P0   SSTILDA     LIKEL
   0 11 0.9889265400000 0.6000000000000 0.0450000000000 0.6000000000000 0.0200000000000 0.7097816793649 0.2086010332249 23240.563000000  2280.005691394 12723.698000000   390.746500000    67.943869764   101.634280000    -382476  0.595342080574  0.595342080574  0.131811400000  0.074606875000  0.432802500000 20035.121   191.549     0.840283250     1.000000000  -56.01530
   0  6 0.9686178400000 0.6000000000000 0.0450000000000 0.6000000000000 0.0200000000000 0.5539721550248 0.2749797019855 24882.946000000  2854.397812977 15392.072000000   496.848600000    68.441036723   101.498885000    -971775  0.590079246483  0.590079246483  0.122786250000  0.090006500000  0.293199400000 20727.764   196.392     0.825956875     1.000000000  -53.94382
   0  8 0.9527112800000 0.6000000000000 0.0450000000000 0.6000000000000 0.0200000000000 0.9415925988004 0.4584981373452 22361.875000000  2643.498802550 13555.318000000   324.948300000    75.383499140   114.596937500    -954679  0.569019816834  0.569019816834  0.125771850000  0.077637812500  0.458602200000 18721.932   200.248     0.832717125     1.000000000  -55.22418
   0  9 0.9871515900000 0.6000000000000 0.0450000000000 0.6000000000000 0.0200000000000 0.8925190541162 0.3114251757778 22857.217000000  2780.488482269 15110.228000000   330.287100000    73.734082277   112.542060000    -414998  0.382963894358  0.382963894358  0.167872700000  0.097106562500  0.504917800000 20472.399   201.233     0.884845000     1.000000000  -53.12753
   0  9 0.9888062900000 0.6000000000000 0.0450000000000 0.6000000000000 0.0200000000000 0.9468168704851 0.3234283493464 21838.601500000  2566.949873421 13692.814000000   250.106400000    82.544855048   122.882065000    -604467  0.350096039242  0.350096039242  0.146874250000  0.050646062500  0.531255500000 19186.603   186.197     0.869887500     1.000000000  -55.60819
   0 10 0.9887133100000 0.6000000000000 0.0450000000000 0.6000000000000 0.0200000000000 0.7404733224129 0.2358136106811 22076.768500000  2139.602003561 11271.242000000   392.617700000    70.487449336   107.862937500    -333058  0.505280070591  0.505280070591  0.136057650000  0.068763125000  0.376691800000 20292.998   205.099     0.927837125     1.000000000  -52.05367
   0  9 0.9886384800000 0.6000000000000 0.0450000000000 0.6000000000000 0.0200000000000 0.8380263716012 0.2868990676797 21488.641000000  2376.033005480 12494.230000000   462.574200000    66.399993916    98.008905000    -764965  0.396781896894  0.396781896894  0.130320250000  0.082493625000  0.365793800000 17479.403   189.279     0.808688625     1.000000000  -53.60795
   0  7 0.9785679100000 0.6000000000000 0.0450000000000 0.6000000000000 0.0200000000000 0.5376437832071 0.2332217294637 25178.501500000  2418.229906926 13070.406000000   309.480300000    79.147735090   122.577280000    -703040  0.585981537978  0.585981537978  0.127141850000  0.068632250000  0.252234600000 20994.058   209.889     0.826048500     1.000000000  -52.43926
   0  6 0.9892048100000 0.6000000000000 0.0450000000000 0.6000000000000 0.0200000000000 0.4355972457487 0.1784349024225 21597.248500000  2818.436546088 14495.188000000   324.324400000    72.654245789   108.386415000    -979969  0.544833583518  0.544833583518  0.133925700000  0.076714625000  0.437641500000 17501.562   192.246     0.815432500     1.000000000  -53.71028
   0  7 0.9644882500000 0.6000000000000 0.0450000000000 0.6000000000000 0.0200000000000 0.6555503413923 0.3164328013432 25786.136500000  2409.876169277 12871.540000000   427.406900000    69.558220368   103.859425000    -427084  0.599066840478  0.599066840478  0.129841050000  0.087468687500  0.429241200000 21382.890   196.865     0.822495625     1.000000000  -55.20337
   0  6 0.9630048400000 0.6000000000000 0.0450000000000 0.6000000000000 0.0200000000000 0.9485258492487 0.4880062000080 20830.435000000  2751.981986028 13478.850000000   233.686600000    87.192968697   126.738060000    -739737  0.373509988231  0.373509988231  0.169736400000  0.104281125000  0.454404100000 19077.659   179.988     0.935435500     1.000000000  -52.25926
   0  9 0.9758891500000 0.6000000000000 0.0450000000000 0.6000000000000 0.0200000000000 0.9580903989253 0.3763229019218 23507.768500000  2643.747925678 14422.126000000   293.063800000    78.327951783   119.689167500    -212234  0.436736673904  0.436736673904  0.119490750000  0.051134937500  0.573281500000 19348.110   199.729     0.807562875     1.000000000  -54.26703
   0  9 0.9784827700000 0.6000000000000 0.0450000000000 0.6000000000000 0.0200000000000 0.7558416847058 0.2898872713981 22829.596000000  2429.833995614 13018.514000000   431.132300000    68.187025016   101.899837500    -400907  0.528895955951  0.528895955951  0.102412450000  0.077577187500  0.583444600000 20156.942   195.102     0.874515500     1.000000000  -55.52872
   0  6 0.9801346800000 0.6000000000000 0.0450000000000 0.6000000000000 0.0200000000000 0.7597100057838 0.3437655955007 26923.984000000  2514.008622514 13844.434000000   362.107400000    71.522531800   107.002142500    -681145  0.361683188201  0.361683188201  0.155260800000  0.052575875000  0.313412500000 21224.127   196.233     0.785258250     1.000000000  -54.48083
   0  8 0.9748552300000 0.6000000000000 0.0450000000000 0.6000000000000 0.0200000000000 0.6676698597399 0.2818585354926 24259.934500000  2738.161077229 15021.410000000   430.643500000    69.115132555   103.672875000    -258645  0.564222661196  0.564222661196  0.162650300000  0.058808062500  0.410278200000 20955.420   198.441     0.850348375     1.000000000  -55.01615
   0  6 0.9764434100000 0.6000000000000 0.0450000000000 0.6000000000000 0.0200000000000 0.6183514661836 0.2891899622048 21513.319000000  2440.465456418 12145.270000000   355.513100000    71.753563635   107.205495000    -582115  0.470444709144  0.470444709144  0.155182550000  0.052491437500  0.497500500000 17563.877   195.035     0.824602750     1.000000000  -55.03313
   0  6 0.9698538600000 0.6000000000000 0.0450000000000 0.6000000000000 0.0200000000000 0.8288233218767 0.4078886634943 24445.249000000  2852.599842693 15275.628000000   473.979700000    67.284137952    98.079820000    -542531  0.387339226376  0.387339226376  0.111357250000  0.072850312500  0.552470000000 21635.870   186.067     0.879974250     1.000000000  -52.48677
   0  7 0.9808848000000 0.6000000000000 0.0450000000000 0.6000000000000 0.0200000000000 0.9681345600846 0.4108385757807 23653.406500000  2771.236631609 14961.766000000   204.392600000    99.162649219   134.630620000    -453688  0.313303550779  0.313303550779  0.127129300000  0.216130500000  0.217092300000 19381.190   167.324     0.813508250     1.000000000  -47.79200
   0  6 0.9728102200000 0.6000000000000 0.0450000000000 0.6000000000000 0.0200000000000 0.9013800731332 0.4340601952069 24118.117000000  2478.068165603 12917.316000000   333.109900000    76.611675536   117.854185000    -524722  0.340918659574  0.340918659574  0.140052900000  0.094264125000  0.571166900000 22395.376   209.366     0.942581750     1.000000000  -50.86267
   0  7 0.9844200600000 0.6000000000000 0.0450000000000 0.6000000000000 0.0200000000000 0.9357595335294 0.3827933484343 21659.078500000  2926.283617151 15041.624000000   340.754100000    71.432955741   106.497255000    -247035  0.305589193895  0.305589193895  0.162025900000  0.118202875000  0.213612900000 19666.866   191.908     0.914142625     1.000000000  -52.66379
   0  7 0.9860676400000 0.6000000000000 0.0450000000000 0.6000000000000 0.0200000000000 0.8939963046702 0.3589762845286 23698.442500000  2225.701677770 11485.658000000   317.465800000    74.073005683   111.703657500    -915518  0.311055077467  0.311055077467  0.133259400000  0.101226750000  0.295641300000 19568.381   196.214     0.825737875     1.000000000  -53.71634
   0  7 0.9849096200000 0.6000000000000 0.0450000000000 0.6000000000000 0.0200000000000 0.7446572480221 0.3029732321724 23820.293500000  2467.983331327 13246.928000000   312.946600000    76.810967171   117.776250000    -638911  0.380851247862  0.380851247862  0.112248850000  0.143227625000  0.349639800000 20757.592   204.608     0.865166375     1.000000000  -52.74315
   0 10 0.9749050900000 0.6000000000000 0.0450000000000 0.6000000000000 0.0200000000000 0.8169122651584 0.3025716903859 25082.719000000  2491.912894686 14128.412000000   409.658800000    69.370653394   104.933647500    -861211  0.592074657173  0.592074657173  0.129344850000  0.080331750000  0.501529900000 23265.028   199.829     0.924087875     1.000000000  -53.53161
   0  6 0.9632484200000 0.6000000000000 0.0450000000000 0.6000000000000 0.0200000000000 0.7508983124847 0.3857672489759 23325.640000000  2796.560793646 14522.184000000   487.324700000    70.045802551   105.560182500    -378938  0.470192091122  0.470192091122  0.118878100000  0.064984500000  0.551196300000 19425.147   205.585     0.830699625     1.000000000  -55.52355
   0  9 0.9797593800000 0.6000000000000 0.0450000000000 0.6000000000000 0.0200000000000 0.7993859903929 0.3028083219851 29192.929000000  1975.195752958 10523.304000000   318.573400000    73.210261899   110.255067500    -313974  0.488879355949  0.488879355949  0.236073750000  0.083176812500  0.506912800000 21525.374   193.444     0.748993250     1.000000000  -47.65450
   0  7 0.9675478900000 0.6000000000000 0.0450000000000 0.6000000000000 0.0200000000000 0.8081275072961 0.3823581032103 21735.380500000  2824.832782755 14343.496000000   494.473400000    67.695239013   100.071225000    -732144  0.463867877040  0.463867877040  0.114122050000  0.086869250000  0.287053700000 19603.927   193.176     0.908499250     1.000000000  -54.30109
   0  6 0.9773867800000 0.6000000000000 0.0450000000000 0.6000000000000 0.0200000000000 0.7911610232052 0.3670259264277 25188.788500000  2412.174645620 12726.202000000   260.903700000    82.425727202   123.594660000    -133339  0.362414800121  0.362414800121  0.131352800000  0.078362187500  0.238828300000 21157.381   191.714     0.835358000     1.000000000  -54.91632
   0  7 0.9748341200000 0.6000000000000 0.0450000000000 0.6000000000000 0.0200000000000 0.9054366219502 0.4057005471700 24019.945000000  2417.554690017 12760.760000000   414.880800000    68.997053598   102.402645000    -712043  0.369496284370  0.369496284370  0.145121000000  0.086485062500  0.212590200000 19670.029   193.103     0.816052875     1.000000000  -55.55624
   0  6 0.9785003400000 0.6000000000000 0.0450000000000 0.6000000000000 0.0200000000000 0.7504608069237 0.3447329840218 22361.038000000  2474.665504280 12603.820000000   231.753100000    85.445824305   123.860477500    -214850  0.375567847645  0.375567847645  0.109030750000  0.070559312500  0.338571000000 18803.866   177.396     0.843351250     1.000000000  -54.40444
   0  9 0.9771198800000 0.6000000000000 0.0450000000000 0.6000000000000 0.0200000000000 0.9219728195670 0.3581399692344 23839.531000000  2578.045040980 14177.288000000   428.012700000    66.316603842    96.726650000    -316796  0.444149179222  0.444149179222  0.157430850000  0.128659437500  0.315347600000 20802.197   181.960     0.857001750     1.000000000  -52.15111
   0  6 0.9663591700000 0.6000000000000 0.0450000000000 0.6000000000000 0.0200000000000 0.6963557983644 0.3508877496950 24469.387000000  2445.753636877 12649.604000000   490.608600000    68.456502804   101.391635000    -930717  0.485022105854  0.485022105854  0.142015150000  0.063687000000  0.306032000000 20160.560   195.418     0.823068250     1.000000000  -56.10876
   0  7 0.9803847500000 0.6000000000000 0.0450000000000 0.6000000000000 0.0200000000000 0.6157958697602 0.2625958157115 27226.181500000  2248.259331936 12099.504000000   375.765100000    69.084982942   101.734607500    -768429  0.496638101270  0.496638101270  0.150458750000  0.098991562500  0.237386000000 22820.823   187.336     0.829767250     1.000000000  -51.62128
   0  7 0.9741034700000 0.6000000000000 0.0450000000000 0.6000000000000 0.0200000000000 0.7159526732355 0.3227128317793 23404.061500000  2683.493011767 14274.554000000   469.210800000    68.139963015   101.125395000    -355582  0.472743116013  0.472743116013  0.174774100000  0.196270000000  0.515611000000 19639.737   194.884     0.833330750     1.000000000  -50.21439
   0  6 0.9591460800000 0.6000000000000 0.0450000000000 0.6000000000000 0.0200000000000 0.6808196994147 0.3580565891694 22402.550500000  2415.916858223 11921.262000000   458.176300000    69.591224958   103.752922500      -1565  0.549228090467  0.549228090467  0.137026050000  0.068913500000  0.322913500000 19072.565   198.221     0.856099000     1.000000000  -55.69008
   0  8 0.9728362000000 0.6000000000000 0.0450000000000 0.6000000000000 0.0200000000000 0.7401366609282 0.3176516546294 21974.506000000  2581.493796385 13399.834000000   332.826400000    74.984471178   114.789857500    -970653  0.526340766310  0.526340766310  0.131793450000  0.111227812500  0.571913700000 20078.184   204.278     0.922089375     1.000000000  -53.45627
   0  7 0.9831843500000 0.6000000000000 0.0450000000000 0.6000000000000 0.0200000000000 0.5446935019081 0.2258012312377 25693.810000000  2129.966109320 10936.594000000   396.252400000    71.450743815   108.644530000    -420229  0.535997371640  0.535997371640  0.148842950000  0.106781000000  0.554615100000 22316.689   205.788     0.867027125     1.000000000  -49.42647
   0  6 0.9842385500000 0.6000000000000 0.0450000000000 0.6000000000000 0.0200000000000 0.7376234702320 0.3202496072278 22480.513000000  3051.804278851 15810.904000000   211.816900000    97.556168006   135.767665000    -437468  0.349035167302  0.349035167302  0.117916450000  0.074062312500  0.329743900000 20377.130   173.207     0.910858000     1.000000000  -51.08270
   0  6 0.9895281800000 0.6000000000000 0.0450000000000 0.6000000000000 0.0200000000000 0.7166526465421 0.2923487910807 24348.832000000  2366.039695653 12461.596000000   258.220100000    84.664866174   127.909327500    -689286  0.329375722203  0.329375722203  0.173346200000  0.052812937500  0.286525700000 21728.907   195.488     0.890251750     1.000000000  -52.99666
   0  6 0.9580079000000 0.6000000000000 0.0450000000000 0.6000000000000 0.0200000000000 0.9092307629485 0.4811168562142 21218.573500000  2896.331985607 14221.454000000   268.929400000    79.360288342   117.904625000    -764931  0.417768879627  0.417768879627  0.119767600000  0.064231687500  0.278229200000 17264.199   187.379     0.820052625     1.000000000  -52.87795
   0  8 0.9731118800000 0.6000000000000 0.0450000000000 0.6000000000000 0.0200000000000 0.9212969972355 0.3945325460093 22283.966500000  2602.742317923 13619.358000000   404.693300000    68.896459890   102.395950000    -999100  0.420919124292  0.420919124292  0.170132000000  0.095144750000  0.225482700000 21104.819   192.253     0.981854875     1.000000000  -52.44768
   0  7 0.9680624700000 0.6000000000000 0.0450000000000 0.6000000000000 0.0200000000000 0.8117448109409 0.3827219301564 22616.282500000  2549.497867576 13166.372000000   279.650500000    81.752987579   124.678080000    -733080  0.458169552117  0.458169552117  0.137664550000  0.240592125000  0.565619100000 20297.749   200.330     0.901410875     1.000000000  -48.95454
   0  7 0.9714931100000 0.6000000000000 0.0450000000000 0.6000000000000 0.0200000000000 0.9028582871831 0.4153124913425 21964.367500000  2533.684931983 12946.916000000   223.724500000    94.286663273   135.116527500    -456435  0.390605531549  0.390605531549  0.113163750000  0.065238625000  0.391861800000 19994.284   180.072     0.920966375     1.000000000  -53.94942
   0  7 0.9757903300000 0.6000000000000 0.0450000000000 0.6000000000000 0.0200000000000 0.9368047402662 0.4164222834725 23897.378500000  2817.204013278 15194.414000000   274.963000000    81.034897063   122.885282500    -787365  0.351714517779  0.351714517779  0.144726100000  0.074148750000  0.422841200000 20305.374   196.900     0.840950250     1.000000000  -53.78149
   0  7 0.9787689000000 0.6000000000000 0.0450000000000 0.6000000000000 0.0200000000000 0.5899441771345 0.2554369526011 23067.574000000  2579.309929342 13649.746000000   442.720000000    69.908323773   105.588295000    -812702  0.532288669609  0.532288669609  0.175274450000  0.086727937500  0.459536000000 18478.101   204.132     0.800962750     1.000000000  -54.00179
   0  6 0.9765619600000 0.6000000000000 0.0450000000000 0.6000000000000 0.0200000000000 0.7734431206693 0.3613596304556 24626.581000000  2547.966778114 13570.074000000   275.932000000    80.106807056   120.877010000    -254295  0.375430319828  0.375430319828  0.124485550000  0.074040437500  0.283132200000 20951.477   195.086     0.845201500     1.000000000  -55.54774
   0  6 0.9547191900000 0.6000000000000 0.0450000000000 0.6000000000000 0.0200000000000 0.7874343239808 0.4237406507821 24771.800500000  2350.585562921 11818.378000000   371.650900000    71.036799246   105.322055000    -145561  0.504553093995  0.504553093995  0.124282150000  0.057488625000  0.508430600000 20239.740   191.716     0.819652250     1.000000000  -54.83917
   0  6 0.9807280800000 0.6000000000000 0.0450000000000 0.6000000000000 0.0200000000000 0.8652645801134 0.3893205426587 22745.329000000  2793.697213441 14618.908000000   371.163400000    72.981496339   111.079820000    -208835  0.314621694451  0.314621694451  0.176702750000  0.094317750000  0.341250600000 20238.028   206.184     0.890409375     1.000000000  -52.96398
   0  7 0.9671434300000 0.6000000000000 0.0450000000000 0.6000000000000 0.0200000000000 0.8282939717925 0.3929714882128 24509.468500000  2553.675391723 13655.610000000   372.226700000    69.640965070   102.663815000     -93760  0.455384535887  0.455384535887  0.218586650000  0.085288437500  0.495306400000 21766.454   187.642     0.883529000     1.000000000  -51.16113
   0  7 0.9849642100000 0.6000000000000 0.0450000000000 0.6000000000000 0.0200000000000 0.8495228993328 0.3454285872271 27247.255000000  2290.712612426 12551.426000000   367.694100000    71.380813610   107.535727500     -36166  0.333530571807  0.333530571807  0.148239950000  0.084086812500  0.508637000000 20634.224   199.084     0.760196125     1.000000000  -53.22646
   0  6 0.9527724800000 0.6000000000000 0.0450000000000 0.6000000000000 0.0200000000000 0.9312787869636 0.5058857621017 21303.583000000  2775.070811933 13612.944000000   405.444600000    70.071810552   103.758187500    -250963  0.437974761552  0.437974761552  0.131696250000  0.107745562500  0.399687500000 19857.078   192.458     0.960239375     1.000000000  -53.09698
   0  9 0.9869900000000 0.6000000000000 0.0450000000000 0.6000000000000 0.0200000000000 0.6675689770579 0.2334026808662 21748.394500000  2529.825736875 13426.808000000   393.708800000    70.278590275   106.742435000    -841814  0.513539680782  0.513539680782  0.159050650000  0.054371250000  0.508398500000 20164.486   202.412     0.937867000     1.000000000  -55.12207
   0  8 0.9744065300000 0.6000000000000 0.0450000000000 0.6000000000000 0.0200000000000 0.9571028604915 0.4055605156089 24660.331000000  2516.066816673 13789.978000000   457.543400000    68.299363222   102.006275000    -655990  0.396554803587  0.396554803587  0.175494750000  0.189424187500  0.387322700000 22151.125   196.908     0.891228125     1.000000000  -50.02350
   0  7 0.9692189900000 0.6000000000000 0.0450000000000 0.6000000000000 0.0200000000000 0.9210019226803 0.4307445766486 23300.503000000  2404.042360492 12417.754000000   377.295800000    72.275954101   109.642312500    -599449  0.396686412601  0.396686412601  0.203615000000  0.086528437500  0.540537300000 18732.167   203.424     0.805799875     1.000000000  -52.33868
   0 10 0.9856668600000 0.6000000000000 0.0450000000000 0.6000000000000 0.0200000000000 0.7806635142703 0.2585158412729 24312.004000000  2502.182624868 14197.304000000   266.164100000    78.740124208   117.949572500    -342817  0.507836341677  0.507836341677  0.157980950000  0.088624250000  0.580402700000 20626.222   187.791     0.823990000     1.000000000  -54.50318
   0  7 0.9769371600000 0.6000000000000 0.0450000000000 0.6000000000000 0.0200000000000 0.8279928467338 0.3644460121298 21919.561000000  2389.052704502 12126.804000000   244.960300000    83.548275661   123.210347500    -623496  0.390674707313  0.390674707313  0.125353550000  0.065341375000  0.268822100000 19429.614   183.478     0.891411125     1.000000000  -54.78318
   0  6 0.9769890500000 0.6000000000000 0.0450000000000 0.6000000000000 0.0200000000000 0.6172635813951 0.2873403390470 22438.244500000  2866.762530026 14821.034000000   331.995400000    72.004098349   106.792322500    -989794  0.467357913173  0.467357913173  0.176726850000  0.051151750000  0.239125500000 21380.226   189.797     0.995526750     1.000000000  -52.17978
   0 11 0.9864072100000 0.6000000000000 0.0450000000000 0.6000000000000 0.0200000000000 0.8282875443696 0.2518111702321 23945.087500000  2289.505938479 12921.260000000   343.624700000    72.683265070   111.556692500    -191898  0.535823383312  0.535823383312  0.123534750000  0.064688625000  0.428058700000 20212.189   202.748     0.819064375     1.000000000  -55.81533
   0  8 0.9822167100000 0.6000000000000 0.0450000000000 0.6000000000000 0.0200000000000 0.7427214323365 0.2926725705253 25523.723500000  2686.676728239 15245.158000000   459.458200000    68.352497192   102.452662500    -829904  0.447508595465  0.447508595465  0.151841750000  0.073191875000  0.479780900000 19887.468   199.102     0.770333625     1.000000000  -53.15776
   0  6 0.9724824300000 0.6000000000000 0.0450000000000 0.6000000000000 0.0200000000000 0.6075845360813 0.2933137320331 24257.531500000  2650.407049273 14078.834000000   260.414900000    80.067439238   118.700647500    -445471  0.508246714043  0.508246714043  0.185370200000  0.075544937500  0.385753300000 20506.741   185.834     0.840385750     1.000000000  -53.63389
   0  6 0.9717277900000 0.6000000000000 0.0450000000000 0.6000000000000 0.0200000000000 0.8231008866476 0.3996109448709 26628.779500000  2574.316268012 14068.992000000   351.025900000    75.594099751   116.365685000    -540151  0.379401413909  0.379401413909  0.136337500000  0.054785062500  0.486018600000 22563.704   211.208     0.837190250     1.000000000  -52.02945
   0 10 0.9816800200000 0.6000000000000 0.0450000000000 0.6000000000000 0.0200000000000 0.9455699128260 0.3277643901098 25470.628000000  2028.371454517 10909.048000000   325.148600000    70.202502176   103.813047500    -191843  0.451769340225  0.451769340225  0.140852900000  0.050928687500  0.534610200000 20359.142   183.642     0.791873625     1.000000000  -50.81153
   0  7 0.9614114500000 0.6000000000000 0.0450000000000 0.6000000000000 0.0200000000000 0.7631696435482 0.3753246706047 24262.054000000  2704.197650924 14427.438000000   415.518100000    69.308596545   102.837982500    -385679  0.538872844043  0.538872844043  0.121200300000  0.131758437500  0.229186400000 21251.822   192.895     0.869353000     1.000000000  -53.80384
   0  7 0.9512662400000 0.6000000000000 0.0450000000000 0.6000000000000 0.0200000000000 0.8734481299689 0.4530013558532 24930.790000000  2570.474080349 13608.186000000   244.516900000    87.848365282   129.894655000    -313538  0.545774927011  0.545774927011  0.118769700000  0.159846812500  0.352560600000 20893.537   187.726     0.831363375     1.000000000  -52.29785
   0  8 0.9770895900000 0.6000000000000 0.0450000000000 0.6000000000000 0.0200000000000 0.9560252245468 0.3958441380557 23701.628500000  2513.439538728 13575.976000000   292.750000000    74.965319199   111.960180000    -868474  0.379536585420  0.379536585420  0.173948050000  0.083151187500  0.594866700000 19265.954   188.828     0.805379500     1.000000000  -54.25108
   0  8 0.9880925900000 0.6000000000000 0.0450000000000 0.6000000000000 0.0200000000000 0.6478807170272 0.2386633850861 19909.141000000  2477.775623616 12413.606000000   279.926800000    78.110876893   118.008625000    -240342  0.462511208106  0.462511208106  0.124085400000  0.072832500000  0.266935200000 18127.378   193.715     0.925300250     1.000000000  -53.45135
   0  6 0.9843576000000 0.6000000000000 0.0450000000000 0.6000000000000 0.0200000000000 0.7025455286825 0.3046289956571 22387.984000000  2435.960380014 12458.386000000   498.421200000    67.858109373   100.419625000    -795814  0.365760683264  0.365760683264  0.148907700000  0.112110062500  0.351405300000 20819.512   195.395     0.949612875     1.000000000  -52.98975
   0  7 0.9736778100000 0.6000000000000 0.0450000000000 0.6000000000000 0.0200000000000 0.8494148300129 0.3841789166732 24170.956000000  2324.037909711 12096.954000000   333.817000000    73.915073798   111.888095000    -414930  0.401159773372  0.401159773372  0.206511150000  0.057094625000  0.386271700000 21794.173   199.463     0.904511375     1.000000000  -52.16358
   0 11 0.9806467600000 0.6000000000000 0.0450000000000 0.6000000000000 0.0200000000000 0.8646344054346 0.2813525140631 23248.919500000  2241.801179885 12290.876000000   204.976600000   101.234442378   136.712862500    -842598  0.573375923507  0.573375923507  0.242428500000  0.182676875000  0.453748100000 19667.834   168.131     0.825225250     1.000000000  -45.22728
   0  9 0.9755079100000 0.6000000000000 0.0450000000000 0.6000000000000 0.0200000000000 0.7232983740897 0.2850567802320 21444.982000000  2538.909856512 13166.016000000   452.605700000    69.502658520   105.824342500    -748854  0.582376534622  0.582376534622  0.162706150000  0.063516312500  0.450315400000 19781.633   206.505     0.934719500     1.000000000  -54.47048
   0  7 0.9809275900000 0.6000000000000 0.0450000000000 0.6000000000000 0.0200000000000 0.8618739939410 0.3655920411820 22855.799500000  2626.239606984 13904.490000000   336.637100000    72.982129390   110.011577500    -144434  0.351682513794  0.351682513794  0.188173300000  0.075784562500  0.308728900000 20045.603   197.403     0.873562500     1.000000000  -54.14398
   0  6 0.9759976400000 0.6000000000000 0.0450000000000 0.6000000000000 0.0200000000000 0.8655654847141 0.4063274286845 21450.841000000  2464.879416238 12276.292000000   261.559200000    82.420052058   123.632945000    -718133  0.338372580481  0.338372580481  0.152165800000  0.172157500000  0.582125900000 17918.511   191.919     0.841689375     1.000000000  -50.90940
   0  6 0.9894730300000 0.6000000000000 0.0450000000000 0.6000000000000 0.0200000000000 0.6625214292872 0.2704589427432 23622.424000000  2445.674196890 12894.484000000   456.624900000    68.871989774   102.771910000    -610229  0.356616433865  0.356616433865  0.111181650000  0.062771625000  0.509233000000 21512.010   199.096     0.914163750     1.000000000  -55.00319
   0  7 0.9543793400000 0.6000000000000 0.0450000000000 0.6000000000000 0.0200000000000 0.8748431021408 0.4469347036979 24055.720000000  2578.760124526 13503.848000000   306.126100000    76.026749266   114.436485000    -726322  0.521107482552  0.521107482552  0.174634150000  0.067504187500  0.443550000000 20201.166   194.892     0.834794375     1.000000000  -54.93357
   0  7 0.9691860000000 0.6000000000000 0.0450000000000 0.6000000000000 0.0200000000000 0.8626872255759 0.4035655231415 20651.573500000  2548.343484616 12603.144000000   386.576200000    73.548091568   113.217865000    -347813  0.423716961289  0.423716961289  0.127786500000  0.075946812500  0.395383200000 18428.936   212.300     0.903141250     1.000000000  -52.66929
   0  7 0.9593403600000 0.6000000000000 0.0450000000000 0.6000000000000 0.0200000000000 0.8713559152928 0.4336332135755 24714.925000000  2628.985133593 14057.368000000   343.350600000    70.964186397   104.691490000    -116031  0.486669637768  0.486669637768  0.164690800000  0.079969750000  0.382906400000 20099.389   186.602     0.807603125     1.000000000  -54.00614
   0  6 0.9738556400000 0.6000000000000 0.0450000000000 0.6000000000000 0.0200000000000 0.7131125481956 0.3406264006741 22577.105500000  2679.501322275 13823.818000000   410.126900000    70.093053422   104.566657500    -842977  0.424231486751  0.424231486751  0.134088550000  0.077392625000  0.390193100000 21473.035   196.993     0.991833750     1.000000000  -52.81790
   0  9 0.9860287000000 0.6000000000000 0.0450000000000 0.6000000000000 0.0200000000000 0.6407800600345 0.2266831754340 24049.955500000  2073.796289094 10871.928000000   207.480800000   102.117236849   139.056145000    -180916  0.544555198697  0.544555198697  0.127141000000  0.119637062500  0.345770000000 19087.250   171.471     0.792999250     1.000000000  -49.33830
   0 10 0.9742996900000 0.6000000000000 0.0450000000000 0.6000000000000 0.0200000000000 0.9481216304977 0.3530479698411 23795.021500000  2403.166798657 13202.618000000   351.829600000    71.771169173   108.859485000    -257102  0.515753822257  0.515753822257  0.154099700000  0.095209375000  0.499322000000 18636.066   198.289     0.767954750     1.000000000  -53.91529
   0  9 0.9854182700000 0.6000000000000 0.0450000000000 0.6000000000000 0.0200000000000 0.6286714477536 0.2240218327137 28628.629000000  2041.164462217 11220.608000000   304.630100000    73.527987174   110.209210000     -40841  0.561287054210  0.561287054210  0.172588100000  0.063641375000  0.528875600000 21371.906   190.196     0.749340500     1.000000000  -50.92642
   0  7 0.9626262900000 0.6000000000000 0.0450000000000 0.6000000000000 0.0200000000000 0.8593601732737 0.4195938515926 23247.178000000  2641.404447224 13797.788000000   357.500700000    72.495899132   109.203432500    -705245  0.469958239875  0.469958239875  0.140033500000  0.090762375000  0.592364000000 20604.079   198.417     0.885029500     1.000000000  -55.58374
   0  6 0.9679474500000 0.6000000000000 0.0450000000000 0.6000000000000 0.0200000000000 0.6196642040574 0.3089901882911 24589.145500000  2429.514944176 12581.492000000   418.858900000    70.096818643   104.594640000    -263979  0.532688923604  0.532688923604  0.115538150000  0.064429625000  0.550624100000 21494.757   197.429     0.872079500     1.000000000  -55.45555
   0  7 0.9690661100000 0.6000000000000 0.0450000000000 0.6000000000000 0.0200000000000 0.8390006581912 0.3928174736851 23966.525500000  2384.628212524 12419.462000000   279.867800000    80.988774506   123.164392500    -155551  0.436486720632  0.436486720632  0.209485550000  0.070290812500  0.334588200000 20682.715   198.731     0.859885375     1.000000000  -51.60501
   0  8 0.9813851100000 0.6000000000000 0.0450000000000 0.6000000000000 0.0200000000000 0.7543890349187 0.2998244180349 23482.685500000  2465.445851015 13293.416000000   430.301600000    71.409739957   110.026950000    -756150  0.446973717795  0.446973717795  0.127360000000  0.075580812500  0.389434300000 20785.270   213.899     0.878455125     1.000000000  -54.26599
   0  6 0.9853658400000 0.6000000000000 0.0450000000000 0.6000000000000 0.0200000000000 0.7020095119025 0.3010458087560 22513.547500000  2671.023691845 13958.556000000   483.752500000    70.415656196   107.289280000    -302728  0.360122148604  0.360122148604  0.160077050000  0.064486000000  0.515038200000 19755.708   212.333     0.877325500     1.000000000  -54.52700
   0 11 0.9787785200000 0.6000000000000 0.0450000000000 0.6000000000000 0.0200000000000 0.8920107212773 0.2960225012205 26660.666500000  2256.292089194 13164.648000000   488.038700000    65.351658717    96.416795000    -701212  0.575841810660  0.575841810660  0.119503950000  0.182918000000  0.205275400000 20807.495   187.399     0.755249000     1.000000000  -49.11681
   0  7 0.9694741700000 0.6000000000000 0.0450000000000 0.6000000000000 0.0200000000000 0.7940612645695 0.3707028951681 19932.253000000  3280.352641823 15204.360000000   247.588000000    82.374237634   121.289142500    -735176  0.458290020187  0.458290020187  0.179319400000  0.109190312500  0.429671100000 18532.469   182.470     0.959196875     1.000000000  -50.09024
   0 10 0.9778166800000 0.6000000000000 0.0450000000000 0.6000000000000 0.0200000000000 0.8237374585752 0.2969934168549 23373.835000000  2426.015481809 13294.778000000   412.500600000    71.389673321   110.453837500    -707773  0.556864882951  0.556864882951  0.152986300000  0.059008500000  0.261418600000 20582.001   212.693     0.864224250     1.000000000  -54.18329
   0 10 0.9809215600000 0.6000000000000 0.0450000000000 0.6000000000000 0.0200000000000 0.7841805348203 0.2740272057810 25471.870000000  2373.341330682 13570.124000000   373.555900000    69.644524361   104.648265000    -272656  0.552462629938  0.552462629938  0.139482850000  0.083383625000  0.221697700000 20031.234   194.453     0.766791625     1.000000000  -54.50923
   0  9 0.9748829400000 0.6000000000000 0.0450000000000 0.6000000000000 0.0200000000000 0.7700170962661 0.3051225365334 22886.282500000  2999.428891766 15858.410000000   418.061800000    68.762209674   103.002172500    -596102  0.553040448344  0.553040448344  0.168160150000  0.074716562500  0.312643200000 21412.442   195.974     0.947323000     1.000000000  -52.65549
   0 10 0.9775872200000 0.6000000000000 0.0450000000000 0.6000000000000 0.0200000000000 0.9729855255239 0.3515772981124 21896.071000000  2709.059540917 14300.768000000   404.872600000    70.334518561   107.426592500    -247727  0.473429067243  0.473429067243  0.167037900000  0.066694125000  0.211319300000 20831.032   204.952     0.989795875     1.000000000  -52.75866
   0  7 0.9690954300000 0.6000000000000 0.0450000000000 0.6000000000000 0.0200000000000 0.8708804065544 0.4076591304427 25832.711500000  2784.672242479 15466.932000000   310.897100000    77.997994230   119.754590000    -832952  0.420318210154  0.420318210154  0.114214750000  0.104015187500  0.497254200000 20052.683   205.549     0.772144750     1.000000000  -49.10417
   0  7 0.9635462500000 0.6000000000000 0.0450000000000 0.6000000000000 0.0200000000000 0.8076689031030 0.3921526081462 22371.271000000  2611.565924782 13390.268000000   305.740100000    78.344230640   119.914457500    -274803  0.493184868523  0.493184868523  0.105130200000  0.151062500000  0.536689900000 19785.938   203.593     0.886161500     1.000000000  -51.86121
   0  7 0.9798082000000 0.6000000000000 0.0450000000000 0.6000000000000 0.0200000000000 0.7529465426803 0.3228604321745 22455.686500000  2482.171134123 12906.364000000   380.298500000    71.444964733   107.981335000    -749505  0.410036050961  0.410036050961  0.121520550000  0.058155250000  0.357758200000 19598.386   201.535     0.871937250     1.000000000  -56.69043
   0 11 0.9822658300000 0.6000000000000 0.0450000000000 0.6000000000000 0.0200000000000 0.8364606473762 0.2673507803851 23669.512000000  2553.045563181 14345.342000000   311.124300000    77.306864529   119.927490000    -293127  0.574652516332  0.574652516332  0.106406000000  0.090774500000  0.210988000000 21794.285   206.652     0.910806500     1.000000000  -51.77122
   0  7 0.9884556600000 0.6000000000000 0.0450000000000 0.6000000000000 0.0200000000000 0.8843966568655 0.3450279725879 24727.277500000  2821.852575797 15732.554000000   413.379400000    70.286726527   106.261565000    -670723  0.301791969152  0.301791969152  0.132124500000  0.077138750000  0.529142700000 22426.044   203.495     0.900230500     1.000000000  -53.25926
   0  9 0.9707113500000 0.6000000000000 0.0450000000000 0.6000000000000 0.0200000000000 0.8166200252257 0.3347891601590 25860.589000000  2245.757355003 12275.046000000   394.926500000    68.219361734   100.802280000    -530587  0.560446396021  0.560446396021  0.197845300000  0.118590562500  0.530657800000 22194.772   187.589     0.844573250     1.000000000  -50.81536
   0  7 0.9888912800000 0.6000000000000 0.0450000000000 0.6000000000000 0.0200000000000 0.7173103513142 0.2783016879642 21210.500500000  2335.509625529 11807.638000000   439.815600000    69.986515842   106.106117500    -863877  0.369288546419  0.369288546419  0.129209650000  0.062832250000  0.581974400000 17628.227   206.197     0.835764875     1.000000000  -54.67610
   0  9 0.9862548800000 0.6000000000000 0.0450000000000 0.6000000000000 0.0200000000000 0.6636555880034 0.2341356059983 21265.580500000  2541.396150778 13308.166000000   269.639400000    81.458999679   123.781275000    -792294  0.523605709869  0.523605709869  0.148075450000  0.065894375000  0.449851200000 18773.434   196.035     0.878015625     1.000000000  -54.66705
   0  8 0.9785770500000 0.6000000000000 0.0450000000000 0.6000000000000 0.0200000000000 0.8179116003140 0.3340840995672 22531.840000000  2506.621370307 13237.166000000   278.586700000    76.823257684   114.762947500    -672942  0.432583557776  0.432583557776  0.139761450000  0.056015000000  0.492312100000 18645.548   188.225     0.822242750     1.000000000  -55.91071
   0  6 0.9715898600000 0.6000000000000 0.0450000000000 0.6000000000000 0.0200000000000 0.6104053207093 0.2966515411109 20337.928000000  3189.087221177 15138.938000000   465.912000000    70.129469398   105.726842500     -37267  0.512650753111  0.512650753111  0.130292500000  0.098312875000  0.509722400000 18401.957   205.152     0.919831125     1.000000000  -51.91291
 
  COND2           1      643353  1.081623686350589E+044  9.820192493961553E+041
  9.079121156356146E-003         100
    643353  11626754    498255         0     16050         0         0         0         0         0    375266    356472         0   5183850    643353
 PARAMETER FILE GI02B.PAR   
