  Aa Am            MSYL            MSYR           MORTJ           MORTA             K1+           PInit      ISEED   PTarget           CVADD              AR        PREG-MAX           GAMMA              P0   SSTILDA     LIKEL
   0  6 0.9898552000000 0.6000000000000 0.0200000000000 0.6000000000000 0.0200000000000 0.1729204560209 0.1729204560209 36516.314500000 20398.846477685 31113.304000000   243.994100000    79.048207580   114.850990000    -710152  0.551469077504  0.551469077504  0.139227950000  0.053189062500  0.346416900000 22195.051   175.606     0.764471500     1.000000000  -48.08084
   0 11 0.9805159300000 0.6000000000000 0.0200000000000 0.6000000000000 0.0200000000000 0.5351338972443 0.5351338972443 30362.839000000 14977.720575784 23896.372000000   225.742400000   100.582271983   143.943690000    -399555  0.302637074098  0.302637074098  0.144896200000  0.136040875000  0.590980500000 18802.735   186.014     0.788175000     1.000000000  -50.12287
   0 12 0.9797113500000 0.6000000000000 0.0200000000000 0.6000000000000 0.0200000000000 0.4629928969822 0.4629928969822 35065.969000000 14464.817340762 25609.444000000   247.206100000    80.133621633   117.814210000    -629610  0.379207973698  0.379207973698  0.147349800000  0.100234250000  0.228032500000 19374.699   178.650     0.737220625     1.000000000  -51.01933
   0  9 0.9674006800000 0.6000000000000 0.0200000000000 0.6000000000000 0.0200000000000 0.5069572411007 0.5069572411007 30505.480000000 17489.952112981 25464.744000000   473.454500000    66.926630373    98.928622500    -733712  0.401278690277  0.401278690277  0.104804150000  0.108555125000  0.416639100000 19888.453   190.471     0.807513375     1.000000000  -51.74831
   0  7 0.9656799800000 0.6000000000000 0.0200000000000 0.6000000000000 0.0200000000000 0.5398479905794 0.5398479905794 27943.882000000 14519.496188762 22212.188000000   391.458900000    72.011145429   109.337235000    -231901  0.342251089392  0.342251089392  0.120185150000  0.078118125000  0.465347700000 17957.356   204.780     0.818059625     1.000000000  -49.94452
   0 12 0.9854716100000 0.6000000000000 0.0200000000000 0.6000000000000 0.0200000000000 0.4787284119501 0.4787284119501 34813.681000000 19206.259500679 29202.628000000   461.392600000    66.922140947   101.194230000    -114760  0.305879300383  0.305879300383  0.137883600000  0.053324625000  0.593206200000 24861.407   199.245     0.836120000     1.000000000  -52.21223
   0  9 0.9862555800000 0.6000000000000 0.0200000000000 0.6000000000000 0.0200000000000 0.3633192020685 0.3633192020685 40048.009000000 12131.773908775 24249.464000000   314.702500000    73.448015240   110.786735000    -231428  0.337422638495  0.337422638495  0.165707700000  0.082991500000  0.576676600000 19775.867   194.132     0.717001250     1.000000000  -50.49283
   0 10 0.9820166500000 0.6000000000000 0.0200000000000 0.6000000000000 0.0200000000000 0.3144801979640 0.3144801979640 31921.279000000 21979.886542640 28304.036000000   385.477200000    68.583239375   102.353115000    -525836  0.466213408687  0.466213408687  0.123566150000  0.106004250000  0.289095600000 21939.564   191.598     0.820588750     1.000000000  -52.84540
   0  7 0.9633868400000 0.6000000000000 0.0200000000000 0.6000000000000 0.0200000000000 0.4365862985700 0.4365862985700 29143.978000000 18044.997400679 24825.880000000   268.077600000    77.275073854   113.880930000    -238603  0.444487985984  0.444487985984  0.141471750000  0.110744812500  0.448492100000 21570.666   182.336     0.875631000     1.000000000  -50.95967
   0  7 0.9510256200000 0.6000000000000 0.0200000000000 0.6000000000000 0.0200000000000 0.4956678824047 0.4956678824047 28411.630000000 18884.916909868 24550.592000000   386.776400000    72.539259578   110.072092500    -692652  0.501071728478  0.501071728478  0.164680400000  0.056042500000  0.362783600000 17948.436   204.261     0.799049375     1.000000000  -52.75123
   0  7 0.9888407800000 0.6000000000000 0.0200000000000 0.6000000000000 0.0200000000000 0.1734597761868 0.1734597761868 30842.521000000 15909.097230464 25004.548000000   475.887000000    68.978029731   104.035835000    -722109  0.593394888539  0.593394888539  0.120978550000  0.086074750000  0.479394700000 18183.312   204.664     0.767077625     1.000000000  -53.01104
   0 11 0.9661982400000 0.6000000000000 0.0200000000000 0.6000000000000 0.0200000000000 0.5207109936944 0.5207109936944 30769.621000000 17797.660329200 25718.956000000   403.682400000    69.021460563   104.042855000     -23648  0.461424618328  0.461424618328  0.186151850000  0.063410312500  0.346977800000 15442.762   196.792     0.695257125     1.000000000  -50.76402
   0 11 0.9600465300000 0.6000000000000 0.0200000000000 0.6000000000000 0.0200000000000 0.7322226548694 0.7322226548694 37835.197000000 14842.600895666 26891.100000000   411.588600000    71.808814216   111.367250000    -215750  0.382722248710  0.382722248710  0.141997900000  0.124681812500  0.447319000000 24806.128   213.253     0.811815250     1.000000000  -47.86773
   0 11 0.9754243500000 0.6000000000000 0.0200000000000 0.6000000000000 0.0200000000000 0.5804059753296 0.5804059753296 32148.929500000 13308.737803830 23188.436000000   492.566300000    68.600235509   105.385690000    -821512  0.323275076655  0.323275076655  0.115211050000  0.124146062500  0.378631500000 22095.818   210.733     0.846111750     1.000000000  -48.21142
   0  9 0.9738640400000 0.6000000000000 0.0200000000000 0.6000000000000 0.0200000000000 0.4004334611169 0.4004334611169 31390.135000000 18265.275713266 26479.252000000   402.040600000    68.687134604   102.337677500    -402765  0.432670586569  0.432670586569  0.133445850000  0.092018750000  0.563916300000 19169.154   192.506     0.774818750     1.000000000  -53.69620
   0  7 0.9543204200000 0.6000000000000 0.0200000000000 0.6000000000000 0.0200000000000 0.5352259079144 0.5352259079144 31813.076500000 25301.274869958 28858.616000000   315.421500000    72.105853639   105.926880000    -180874  0.435643823082  0.435643823082  0.126982900000  0.071837062500  0.413432000000 20940.155   183.080     0.804061625     1.000000000  -52.82003
   0  6 0.9774753000000 0.6000000000000 0.0200000000000 0.6000000000000 0.0200000000000 0.3004008328399 0.3004008328399 34530.937000000 18428.920850613 28657.800000000   289.581200000    75.316363498   111.865475000    -816266  0.441851208801  0.441851208801  0.145054650000  0.139194750000  0.390109300000 20631.707   187.852     0.764661875     1.000000000  -50.63510
   0  6 0.9655196000000 0.6000000000000 0.0200000000000 0.6000000000000 0.0200000000000 0.3546780166550 0.3546780166550 32192.804500000 14013.048059324 23939.248000000   295.731900000    76.081065226   113.723012500    -746242  0.488268893400  0.488268893400  0.132980900000  0.130068125000  0.371937600000 17556.519   191.558     0.746201875     1.000000000  -50.40941
   0 11 0.9550331900000 0.6000000000000 0.0200000000000 0.6000000000000 0.0200000000000 0.5984208055662 0.5984208055662 31709.491000000 20466.506705246 27431.400000000   468.125200000    67.486170725   101.155587500    -271621  0.528087056679  0.528087056679  0.158197550000  0.084890875000  0.333772000000 23700.675   196.165     0.864947500     1.000000000  -52.82021
   0  7 0.9807749100000 0.6000000000000 0.0200000000000 0.6000000000000 0.0200000000000 0.4020990243023 0.4020990243023 34089.608500000 18151.220545183 28239.620000000   332.998800000    73.367391765   110.752642500    -185515  0.321039097889  0.321039097889  0.155871250000  0.058002812500  0.274614500000 21632.363   198.037     0.790055500     1.000000000  -53.60975
   0 11 0.9811128700000 0.6000000000000 0.0200000000000 0.6000000000000 0.0200000000000 0.3829316501211 0.3829316501211 33455.189500000 12841.361651441 23238.616000000   259.043400000    77.187295846   113.825615000    -967906  0.415441408721  0.415441408721  0.171550600000  0.080693312500  0.309425700000 17334.339   179.505     0.724954750     1.000000000  -49.81800
   0 10 0.9828062000000 0.6000000000000 0.0200000000000 0.6000000000000 0.0200000000000 0.4470429220548 0.4470429220548 33261.221500000 17640.565298140 27380.652000000   355.768800000    70.740024424   106.766420000    -142851  0.320378971908  0.320378971908  0.138354650000  0.051179750000  0.251635300000 18631.966   196.002     0.735380375     1.000000000  -53.60592
   0 11 0.9810060000000 0.6000000000000 0.0200000000000 0.6000000000000 0.0200000000000 0.2762532805058 0.2762532805058 30970.555000000 19915.441461600 26899.688000000   466.316300000    67.288267736   101.494985000      -7068  0.577718157098  0.577718157098  0.135831500000  0.143016875000  0.403350600000 22190.658   199.302     0.844349375     1.000000000  -51.78552
   0  9 0.9685753600000 0.6000000000000 0.0200000000000 0.6000000000000 0.0200000000000 0.5608762401821 0.5608762401821 27152.728000000 20165.063724646 24003.352000000   351.156500000    70.602925573   105.293455000    -517573  0.352556697730  0.352556697730  0.162147000000  0.057083687500  0.343731300000 18782.782   190.594     0.839605125     1.000000000  -52.21940
   0  7 0.9783743400000 0.6000000000000 0.0200000000000 0.6000000000000 0.0200000000000 0.2668635292963 0.2668635292963 34924.246000000 27020.176514357 31886.084000000   321.250900000    71.921074264   106.496182500    -689340  0.514633003917  0.514633003917  0.183171600000  0.122530625000  0.286445800000 19064.549   187.399     0.719177000     1.000000000  -47.97212
   0 10 0.9649874300000 0.6000000000000 0.0200000000000 0.6000000000000 0.0200000000000 0.6660844773019 0.6660844773019 31398.329500000 20529.048029531 27323.504000000   331.204000000    73.812285431   112.378942500     -75939  0.346808370826  0.346808370826  0.118409650000  0.088306125000  0.365629200000 20444.508   199.388     0.797712000     1.000000000  -53.56968
   0  7 0.9635911000000 0.6000000000000 0.0200000000000 0.6000000000000 0.0200000000000 0.4582575752552 0.4582575752552 35553.224500000 17296.158936143 28323.152000000   210.831200000    96.238411966   133.240367500    -999050  0.421640685819  0.421640685819  0.180680550000  0.125784000000  0.329595100000 22358.144   170.435     0.788342750     1.000000000  -48.48327
   0 10 0.9596634900000 0.6000000000000 0.0200000000000 0.6000000000000 0.0200000000000 0.5327037178258 0.5327037178258 35330.272000000 18055.898671794 28589.296000000   230.788000000    91.971249846   133.383562500    -241694  0.492423646943  0.492423646943  0.148864350000  0.082429750000  0.419361200000 22259.878   182.326     0.781977750     1.000000000  -51.68640
   0  6 0.9881439600000 0.6000000000000 0.0200000000000 0.6000000000000 0.0200000000000 0.2127468577907 0.2127468577907 32640.370000000 14691.607852318 25025.816000000   373.662200000    71.009805141   106.380937500    -604305  0.471315325484  0.471315325484  0.129180750000  0.085901187500  0.592287400000 17159.291   197.709     0.724911625     1.000000000  -51.75500
   0 10 0.9676600600000 0.6000000000000 0.0200000000000 0.6000000000000 0.0200000000000 0.6052527848126 0.6052527848126 31816.181500000 15476.283970121 24930.792000000   291.046000000    77.188543342   116.970347500    -223530  0.357258366122  0.357258366122  0.179591000000  0.087360000000  0.520262700000 21124.378   194.687     0.818739625     1.000000000  -52.11814
   0 10 0.9581132100000 0.6000000000000 0.0200000000000 0.6000000000000 0.0200000000000 0.4899416453569 0.4899416453569 33376.187500000 20129.755319395 28503.052000000   474.425100000    68.686441259   104.057025000    -641053  0.555021342842  0.555021342842  0.179550250000  0.059900125000  0.505798700000 23842.101   203.492     0.840285625     1.000000000  -52.65422
   0  6 0.9775669300000 0.6000000000000 0.0200000000000 0.6000000000000 0.0200000000000 0.2623504523069 0.2623504523069 34102.555000000 14063.029932134 24927.836000000   424.836300000    69.514935846   103.492662500    -947122  0.504819465690  0.504819465690  0.225552600000  0.098780500000  0.571655700000 24274.775   196.581     0.861097125     1.000000000  -48.91976
   0 12 0.9801287000000 0.6000000000000 0.0200000000000 0.6000000000000 0.0200000000000 0.4473007858012 0.4473007858012 33085.006000000 14112.486681997 24423.900000000   459.338400000    68.396956859   104.951912500    -422113  0.387551191062  0.387551191062  0.135422550000  0.093052187500  0.231483800000 18274.828   207.489     0.740201875     1.000000000  -51.87122
   0  7 0.9674730100000 0.6000000000000 0.0200000000000 0.6000000000000 0.0200000000000 0.3280803872247 0.3280803872247 30279.071500000 21102.595630663 26727.428000000   499.873100000    69.989741890   106.417175000    -716713  0.541505650079  0.541505650079  0.164583200000  0.053507375000  0.325709300000 19999.315   210.137     0.811738500     1.000000000  -53.72737
   0  7 0.9867037900000 0.6000000000000 0.0200000000000 0.6000000000000 0.0200000000000 0.2329466142927 0.2329466142927 29982.449500000 14851.384930867 23766.452000000   301.555100000    77.661341590   118.844687500    -470655  0.470642772171  0.470642772171  0.182955250000  0.093263062500  0.246710500000 19653.586   202.704     0.818551625     1.000000000  -50.36779
   0  6 0.9605407500000 0.6000000000000 0.0200000000000 0.6000000000000 0.0200000000000 0.5860662458718 0.5860662458718 31976.305000000 20580.683595996 27814.692000000   459.045600000    68.694271887   101.405935000    -239703  0.326580597167  0.326580597167  0.165131250000  0.084212437500  0.397331000000 21702.433   192.702     0.823294875     1.000000000  -53.24986
   0  6 0.9860463400000 0.6000000000000 0.0200000000000 0.6000000000000 0.0200000000000 0.2395064251323 0.2395064251323 32286.022000000 28337.326363738 29789.044000000   367.773200000    71.602445641   107.622892500    -604607  0.444243062233  0.444243062233  0.154556700000  0.090108062500  0.460915100000 22812.853   199.174     0.835214125     1.000000000  -52.70846
   0 11 0.9890196900000 0.6000000000000 0.0200000000000 0.6000000000000 0.0200000000000 0.2335604742089 0.2335604742089 29578.772500000 21079.207498752 26273.332000000   419.318700000    69.883534338   107.725202500    -183722  0.530059580455  0.530059580455  0.104679250000  0.056211000000  0.267279500000 20045.497   209.541     0.817568500     1.000000000  -52.76614
   0  8 0.9638377200000 0.6000000000000 0.0200000000000 0.6000000000000 0.0200000000000 0.6300784343907 0.6300784343907 40211.669500000 12037.876248842 23812.408000000   254.395000000    84.498043976   126.322320000    -711714  0.327253702789  0.327253702789  0.275736700000  0.053292375000  0.431841500000 17786.245   190.158     0.684915000     1.000000000  -46.22862
   0 10 0.9789058600000 0.6000000000000 0.0200000000000 0.6000000000000 0.0200000000000 0.3967780742530 0.3967780742530 34903.132000000 13298.088422048 24299.092000000   325.481300000    71.834271770   107.723382500    -652609  0.404249979529  0.404249979529  0.163925800000  0.050304687500  0.339627800000 19599.368   190.925     0.754266500     1.000000000  -52.86881
   0  6 0.9815396900000 0.6000000000000 0.0200000000000 0.6000000000000 0.0200000000000 0.3035549155277 0.3035549155277 28534.399000000 16637.180682137 23924.744000000   372.007800000    70.457037635   104.672542500    -161157  0.395253198960  0.395253198960  0.166459050000  0.098005937500  0.511466500000 22222.139   193.040     0.906541625     1.000000000  -50.26496
   0 10 0.9591426800000 0.6000000000000 0.0200000000000 0.6000000000000 0.0200000000000 0.6150444574962 0.6150444574962 35110.721500000 15929.017645763 26848.060000000   488.542300000    68.170545685   102.932330000    -647991  0.431707814515  0.431707814515  0.117278400000  0.053070437500  0.369820700000 19084.867   201.918     0.727739500     1.000000000  -52.27335
   0  7 0.9704448700000 0.6000000000000 0.0200000000000 0.6000000000000 0.0200000000000 0.3052370349969 0.3052370349969 36402.334000000 12079.764787009 23063.128000000   319.909100000    75.200578451   114.001862500    -142707  0.544437230625  0.544437230625  0.132771600000  0.066059875000  0.297949200000 19949.542   199.374     0.761100875     1.000000000  -51.15892
   0  8 0.9861838700000 0.6000000000000 0.0200000000000 0.6000000000000 0.0200000000000 0.3205441853390 0.3205441853390 31510.852000000 15372.187920507 24951.588000000   455.249400000    67.168812349    99.271140000    -616877  0.364706180951  0.364706180951  0.120774550000  0.060094562500  0.284706100000 20312.587   191.150     0.805965750     1.000000000  -53.17637
   0 12 0.9806480200000 0.6000000000000 0.0200000000000 0.6000000000000 0.0200000000000 0.3657752703896 0.3657752703896 30863.486500000 18752.795371563 26335.064000000   249.670300000    82.882278651   123.347725000    -143013  0.466448532837  0.466448532837  0.135863450000  0.056789750000  0.345182600000 21489.101   185.395     0.830377125     1.000000000  -53.91679
   0  6 0.9837483400000 0.6000000000000 0.0200000000000 0.6000000000000 0.0200000000000 0.2316501439768 0.2316501439768 31094.269000000 19791.840600021 27040.016000000   313.563600000    75.820972587   115.098770000    -481201  0.488896185651  0.488896185651  0.168734350000  0.077390250000  0.552763800000 21163.379   200.564     0.824948250     1.000000000  -53.02172
   0 11 0.9648764900000 0.6000000000000 0.0200000000000 0.6000000000000 0.0200000000000 0.5043877328990 0.5043877328990 37495.645000000 12832.861495335 24324.528000000   323.521200000    72.611618845   109.360212500    -792671  0.492695162422  0.492695162422  0.181899900000  0.063401250000  0.214002800000 23142.002   192.194     0.800554875     1.000000000  -51.37257
   0 10 0.9507674400000 0.6000000000000 0.0200000000000 0.6000000000000 0.0200000000000 0.7096579817493 0.7096579817493 32991.451000000 16783.945616423 26351.464000000   287.231600000    76.084827979   113.717097500    -122229  0.451937945283  0.451937945283  0.115594050000  0.089905562500  0.367576900000 20264.851   187.797     0.777062375     1.000000000  -52.85827
   0  6 0.9531509700000 0.6000000000000 0.0200000000000 0.6000000000000 0.0200000000000 0.3974826924008 0.3974826924008 29602.573000000 16642.865800596 24416.516000000   224.610100000    97.957522419   139.826200000     -45217  0.553594831505  0.553594831505  0.126073450000  0.089652062500  0.285241000000 19547.688   182.823     0.822348750     1.000000000  -52.01172
   0  8 0.9501129400000 0.6000000000000 0.0200000000000 0.6000000000000 0.0200000000000 0.5933673425999 0.5933673425999 34982.363500000 14908.786082916 25825.636000000   370.270500000    72.748164352   110.476327500    -829745  0.463110927301  0.463110927301  0.140780050000  0.074918437500  0.317331600000 20199.355   202.588     0.761311000     1.000000000  -53.07150
   0  7 0.9626124800000 0.6000000000000 0.0200000000000 0.6000000000000 0.0200000000000 0.6009141420135 0.6009141420135 32036.839000000 19710.046945116 27520.372000000   432.663300000    70.060039584   105.247662500    -126823  0.328247793195  0.328247793195  0.136668950000  0.076380437500  0.214901600000 18898.968   200.644     0.760764000     1.000000000  -54.04038
   0 11 0.9644687000000 0.6000000000000 0.0200000000000 0.6000000000000 0.0200000000000 0.5363969307296 0.5363969307296 29663.107000000 24967.619975895 26993.088000000   306.298500000    74.955423335   113.539387500    -932830  0.468103439574  0.468103439574  0.137750100000  0.099481437500  0.246204900000 22515.878   194.416     0.873825750     1.000000000  -52.61059
   0 10 0.9567517500000 0.6000000000000 0.0200000000000 0.6000000000000 0.0200000000000 0.5169060727128 0.5169060727128 30548.315500000 19075.912200336 26113.088000000   486.982800000    67.097322655    99.895855000    -988769  0.542769424178  0.542769424178  0.133368950000  0.059825812500  0.200591000000 20403.125   193.827     0.813484625     1.000000000  -54.47347
   0 10 0.9603873100000 0.6000000000000 0.0200000000000 0.6000000000000 0.0200000000000 0.8317354534333 0.8317354534333 31682.882500000 19525.623299919 27106.912000000   204.027000000   100.080687278   134.726527500    -740446  0.310081870078  0.310081870078  0.164111550000  0.115219187500  0.432058000000 16135.026   166.020     0.698084250     1.000000000  -47.03056
   0  8 0.9752819400000 0.6000000000000 0.0200000000000 0.6000000000000 0.0200000000000 0.3792255805493 0.3792255805493 33588.488500000 13426.305338694 23964.992000000   475.409400000    66.561676182    97.573697500    -697467  0.414878109341  0.414878109341  0.151759050000  0.095107312500  0.572146000000 17734.832   187.055     0.732716625     1.000000000  -50.53881
   0  8 0.9739111900000 0.6000000000000 0.0200000000000 0.6000000000000 0.0200000000000 0.3352986350352 0.3352986350352 37809.479500000 13812.656745850 25909.904000000   352.600100000    72.574797396   110.010927500    -145872  0.485601381962  0.485601381962  0.135371900000  0.061883437500  0.346888900000 20354.388   200.397     0.736920500     1.000000000  -51.87728
   0 11 0.9832154000000 0.6000000000000 0.0200000000000 0.6000000000000 0.0200000000000 0.3338292118625 0.3338292118625 29694.994000000 13840.989251155 22688.208000000   340.256700000    72.863717168   111.665567500    -526774  0.447009181117  0.447009181117  0.183017050000  0.067949500000  0.546816400000 17357.997   201.941     0.769261875     1.000000000  -50.51061
   0 10 0.9776229200000 0.6000000000000 0.0200000000000 0.6000000000000 0.0200000000000 0.3115449851800 0.3115449851800 32939.381500000 15804.999859740 25876.300000000   445.005900000    67.600139632   101.174372500    -661838  0.533731836879  0.533731836879  0.176613150000  0.055125187500  0.263481900000 23420.269   195.430     0.849255250     1.000000000  -52.61993
   0 12 0.9565697500000 0.6000000000000 0.0200000000000 0.6000000000000 0.0200000000000 0.5701273342730 0.5701273342730 29279.369500000 28928.260869547 27129.700000000   308.581300000    75.091647591   114.057860000     -14250  0.578348927636  0.578348927636  0.122451500000  0.117138062500  0.484230900000 19636.139   195.278     0.804505000     1.000000000  -52.82481
   0  7 0.9810196800000 0.6000000000000 0.0200000000000 0.6000000000000 0.0200000000000 0.2417749409169 0.2417749409169 31857.613000000 16058.002380530 25599.284000000   496.596000000    67.053229031    98.746167500    -211376  0.530496703813  0.530496703813  0.157029600000  0.114021125000  0.515232500000 22998.448   191.386     0.860035125     1.000000000  -51.25865
   0 12 0.9503456600000 0.6000000000000 0.0200000000000 0.6000000000000 0.0200000000000 0.8911332110118 0.8911332110118 29940.262000000 19526.300028295 25766.124000000   499.059900000    67.332931977   101.703407500    -233410  0.430446640419  0.430446640419  0.158001500000  0.109928750000  0.437026500000 20467.324   200.433     0.820241000     1.000000000  -53.14690
   0  7 0.9834279100000 0.6000000000000 0.0200000000000 0.6000000000000 0.0200000000000 0.3027944662438 0.3027944662438 38389.763500000 13308.316135116 25566.592000000   425.373500000    70.696774798   107.473457500    -298447  0.397054634191  0.397054634191  0.176076200000  0.069649687500  0.594359200000 22495.898   207.279     0.774215250     1.000000000  -50.93868
   0  7 0.9621412500000 0.6000000000000 0.0200000000000 0.6000000000000 0.0200000000000 0.5476211539827 0.5476211539827 30102.221500000 19693.356569169 26126.868000000   435.312400000    69.691560881   104.312540000     -36341  0.363762573230  0.363762573230  0.147922850000  0.088151812500  0.470044400000 20125.911   198.625     0.819680625     1.000000000  -54.16077
   0 11 0.9876100700000 0.6000000000000 0.0200000000000 0.6000000000000 0.0200000000000 0.2284996420868 0.2284996420868 36096.329500000 12803.910613638 24177.956000000   328.724000000    71.915447336   108.822435000    -267453  0.567794157866  0.567794157866  0.183383850000  0.091800500000  0.273728900000 18371.049   194.536     0.717134000     1.000000000  -50.81866
   0 10 0.9570655500000 0.6000000000000 0.0200000000000 0.6000000000000 0.0200000000000 0.6701836106959 0.6701836106959 32105.689000000 26859.587188706 29366.356000000   232.375200000    93.259790170   135.623202500       -167  0.415639831986  0.415639831986  0.184356450000  0.149563062500  0.457214600000 21839.703   184.645     0.811196000     1.000000000  -49.26487
   0  9 0.9595435500000 0.6000000000000 0.0200000000000 0.6000000000000 0.0200000000000 0.7915529670168 0.7915529670168 32248.586500000 16515.466683542 25868.956000000   354.272400000    71.617297482   107.701087500    -246048  0.308257344629  0.308257344629  0.128440400000  0.072115312500  0.579941600000 18960.161   195.215     0.762295250     1.000000000  -53.94480
   0  6 0.9861811900000 0.6000000000000 0.0200000000000 0.6000000000000 0.0200000000000 0.3150773862348 0.3150773862348 29110.106500000 18125.879104856 25000.776000000   456.166900000    68.047071853   100.398207500    -717224  0.336429906667  0.336429906667  0.119216000000  0.068674812500  0.305245600000 19276.333   192.686     0.818012125     1.000000000  -53.47788
   0 10 0.9886276900000 0.6000000000000 0.0200000000000 0.6000000000000 0.0200000000000 0.2440198178263 0.2440198178263 31286.212000000 20802.002339670 27523.052000000   461.876300000    69.555812799   107.334357500    -972837  0.489652425792  0.489652425792  0.150517950000  0.075284875000  0.558640200000 21597.081   213.486     0.824571750     1.000000000  -52.65167
   0  7 0.9894282100000 0.6000000000000 0.0200000000000 0.6000000000000 0.0200000000000 0.3297921519165 0.3297921519165 35464.313500000 14080.596911885 25629.700000000   221.759200000    80.928611172   114.395632500     -41726  0.306601909938  0.306601909938  0.192907150000  0.165056187500  0.496559900000 22874.995   164.416     0.808977125     1.000000000  -45.35327
   0 10 0.9647625600000 0.6000000000000 0.0200000000000 0.6000000000000 0.0200000000000 0.7497741811963 0.7497741811963 36515.369500000 15164.574610073 26809.952000000   257.563500000    82.739328439   123.813742500    -351308  0.309792897645  0.309792897645  0.216619650000  0.059397875000  0.489729400000 24793.055   188.955     0.828045000     1.000000000  -49.53969
   0  9 0.9702644700000 0.6000000000000 0.0200000000000 0.6000000000000 0.0200000000000 0.4040005675479 0.4040005675479 33875.431000000 16265.541708092 26667.740000000   258.692400000    80.585188540   119.922907500    -708326  0.469606520565  0.469606520565  0.122965450000  0.062380875000  0.266317600000 21025.057   185.968     0.783966125     1.000000000  -53.26122
   0  8 0.9894831000000 0.6000000000000 0.0200000000000 0.6000000000000 0.0200000000000 0.2369073019607 0.2369073019607 32626.114000000 16372.466462267 26323.744000000   310.535100000    75.855431068   115.901552500    -335511  0.446308368441  0.446308368441  0.163920450000  0.097798250000  0.599141300000 19878.819   201.500     0.775862500     1.000000000  -52.21601
   0 12 0.9743832500000 0.6000000000000 0.0200000000000 0.6000000000000 0.0200000000000 0.5836635328752 0.5836635328752 31126.655500000 15830.362280640 24814.436000000   458.690800000    69.994319595   109.020847500    -599831  0.352031108986  0.352031108986  0.165081250000  0.053197000000  0.322064300000 19462.943   216.447     0.786905625     1.000000000  -51.18502
   0 11 0.9642233100000 0.6000000000000 0.0200000000000 0.6000000000000 0.0200000000000 0.4493041557115 0.4493041557115 33704.102500000 14504.120358645 24918.100000000   343.591300000    73.397504249   112.463670000    -905569  0.562314618949  0.562314618949  0.176940900000  0.068622500000  0.247259800000 24154.991   202.474     0.859961625     1.000000000  -50.96852
   0  6 0.9660486500000 0.6000000000000 0.0200000000000 0.6000000000000 0.0200000000000 0.5113823202516 0.5113823202516 33308.377000000 14622.908983218 25023.348000000   212.977100000   106.188963315   145.352402500    -987697  0.334957673598  0.334957673598  0.150224100000  0.082024250000  0.427906700000 16807.058   177.849     0.712911250     1.000000000  -50.22391
   0 11 0.9894162600000 0.6000000000000 0.0200000000000 0.6000000000000 0.0200000000000 0.3762310284516 0.3762310284516 28038.490000000 15050.087722993 22739.416000000   298.535700000    75.765836872   115.589325000    -413909  0.324683919417  0.324683919417  0.140306750000  0.060234750000  0.222731700000 17930.969   196.999     0.805161875     1.000000000  -51.63490
   0 11 0.9898508500000 0.6000000000000 0.0200000000000 0.6000000000000 0.0200000000000 0.3829666131770 0.3829666131770 30907.064500000 12662.462516175 22188.892000000   396.934200000    69.553654923   106.148367500    -646538  0.314300904996  0.314300904996  0.195635900000  0.081777375000  0.385199200000 19219.330   202.701     0.801063875     1.000000000  -50.07289
   0  8 0.9676429500000 0.6000000000000 0.0200000000000 0.6000000000000 0.0200000000000 0.3899659837371 0.3899659837371 32752.217500000 16387.988848198 26165.452000000   326.038100000    72.064292718   107.195030000    -469600  0.485078373238  0.485078373238  0.122273700000  0.114758437500  0.284661200000 20605.701   188.928     0.792606875     1.000000000  -52.43985
   0 12 0.9758280500000 0.6000000000000 0.0200000000000 0.6000000000000 0.0200000000000 0.3666265214688 0.3666265214688 28768.246000000 27534.141541497 26537.664000000   445.801000000    66.948962442   100.498047500    -152314  0.537509495326  0.537509495326  0.145680650000  0.080946375000  0.208976400000 21232.259   194.913     0.858001625     1.000000000  -53.83430
   0  6 0.9822913900000 0.6000000000000 0.0200000000000 0.6000000000000 0.0200000000000 0.2886657389733 0.2886657389733 33558.734500000 17420.939412865 27510.076000000   317.125500000    71.782698439   105.632690000     -83975  0.407653109220  0.407653109220  0.106973750000  0.126367625000  0.574795900000 20542.443   185.024     0.777469750     1.000000000  -50.29403
   0 12 0.9830012100000 0.6000000000000 0.0200000000000 0.6000000000000 0.0200000000000 0.2883066582515 0.2883066582515 35050.187500000 13574.881318192 24677.696000000   441.242200000    68.772292587   105.654530000    -529082  0.549913540681  0.549913540681  0.154630900000  0.073112750000  0.315980000000 23197.011   207.360     0.822170125     1.000000000  -51.73434
   0  9 0.9897022600000 0.6000000000000 0.0200000000000 0.6000000000000 0.0200000000000 0.2268931885552 0.2268931885552 35310.994000000 11449.010499947 22078.088000000   391.261200000    71.841993557   110.855342500    -718639  0.484912843269  0.484912843269  0.216009800000  0.069514812500  0.570365200000 18680.835   211.171     0.747249875     1.000000000  -47.69739
   0  6 0.9824376000000 0.6000000000000 0.0200000000000 0.6000000000000 0.0200000000000 0.3373347220701 0.3373347220701 29304.668500000 21614.569233733 26157.604000000   266.522500000    94.661717487   147.058815000    -774001  0.347515148956  0.347515148956  0.162091700000  0.188848687500  0.416981400000 18256.825   214.963     0.787379750     1.000000000  -45.74406
   0  8 0.9593790200000 0.6000000000000 0.0200000000000 0.6000000000000 0.0200000000000 0.6468681637396 0.6468681637396 46548.853000000 11678.707728381 24204.028000000   347.795000000    74.940529674   115.099777500    -819947  0.351245760409  0.351245760409  0.138286800000  0.088692750000  0.521429300000 20693.107   207.330     0.701073125     1.000000000  -45.73759
   0  9 0.9855615000000 0.6000000000000 0.0200000000000 0.6000000000000 0.0200000000000 0.2762564393028 0.2762564393028 34209.232000000 18389.818305348 28459.508000000   469.863400000    67.601200691   101.344022500    -203524  0.453199574215  0.453199574215  0.204846250000  0.127661812500  0.234615500000 21268.353   198.375     0.777157000     1.000000000  -49.86066
   0  9 0.9571898000000 0.6000000000000 0.0200000000000 0.6000000000000 0.0200000000000 0.6218650612654 0.6218650612654 33598.735000000 18544.015051983 27886.928000000   306.785200000    74.351060874   111.405340000    -597577  0.413351689985  0.413351689985  0.140040400000  0.080996937500  0.560929800000 19509.918   190.686     0.750141750     1.000000000  -53.17540
   0  6 0.9739530300000 0.6000000000000 0.0200000000000 0.6000000000000 0.0200000000000 0.4325969535235 0.4325969535235 30028.930000000 13989.944710606 22998.836000000   380.421100000    70.875163734   105.778940000    -594029  0.333295144881  0.333295144881  0.183813550000  0.055034937500  0.221472400000 22236.282   195.904     0.886894000     1.000000000  -50.75340
   0  9 0.9634991700000 0.6000000000000 0.0200000000000 0.6000000000000 0.0200000000000 0.6931265140516 0.6931265140516 31745.185000000 15000.698932456 24514.104000000   391.012900000    69.013194047   102.551592500    -278797  0.321758101847  0.321758101847  0.109958600000  0.072989062500  0.436790900000 19816.768   190.573     0.794359750     1.000000000  -52.51800
   0 11 0.9784765000000 0.6000000000000 0.0200000000000 0.6000000000000 0.0200000000000 0.4445718202437 0.4445718202437 30208.898500000 21549.529813446 26810.808000000   258.556500000    79.452466773   118.187635000    -978825  0.386816655293  0.386816655293  0.169504700000  0.117212125000  0.537533500000 20868.901   184.257     0.825489000     1.000000000  -51.93774
   0  8 0.9840130200000 0.6000000000000 0.0200000000000 0.6000000000000 0.0200000000000 0.3952288690509 0.3952288690509 38395.285000000 12528.071342254 24439.072000000   355.675900000    71.129174626   106.865220000    -246419  0.315045581441  0.315045581441  0.164280850000  0.071993062500  0.492433000000 19011.736   195.782     0.714257000     1.000000000  -51.37072
   0  7 0.9853708800000 0.6000000000000 0.0200000000000 0.6000000000000 0.0200000000000 0.2699739394363 0.2699739394363 31730.483500000 22765.663660103 28406.608000000   272.824800000    76.877859376   114.232840000      -4621  0.421884154153  0.421884154153  0.178731100000  0.110902062500  0.218823700000 23825.035   186.145     0.869305250     1.000000000  -50.67667
   0 12 0.9804532100000 0.6000000000000 0.0200000000000 0.6000000000000 0.0200000000000 0.5136656057129 0.5136656057129 30914.975500000 13894.264431744 23250.484000000   450.010200000    66.533920251    99.648660000    -750422  0.334144994838  0.334144994838  0.127905700000  0.091424125000  0.385809100000 19601.769   193.558     0.802383250     1.000000000  -52.08905
   0 10 0.9675324700000 0.6000000000000 0.0200000000000 0.6000000000000 0.0200000000000 0.5170983132496 0.5170983132496 33913.663000000 15263.499705493 25790.780000000   388.332100000    69.489963199   104.323785000    -893494  0.419500468303  0.419500468303  0.185493450000  0.067168687500  0.358024600000 15006.505   194.927     0.657614000     1.000000000  -49.29161
   0  8 0.9637411900000 0.6000000000000 0.0200000000000 0.6000000000000 0.0200000000000 0.4628379961839 0.4628379961839 32347.919500000 21558.523339071 28405.728000000   444.726000000    68.923665694   103.108902500    -362089  0.446458968538  0.446458968538  0.157367250000  0.097868750000  0.427750000000 18870.295   197.500     0.751626500     1.000000000  -52.89546
   0  9 0.9693633100000 0.6000000000000 0.0200000000000 0.6000000000000 0.0200000000000 0.4079414589287 0.4079414589287 32552.620000000 20935.505905065 28361.676000000   368.572100000    71.008208898   107.078420000    -562760  0.475499576382  0.475499576382  0.156921150000  0.061816500000  0.250804900000 18073.775   197.462     0.730023375     1.000000000  -53.13325
   0 11 0.9737825000000 0.6000000000000 0.0200000000000 0.6000000000000 0.0200000000000 0.3554637954647 0.3554637954647 32532.005500000 27188.610739963 29836.048000000   206.100100000    99.469137541   135.086010000    -854652  0.552523422841  0.552523422841  0.111782700000  0.122220437500  0.477247900000 20450.519   168.008     0.772348000     1.000000000  -48.65523
   0  7 0.9692592300000 0.6000000000000 0.0200000000000 0.6000000000000 0.0200000000000 0.5339838833310 0.5339838833310 26729.800000000 20203.344043192 23682.856000000   266.912000000    74.772535830   108.596430000    -547610  0.319701836783  0.319701836783  0.149085050000  0.135768000000  0.586117100000 18886.679   175.100     0.854635750     1.000000000  -48.08340
   0  8 0.9551998000000 0.6000000000000 0.0200000000000 0.6000000000000 0.0200000000000 0.7448588193728 0.7448588193728 32952.773500000 14338.423110365 24443.528000000   313.229700000    75.338869679   113.763800000    -634561  0.332942511541  0.332942511541  0.148462700000  0.052878250000  0.425674400000 18768.499   196.006     0.759661000     1.000000000  -53.53424
   0 12 0.9860744100000 0.6000000000000 0.0200000000000 0.6000000000000 0.0200000000000 0.3667657754570 0.3667657754570 31732.468000000 17310.142118657 26243.052000000   257.964100000    79.438259387   118.451275000    -285201  0.391428961923  0.391428961923  0.161161800000  0.131286312500  0.301746100000 19395.556   184.682     0.771001125     1.000000000  -51.45802
   0 12 0.9813735500000 0.6000000000000 0.0200000000000 0.6000000000000 0.0200000000000 0.4675509229056 0.4675509229056 29973.175000000 21722.183642803 26677.396000000   286.624500000    79.962377523   123.279832500    -506592  0.356830473117  0.356830473117  0.155822250000  0.055490312500  0.295752700000 22056.014   201.888     0.856967250     1.000000000  -52.09132
 
  COND2           1      816376  1.681305909615494E+043  1.645772396337486E+041
  9.788655276384926E-003         100
    816376     81511     43801         0   1070449         0         0         0         0         0    260268    242248         0   3285347    816376
 PARAMETER FILE GI02D.PAR   
