  Aa Am            MSYL            MSYR           MORTJ           MORTA             K1+           PInit      ISEED   PTarget           CVADD              AR        PREG-MAX           GAMMA              P0   SSTILDA     LIKEL
   0  9 0.9805124400000 0.6000000000000 0.0450000000000 0.6000000000000 0.0450000000000 0.8312642107752 0.8312642107752 24957.317500000  2264.653440148 12436.186000000   229.547900000    22.520282148    51.479337500    -285155  0.463858912014  0.463858912014  0.167782500000  0.060540500000  0.284594300000 22059.538   203.344     0.872274000     1.000000000  -55.20442
   0 10 0.9833677500000 0.6000000000000 0.0450000000000 0.6000000000000 0.0450000000000 0.8937480673809 0.8937480673809 24376.048000000  2446.465149128 13820.684000000   215.303000000    22.058614637    49.012685000    -396311  0.463165174960  0.463165174960  0.153377000000  0.090850437500  0.370509700000 20498.492   188.855     0.817378625     1.000000000  -55.89683
   0 10 0.9825605500000 0.6000000000000 0.0450000000000 0.6000000000000 0.0450000000000 0.8512305979202 0.8512305979202 21508.999000000  2448.245646171 12936.254000000   232.254700000    21.644882710    45.620400000     -61313  0.493683164987  0.493683164987  0.166819150000  0.066739437500  0.284852800000 19895.276   195.924     0.934363125     1.000000000  -55.09449
   0  6 0.9832781100000 0.6000000000000 0.0450000000000 0.6000000000000 0.0450000000000 0.5223066156190 0.5223066156190 26438.767000000  2497.721178971 13699.914000000   212.979300000    23.355905944    49.214087500    -721346  0.500573759520  0.500573759520  0.131667150000  0.090105000000  0.346457100000 22511.722   188.594     0.841121500     1.000000000  -54.81475
   0  9 0.9814486200000 0.6000000000000 0.0450000000000 0.6000000000000 0.0450000000000 0.7161021641918 0.7161021641918 25295.425000000  2710.386139822 15474.900000000   221.748500000    22.132926768    46.709410000    -409576  0.529504579757  0.529504579757  0.138258450000  0.089545062500  0.517703000000 22178.147   190.526     0.855234875     1.000000000  -54.09977
   0  9 0.9721435400000 0.6000000000000 0.0450000000000 0.6000000000000 0.0450000000000 0.9631360822069 0.9631360822069 21220.612000000  2564.108854632 13165.564000000   187.659700000    27.531563227    89.659232500    -485269  0.463641168335  0.463641168335  0.144988900000  0.095123000000  0.267904800000 19433.092   174.957     0.925380250     1.000000000  -52.43310
   0  6 0.9545350900000 0.6000000000000 0.0450000000000 0.6000000000000 0.0450000000000 0.8953303368247 0.8953303368247 25528.732000000  2906.103130702 15627.884000000   238.749500000    23.159427518    46.882732500    -953237  0.444857733620  0.444857733620  0.127482250000  0.092367562500  0.221570500000 21436.677   199.345     0.830821125     1.000000000  -54.11644
   0  7 0.9639070100000 0.6000000000000 0.0450000000000 0.6000000000000 0.0450000000000 0.6929685247050 0.6929685247050 24064.927000000  2849.029958229 15213.034000000   209.614400000    23.392609721    51.388565000    -189492  0.571706382001  0.571706382001  0.175724050000  0.050973125000  0.441666500000 20925.938   186.151     0.861604500     1.000000000  -54.62443
   0  6 0.9880283800000 0.6000000000000 0.0450000000000 0.6000000000000 0.0450000000000 0.6837980439253 0.6837980439253 24968.833000000  2346.980918195 12394.318000000   252.777400000    23.058674613    48.187867500    -137871  0.353929067554  0.353929067554  0.177110900000  0.107464437500  0.393630900000 20775.336   217.014     0.828250750     1.000000000  -53.42097
   0  7 0.9740022200000 0.6000000000000 0.0450000000000 0.6000000000000 0.0450000000000 0.6376339315898 0.6376339315898 21913.094500000  2415.980550826 12251.062000000   237.096700000    22.936027614    48.898837500    -188359  0.531661383951  0.531661383951  0.136086950000  0.081857062500  0.299579600000 19253.873   205.135     0.882447250     1.000000000  -56.53772
   0  6 0.9744059700000 0.6000000000000 0.0450000000000 0.6000000000000 0.0450000000000 0.5575029734075 0.5575029734075 22439.014000000  3062.658751945 15672.196000000   198.550900000    26.904691350    80.269300000    -152182  0.538167920661  0.538167920661  0.213779000000  0.103566500000  0.458960400000 21295.345   186.105     0.985700750     1.000000000  -47.17039
   0  9 0.9803561900000 0.6000000000000 0.0450000000000 0.6000000000000 0.0450000000000 0.9612427992085 0.9612427992085 21898.244500000  2684.697257858 14153.472000000   230.748000000    22.120197086    47.087905000    -408530  0.402257243270  0.402257243270  0.141054200000  0.071482937500  0.251951800000 18154.875   197.618     0.818254875     1.000000000  -56.04657
   0  6 0.9884444300000 0.6000000000000 0.0450000000000 0.6000000000000 0.0450000000000 0.7609262218404 0.7609262218404 22393.735000000  2773.334747207 14536.092000000   224.319500000    23.733324601    54.133060000    -476521  0.315868271460  0.315868271460  0.147791700000  0.079513562500  0.328419000000 18596.683   203.894     0.830407250     1.000000000  -54.65024
   0  6 0.9593534500000 0.6000000000000 0.0450000000000 0.6000000000000 0.0450000000000 0.6771286789674 0.6771286789674 20853.344500000  2672.897413041 13039.478000000   182.630900000    33.776696781   118.192705000    -295715  0.550637715880  0.550637715880  0.178578200000  0.085112625000  0.524444900000 18501.664   171.013     0.897767125     1.000000000  -50.95172
   0  6 0.9771969700000 0.6000000000000 0.0450000000000 0.6000000000000 0.0450000000000 0.5575166704211 0.5575166704211 22410.664000000  2707.231562657 13985.476000000   202.783800000    24.337002027    57.949372500    -368195  0.515796273540  0.515796273540  0.109137450000  0.054316500000  0.423378000000 18956.594   186.317     0.845949625     1.000000000  -56.38878
   0  8 0.9663846100000 0.6000000000000 0.0450000000000 0.6000000000000 0.0450000000000 0.8134542426718 0.8134542426718 21041.696500000  2788.679854261 13991.944000000   295.751100000    21.960833181    43.194600000     -38483  0.531969300112  0.531969300112  0.126040800000  0.083430937500  0.242469800000 18615.453   221.785     0.886527125     1.000000000  -55.00837
   0  7 0.9879609200000 0.6000000000000 0.0450000000000 0.6000000000000 0.0450000000000 0.7756481553611 0.7756481553611 26834.357500000  2364.843688202 13153.180000000   266.431600000    22.147117104    42.174782500    -164269  0.347060572446  0.347060572446  0.178186000000  0.087349750000  0.257972600000 22258.059   206.411     0.817861250     1.000000000  -52.41790
   0  8 0.9799134700000 0.6000000000000 0.0450000000000 0.6000000000000 0.0450000000000 0.8467413850775 0.8467413850775 24606.790000000  2445.425516947 13410.032000000   230.670800000    22.696760030    49.894670000    -494975  0.408430484835  0.408430484835  0.135194400000  0.069205125000  0.432475400000 18448.512   202.519     0.752285000     1.000000000  -55.33041
   0  6 0.9690684700000 0.6000000000000 0.0450000000000 0.6000000000000 0.0450000000000 0.7680323564504 0.7680323564504 22102.027000000  2959.841540404 15004.930000000   185.759400000    24.810026624    60.228370000    -765845  0.422829333842  0.422829333842  0.132782450000  0.099685250000  0.508865500000 18670.852   170.928     0.845143250     1.000000000  -52.44287
   0  6 0.9775938000000 0.6000000000000 0.0450000000000 0.6000000000000 0.0450000000000 0.5809006916906 0.5809006916906 23446.303000000  2607.544018203 13698.302000000   210.126300000    23.926593142    54.497385000    -891043  0.492025003529  0.492025003529  0.147468150000  0.068925437500  0.452719800000 20681.040   190.923     0.880646000     1.000000000  -57.07026
   0  8 0.9750643600000 0.6000000000000 0.0450000000000 0.6000000000000 0.0450000000000 0.6648864593722 0.6648864593722 22763.891500000  2255.252852382 11581.782000000   184.181200000    31.954196462   113.688497500    -436668  0.564609038799  0.564609038799  0.158365250000  0.065389562500  0.477221900000 19660.783   172.235     0.862797625     1.000000000  -51.30538
   0  7 0.9665885800000 0.6000000000000 0.0450000000000 0.6000000000000 0.0450000000000 0.7638578854212 0.7638578854212 23512.372000000  2521.491262247 13199.620000000   208.311200000    24.499807882    62.326440000    -258917  0.498000504010  0.498000504010  0.162225600000  0.059729687500  0.231514600000 18655.652   192.102     0.794639250     1.000000000  -54.48529
   0 11 0.9793280500000 0.6000000000000 0.0450000000000 0.6000000000000 0.0450000000000 0.9351822105237 0.9351822105237 18838.699000000  3008.808813411 13965.410000000   248.156700000    21.337887991    46.479375000    -887713  0.543571761993  0.543571761993  0.138957550000  0.051210875000  0.446025100000 16690.874   208.003     0.881645125     1.000000000  -53.03238
   0  6 0.9645925400000 0.6000000000000 0.0450000000000 0.6000000000000 0.0450000000000 0.8921507544620 0.8921507544620 24937.567000000  2517.640141538 13216.418000000   200.829800000    25.031653782    63.489420000    -801533  0.388270242770  0.388270242770  0.150166550000  0.102166312500  0.307875000000 20800.075   185.832     0.830120125     1.000000000  -54.64256
   0  8 0.9665215800000 0.6000000000000 0.0450000000000 0.6000000000000 0.0450000000000 0.8046954754749 0.8046954754749 23849.480500000  2273.519642068 11791.498000000   238.925600000    22.877881305    51.285345000     -55856  0.536577829779  0.536577829779  0.149440600000  0.079655937500  0.499078500000 20255.261   209.022     0.845697750     1.000000000  -54.83067
   0  7 0.9858303300000 0.6000000000000 0.0450000000000 0.6000000000000 0.0450000000000 0.4916110527308 0.4916110527308 23330.716000000  2495.434815377 13326.124000000   263.716000000    22.329767393    44.050812500    -114430  0.567945312459  0.567945312459  0.161930100000  0.059953250000  0.572335000000 20176.146   211.878     0.859286750     1.000000000  -56.66400
   0  8 0.9727201900000 0.6000000000000 0.0450000000000 0.6000000000000 0.0450000000000 0.7638200994920 0.7638200994920 23325.518500000  2778.257123137 14888.330000000   227.986200000    22.683865996    49.006932500    -422880  0.510999570764  0.510999570764  0.183575600000  0.075360937500  0.260358500000 20684.797   198.074     0.879132375     1.000000000  -55.12520
   0  6 0.9588123800000 0.6000000000000 0.0450000000000 0.6000000000000 0.0450000000000 0.7490390047914 0.7490390047914 20158.891000000  2536.679291685 12091.866000000   241.364500000    23.432518641    50.050117500    -309994  0.501516818535  0.501516818535  0.145528700000  0.103885375000  0.538176800000 18622.539   208.483     0.953993500     1.000000000  -52.81550
   0  7 0.9548282100000 0.6000000000000 0.0450000000000 0.6000000000000 0.0450000000000 0.8202869146429 0.8202869146429 23464.757500000  2632.823598041 13688.688000000   275.637900000    22.777869197    47.477157500    -834458  0.552172966449  0.552172966449  0.105270100000  0.070241625000  0.251185800000 19656.356   224.366     0.833747375     1.000000000  -55.35226
   0  6 0.9868551700000 0.6000000000000 0.0450000000000 0.6000000000000 0.0450000000000 0.8138132172363 0.8138132172363 20850.968500000  2772.775350458 13956.996000000   192.726600000    24.339165503    57.712902500    -851800  0.303190382798  0.303190382798  0.144354650000  0.164114750000  0.431959100000 18991.354   177.504     0.924476375     1.000000000  -51.77015
   0  9 0.9768751200000 0.6000000000000 0.0450000000000 0.6000000000000 0.0450000000000 0.8271351323586 0.8271351323586 21392.764000000  2553.674842827 13249.214000000   205.704700000    22.310469447    46.960992500    -535492  0.497209934990  0.497209934990  0.130460100000  0.189339125000  0.416961700000 18472.502   177.941     0.856517125     1.000000000  -50.89056
   0  6 0.9528842600000 0.6000000000000 0.0450000000000 0.6000000000000 0.0450000000000 0.8855109677804 0.8855109677804 27225.979000000  2571.350658520 13823.452000000   189.070800000    25.510578504    65.753565000    -131387  0.459920314217  0.459920314217  0.159173400000  0.098480437500  0.407504100000 22055.833   174.880     0.804089125     1.000000000  -52.43790
   0  7 0.9591520900000 0.6000000000000 0.0450000000000 0.6000000000000 0.0450000000000 0.8999419808478 0.8999419808478 22770.223000000  2367.792685926 11900.996000000   219.778900000    23.440015390    52.260150000    -487602  0.472520116602  0.472520116602  0.167603550000  0.108188187500  0.237607900000 18389.241   194.904     0.812245875     1.000000000  -54.14880
   0  9 0.9671995600000 0.6000000000000 0.0450000000000 0.6000000000000 0.0450000000000 0.9032634474734 0.9032634474734 22517.300500000  2576.001138142 13581.356000000   274.691800000    21.895932304    45.572885000    -621501  0.537878583848  0.537878583848  0.173032650000  0.059966625000  0.557585900000 19850.108   220.581     0.873422000     1.000000000  -55.65006
   0  8 0.9745388100000 0.6000000000000 0.0450000000000 0.6000000000000 0.0450000000000 0.8591070702402 0.8591070702402 24564.494500000  2734.834401289 15092.066000000   245.711200000    22.511697557    48.255662500    -760640  0.440815939636  0.440815939636  0.146873850000  0.050721937500  0.264975300000 22193.356   210.041     0.895837375     1.000000000  -55.95902
   0  9 0.9734098500000 0.6000000000000 0.0450000000000 0.6000000000000 0.0450000000000 0.8976378075196 0.8976378075196 23387.456500000  2516.974409219 13614.818000000   196.529300000    23.015901007    53.075347500    -511358  0.486709113947  0.486709113947  0.116955450000  0.094920000000  0.214717200000 22097.212   176.224     0.969544125     1.000000000  -50.88238
   0  6 0.9673373500000 0.6000000000000 0.0450000000000 0.6000000000000 0.0450000000000 0.6067886622432 0.6067886622432 23121.088000000  2445.421075385 12395.974000000   250.631900000    23.275607125    49.233132500    -219745  0.548820049463  0.548820049463  0.144774350000  0.110264312500  0.561943200000 19271.431   214.552     0.835407875     1.000000000  -55.09745
   0  9 0.9838144100000 0.6000000000000 0.0450000000000 0.6000000000000 0.0450000000000 0.9789839690974 0.9789839690974 20478.085000000  2773.353027578 14036.370000000   180.129900000    23.985805016    61.091570000    -621937  0.371130252118  0.371130252118  0.146472100000  0.135186375000  0.544111400000 16235.270   165.444     0.791156750     1.000000000  -47.75255
   0  6 0.9806633600000 0.6000000000000 0.0450000000000 0.6000000000000 0.0450000000000 0.8503971530358 0.8503971530358 23799.530500000  2564.840078671 13569.666000000   208.119000000    24.181371238    57.078730000    -908280  0.320447626167  0.320447626167  0.186041050000  0.085734187500  0.279340900000 19254.065   190.982     0.809176000     1.000000000  -54.30715
   0  6 0.9725072200000 0.6000000000000 0.0450000000000 0.6000000000000 0.0450000000000 0.8847259535611 0.8847259535611 22809.562000000  2872.017498627 14900.882000000   313.707900000    22.463048216    42.152877500    -270295  0.348908976268  0.348908976268  0.145545350000  0.102829062500  0.595176900000 19353.315   221.232     0.846502875     1.000000000  -53.80957
   0  8 0.9764471000000 0.6000000000000 0.0450000000000 0.6000000000000 0.0450000000000 0.9538978402905 0.9538978402905 25477.081000000  2656.113125098 14929.328000000   325.304200000    21.635443969    40.804615000     -50665  0.384524285606  0.384524285606  0.121229350000  0.058999687500  0.421577400000 20400.168   223.987     0.788658750     1.000000000  -52.90107
   0  9 0.9830867800000 0.6000000000000 0.0450000000000 0.6000000000000 0.0450000000000 0.6626495112571 0.6626495112571 25784.341000000  2277.045811524 12748.960000000   186.318300000    23.690979420    59.235982500    -200095  0.555576234165  0.555576234165  0.185386400000  0.107805312500  0.501361800000 20910.342   170.765     0.796346500     1.000000000  -51.52326
   0 10 0.9842618300000 0.6000000000000 0.0450000000000 0.6000000000000 0.0450000000000 0.9727073774864 0.9727073774864 23174.264500000  2274.375566774 12390.018000000   197.409500000    22.519611921    52.170710000    -330483  0.418498205991  0.418498205991  0.139279000000  0.073071312500  0.359458800000 19608.274   177.036     0.830107375     1.000000000  -54.85066
   0  7 0.9874437100000 0.6000000000000 0.0450000000000 0.6000000000000 0.0450000000000 0.5019050023733 0.5019050023733 21361.727500000  2502.687739021 12860.540000000   211.687000000    23.834543762    57.676600000    -547229  0.541151822334  0.541151822334  0.158175350000  0.093553875000  0.288145700000 16663.172   194.733     0.789593875     1.000000000  -52.93381
   0  9 0.9895199000000 0.6000000000000 0.0450000000000 0.6000000000000 0.0450000000000 0.9854842600699 0.9854842600699 22432.385500000  2820.703993559 15176.264000000   220.214200000    22.373717723    50.084795000    -274979  0.331911334630  0.331911334630  0.147611700000  0.142269000000  0.487321400000 20077.347   195.555     0.885180375     1.000000000  -53.47329
   0 11 0.9831331900000 0.6000000000000 0.0450000000000 0.6000000000000 0.0450000000000 0.9790980805356 0.9790980805356 23779.739500000  2524.044180546 14240.012000000   214.206300000    22.071115343    52.390637500    -609527  0.482843544872  0.482843544872  0.124531750000  0.105490812500  0.470890700000 21100.039   190.941     0.862994250     1.000000000  -56.01915
   0 12 0.9897025200000 0.6000000000000 0.0450000000000 0.6000000000000 0.0450000000000 0.9814478361660 0.9814478361660 24037.697500000  2726.038675224 15622.764000000   258.641000000    20.269758011    39.676735000    -959143  0.484471981823  0.484471981823  0.160174300000  0.139103562500  0.404893200000 20722.543   197.364     0.824321375     1.000000000  -50.69262
   0  9 0.9793646600000 0.6000000000000 0.0450000000000 0.6000000000000 0.0450000000000 0.7666937164369 0.7666937164369 22923.016000000  2740.271926612 14787.982000000   409.469600000    21.095657940    40.196507500    -962816  0.513317159979  0.513317159979  0.165250200000  0.140603750000  0.350345800000 20479.545   251.415     0.883091875     1.000000000  -50.31973
   0  8 0.9738247000000 0.6000000000000 0.0450000000000 0.6000000000000 0.0450000000000 0.6393119643387 0.6393119643387 24761.905000000  2495.531653860 13669.034000000   201.201900000    25.765171594    76.435242500    -302165  0.599448828370  0.599448828370  0.141259950000  0.088677312500  0.560236100000 21784.545   187.869     0.869142000     1.000000000  -52.77543
   0  7 0.9712323500000 0.6000000000000 0.0450000000000 0.6000000000000 0.0450000000000 0.9196896844342 0.9196896844342 21246.694000000  2671.183341054 13475.130000000   228.222300000    23.263867679    51.731407500    -522598  0.385022393794  0.385022393794  0.117980950000  0.055141562500  0.506326000000 19302.933   202.326     0.920348500     1.000000000  -56.49692
   0  6 0.9565550600000 0.6000000000000 0.0450000000000 0.6000000000000 0.0450000000000 0.7469108637983 0.7469108637983 25143.995500000  2608.475207700 13743.586000000   264.100000000    22.915659867    45.253605000    -967491  0.518798450078  0.518798450078  0.130621250000  0.066211000000  0.562601900000 20692.845   209.940     0.818876000     1.000000000  -56.63325
   0  8 0.9893768400000 0.6000000000000 0.0450000000000 0.6000000000000 0.0450000000000 0.9268504450312 0.9268504450312 24329.270500000  2576.567829594 14383.628000000   205.801800000    22.779734121    49.782480000    -573617  0.315907518720  0.315907518720  0.156275000000  0.069294625000  0.598529500000 22532.424   183.677     0.926897250     1.000000000  -54.01799
   0  6 0.9637502800000 0.6000000000000 0.0450000000000 0.6000000000000 0.0450000000000 0.9173693117814 0.9173693117814 22392.952000000  2670.976770936 13560.346000000   246.145000000    23.024547169    46.201045000    -630531  0.382143164237  0.382143164237  0.147117000000  0.113905062500  0.208292600000 19100.297   203.520     0.854003125     1.000000000  -55.65321
   0  6 0.9795011500000 0.6000000000000 0.0450000000000 0.6000000000000 0.0450000000000 0.6048863043564 0.6048863043564 23792.051500000  2667.364312170 14190.334000000   265.122700000    22.678898803    43.876417500    -805861  0.458771386624  0.458771386624  0.183494600000  0.128173937500  0.526957600000 21535.870   209.586     0.906577750     1.000000000  -52.66436
   0  6 0.9765151000000 0.6000000000000 0.0450000000000 0.6000000000000 0.0450000000000 0.4885067838501 0.4885067838501 23336.264500000  2724.195486454 14344.670000000   204.226900000    24.257141663    57.248672500     -34711  0.594837020712  0.594837020712  0.112428050000  0.081253375000  0.585423100000 20001.297   187.265     0.853791875     1.000000000  -56.16796
   0  8 0.9627497600000 0.6000000000000 0.0450000000000 0.6000000000000 0.0450000000000 0.8068999418722 0.8068999418722 24463.015000000  2550.631171675 13759.112000000   182.995400000    27.114623927    82.874272500    -298924  0.568268044721  0.568268044721  0.153077500000  0.090387437500  0.287252400000 19058.948   170.253     0.775254625     1.000000000  -52.19534
   0  8 0.9548608700000 0.6000000000000 0.0450000000000 0.6000000000000 0.0450000000000 0.8997331690222 0.8997331690222 27042.527500000  2238.311833222 11857.480000000   248.002400000    22.547847259    47.317810000    -816001  0.576248698584  0.576248698584  0.147679050000  0.109385500000  0.408071800000 22434.573   206.454     0.823676750     1.000000000  -53.10915
   0  6 0.9850659800000 0.6000000000000 0.0450000000000 0.6000000000000 0.0450000000000 0.5427723079242 0.5427723079242 25370.012500000  2567.409335492 14026.458000000   228.348100000    23.242269171    48.955225000    -801154  0.468043100238  0.468043100238  0.144860300000  0.150757125000  0.493767200000 21095.828   200.386     0.824193625     1.000000000  -53.77828
   0  6 0.9781008600000 0.6000000000000 0.0450000000000 0.6000000000000 0.0450000000000 0.8082762872230 0.8082762872230 21182.002000000  2669.069184547 13406.854000000   205.812600000    24.823005265    62.924277500    -417035  0.350862553846  0.350862553846  0.125567750000  0.050428250000  0.563476100000 18454.703   190.935     0.876693125     1.000000000  -55.05049
   0 11 0.9865405400000 0.6000000000000 0.0450000000000 0.6000000000000 0.0450000000000 0.9013577611070 0.9013577611070 23373.106000000  2810.378792286 15602.732000000   217.511600000    21.921501586    51.585807500    -937602  0.491113955187  0.491113955187  0.122441100000  0.056713937500  0.405439300000 21126.082   193.567     0.882830875     1.000000000  -55.97781
   0  8 0.9876732200000 0.6000000000000 0.0450000000000 0.6000000000000 0.0450000000000 0.9638674224413 0.9638674224413 23280.698500000  2440.037513636 13198.796000000   222.905700000    22.543787904    48.374840000     -32783  0.313230523985  0.313230523985  0.116924850000  0.133522125000  0.201456600000 19236.500   195.384     0.818577375     1.000000000  -55.17401
   0  6 0.9755475600000 0.6000000000000 0.0450000000000 0.6000000000000 0.0450000000000 0.7979881546640 0.7979881546640 21182.258500000  2771.052213555 13883.560000000   210.219400000    24.993232399    64.744992500    -180378  0.369547145831  0.369547145831  0.112345600000  0.070724437500  0.535842300000 18660.534   195.458     0.887144750     1.000000000  -52.78666
   0  9 0.9702358200000 0.6000000000000 0.0450000000000 0.6000000000000 0.0450000000000 0.9306310897851 0.9306310897851 21635.264500000  2587.783196550 13400.502000000   234.634500000    22.395762198    49.472040000    -234572  0.495804627548  0.495804627548  0.134293000000  0.090679187500  0.337765000000 19953.431   202.975     0.933987625     1.000000000  -55.69704
   0 11 0.9764535200000 0.6000000000000 0.0450000000000 0.6000000000000 0.0450000000000 0.9690852318941 0.9690852318941 21269.792500000  2621.918900333 13692.538000000   215.634200000    22.340640552    54.556730000    -436971  0.553801254800  0.553801254800  0.187906600000  0.069908562500  0.364192200000 19142.781   192.881     0.890121875     1.000000000  -54.63616
   0  7 0.9764496800000 0.6000000000000 0.0450000000000 0.6000000000000 0.0450000000000 0.5553378961545 0.5553378961545 26057.837500000  2532.800379095 14027.872000000   259.997400000    22.542852202    45.700350000    -606367  0.587070724322  0.587070724322  0.126864650000  0.097321437500  0.380650000000 20895.191   213.319     0.794493250     1.000000000  -55.10843
   0  6 0.9846953900000 0.6000000000000 0.0450000000000 0.6000000000000 0.0450000000000 0.6400884580875 0.6400884580875 24153.271000000  2490.217279028 13225.166000000   219.039800000    23.625848411    52.457425000    -905215  0.399269100604  0.399269100604  0.168142850000  0.066005750000  0.428967700000 20240.728   197.460     0.834175625     1.000000000  -56.59663
   0  7 0.9723913100000 0.6000000000000 0.0450000000000 0.6000000000000 0.0450000000000 0.9684087804548 0.9684087804548 24997.736500000  2853.546607055 15678.632000000   243.771700000    22.781031988    47.419925000    -285102  0.359075686446  0.359075686446  0.139127550000  0.074000375000  0.479607300000 21702.943   206.668     0.856581250     1.000000000  -55.35462
   0  8 0.9874110100000 0.6000000000000 0.0450000000000 0.6000000000000 0.0450000000000 0.9526559921069 0.9526559921069 20582.939500000  2382.775059887 12085.378000000   189.210300000    26.857568245    84.566320000    -338922  0.318406502978  0.318406502978  0.170409050000  0.141405625000  0.504417700000 16400.897   176.950     0.803343250     1.000000000  -48.91609
   0  7 0.9821152000000 0.6000000000000 0.0450000000000 0.6000000000000 0.0450000000000 0.9716309584444 0.9716309584444 22576.943500000  2564.226165702 13481.458000000   231.503700000    23.359809389    53.724827500    -519075  0.305882458012  0.305882458012  0.160597350000  0.056219500000  0.243376500000 20133.747   208.587     0.891980250     1.000000000  -54.86035
   0  7 0.9805059300000 0.6000000000000 0.0450000000000 0.6000000000000 0.0450000000000 0.9513848639123 0.9513848639123 21604.525000000  2581.857535959 13265.124000000   273.445900000    22.141987551    41.830282500    -203432  0.320815266020  0.320815266020  0.173708400000  0.073279062500  0.339160300000 18427.712   206.478     0.853328875     1.000000000  -52.96411
   0  7 0.9796257200000 0.6000000000000 0.0450000000000 0.6000000000000 0.0450000000000 0.9575065090473 0.9575065090473 23483.995000000  2611.867543016 13976.856000000   273.724200000    22.433869829    45.148077500    -313594  0.323401574274  0.323401574274  0.150598450000  0.078345375000  0.462481400000 20096.818   220.217     0.849328125     1.000000000  -56.32764
   0  8 0.9683056900000 0.6000000000000 0.0450000000000 0.6000000000000 0.0450000000000 0.8010651122368 0.8010651122368 23763.485500000  2288.197117438 11911.420000000   215.535600000    23.778381537    59.135037500    -225600  0.523720421904  0.523720421904  0.189889800000  0.058067000000  0.391670300000 20949.013   196.810     0.880055375     1.000000000  -52.73115
   0  8 0.9616941200000 0.6000000000000 0.0450000000000 0.6000000000000 0.0450000000000 0.8812241692119 0.8812241692119 26213.020000000  2224.194188153 11731.924000000   441.708100000    21.549481022    40.271062500    -305312  0.529079702396  0.529079702396  0.157307700000  0.164183875000  0.251363300000 19553.105   247.944     0.753583875     1.000000000  -48.86217
   0  9 0.9853529300000 0.6000000000000 0.0450000000000 0.6000000000000 0.0450000000000 0.9214393818022 0.9214393818022 22793.726500000  2408.266032972 13005.416000000   321.529400000    21.209594775    40.557875000    -262292  0.383407919191  0.383407919191  0.130380900000  0.109434875000  0.309862900000 20111.068   226.215     0.873039375     1.000000000  -55.09479
   0  7 0.9678315800000 0.6000000000000 0.0450000000000 0.6000000000000 0.0450000000000 0.9157167514230 0.9157167514230 24562.753000000  2300.561802939 11891.532000000   233.481500000    22.729828089    46.100945000    -734733  0.407590457250  0.407590457250  0.167493200000  0.052992125000  0.405820000000 20673.267   195.845     0.839323250     1.000000000  -54.54042
   0  9 0.9889778100000 0.6000000000000 0.0450000000000 0.6000000000000 0.0450000000000 0.8907880077196 0.8907880077196 24366.220000000  2294.477251327 12707.180000000   207.433100000    22.874482577    54.255455000    -714174  0.370929386722  0.370929386722  0.140246550000  0.068577187500  0.481266900000 21294.564   188.367     0.859760875     1.000000000  -56.67764
   0  6 0.9616498000000 0.6000000000000 0.0450000000000 0.6000000000000 0.0450000000000 0.8118199130297 0.8118199130297 22989.733000000  2651.465746718 13580.308000000   270.096000000    23.071830573    47.372085000     -46949  0.444808843552  0.444808843552  0.104013300000  0.115570312500  0.461828600000 19825.871   221.331     0.861909625     1.000000000  -54.74266
   0  8 0.9768425600000 0.6000000000000 0.0450000000000 0.6000000000000 0.0450000000000 0.8738505408772 0.8738505408772 24318.943000000  2154.378901508 11129.788000000   303.606800000    21.833499780    42.720197500    -197344  0.416961307510  0.416961307510  0.147198300000  0.064335250000  0.227528600000 18867.955   225.700     0.781497375     1.000000000  -53.10953
   0  9 0.9750290200000 0.6000000000000 0.0450000000000 0.6000000000000 0.0450000000000 0.8496556515665 0.8496556515665 24037.265500000  2218.021907814 11794.898000000   260.846400000    21.821225281    44.813295000    -410634  0.499929179333  0.499929179333  0.137239000000  0.068622375000  0.316451200000 16874.040   211.365     0.717008375     1.000000000  -52.19369
   0  9 0.9762286600000 0.6000000000000 0.0450000000000 0.6000000000000 0.0450000000000 0.7544367410982 0.7544367410982 25922.621500000  2267.789088988 12563.578000000   184.032300000    29.617037708   102.373590000    -618683  0.551341889177  0.551341889177  0.120802000000  0.133886937500  0.300259500000 20081.654   171.773     0.766594750     1.000000000  -50.31449
   0  6 0.9511701800000 0.6000000000000 0.0450000000000 0.6000000000000 0.0450000000000 0.8334487639496 0.8334487639496 24270.491500000  2716.875013804 14140.818000000   255.746900000    23.344015731    49.267420000    -301915  0.499992396053  0.499992396053  0.107777900000  0.148886250000  0.201502900000 21365.676   215.880     0.877525125     1.000000000  -53.21878
   0 11 0.9866567900000 0.6000000000000 0.0450000000000 0.6000000000000 0.0450000000000 0.8958811869371 0.8958811869371 19428.217000000  2908.764207194 14116.788000000   229.814100000    21.855513911    52.088842500    -951434  0.493002621048  0.493002621048  0.127743550000  0.090318375000  0.390016500000 18238.449   204.216     0.967181000     1.000000000  -51.64855
   0 10 0.9816820700000 0.6000000000000 0.0450000000000 0.6000000000000 0.0450000000000 0.7659004330095 0.7659004330095 21699.160000000  2554.413951700 13550.246000000   178.038700000    23.853457495    61.834390000    -195338  0.557726833183  0.557726833183  0.151951600000  0.140224500000  0.556879500000 19819.022   163.083     0.912754125     1.000000000  -50.74646
   0 10 0.9697148500000 0.6000000000000 0.0450000000000 0.6000000000000 0.0450000000000 0.9276578715940 0.9276578715940 23238.578500000  2410.409732400 13010.770000000   216.942900000    22.563190019    53.127022500    -212127  0.572272093611  0.572272093611  0.117933950000  0.053244000000  0.551602900000 18326.451   192.604     0.774116875     1.000000000  -55.82884
   0  8 0.9724393700000 0.6000000000000 0.0450000000000 0.6000000000000 0.0450000000000 0.7440975232491 0.7440975232491 24537.265000000  2528.954820543 13806.734000000   209.619700000    22.916216032    50.170952500    -436323  0.526981701025  0.526981701025  0.156848100000  0.086319562500  0.234333600000 20889.674   185.161     0.839250125     1.000000000  -55.52191
   0  8 0.9867611000000 0.6000000000000 0.0450000000000 0.6000000000000 0.0450000000000 0.6419814166864 0.6419814166864 23792.159500000  2674.220452107 14746.616000000   286.438400000    21.862233418    43.418590000    -813679  0.478002126477  0.478002126477  0.125793400000  0.086576687500  0.504357700000 19424.099   223.163     0.806048000     1.000000000  -54.76555
   0  7 0.9847736800000 0.6000000000000 0.0450000000000 0.6000000000000 0.0450000000000 0.6549351353550 0.6549351353550 25968.643000000  2802.364881052 15918.562000000   206.472100000    23.594813363    54.605122500    -699764  0.434021905597  0.434021905597  0.150257150000  0.097244187500  0.542737600000 23433.822   188.117     0.891492125     1.000000000  -52.24483
   0  6 0.9805063500000 0.6000000000000 0.0450000000000 0.6000000000000 0.0450000000000 0.8705776422757 0.8705776422757 24328.231000000  2649.817045364 14239.338000000   241.123700000    23.192838725    48.732730000    -714542  0.313791404372  0.313791404372  0.129545900000  0.112094562500  0.236627800000 21456.863   208.763     0.876974750     1.000000000  -55.49280
   0  9 0.9848326800000 0.6000000000000 0.0450000000000 0.6000000000000 0.0450000000000 0.8293110876554 0.8293110876554 24273.340000000  2236.386430632 12171.114000000   216.808700000    22.959955893    55.619122500    -250839  0.430068313567  0.430068313567  0.124237000000  0.061887062500  0.455344400000 22149.314   196.983     0.910864375     1.000000000  -53.69452
   0  6 0.9730402300000 0.6000000000000 0.0450000000000 0.6000000000000 0.0450000000000 0.5209661385635 0.5209661385635 25375.453000000  2479.777852367 13178.280000000   291.642900000    22.632620143    43.674787500    -620130  0.587837539517  0.587837539517  0.123419800000  0.100215500000  0.584186900000 19793.805   220.498     0.782941750     1.000000000  -54.55456
   0  9 0.9870139500000 0.6000000000000 0.0450000000000 0.6000000000000 0.0450000000000 0.7050614760296 0.7050614760296 21198.863500000  2311.275531204 11980.512000000   298.155200000    21.415448897    42.637615000    -645337  0.486016842073  0.486016842073  0.162325250000  0.070806937500  0.325094500000 18747.681   226.968     0.883565000     1.000000000  -54.14044
   0 10 0.9778097800000 0.6000000000000 0.0450000000000 0.6000000000000 0.0450000000000 0.9194170789908 0.9194170789908 26379.245500000  2532.113845833 14797.000000000   207.613100000    23.689989889    64.396690000    -758866  0.498977448795  0.498977448795  0.193179850000  0.118772062500  0.366815600000 24914.313   191.254     0.950528000     1.000000000  -47.77203
   0 10 0.9863788700000 0.6000000000000 0.0450000000000 0.6000000000000 0.0450000000000 0.7232155679828 0.7232155679828 24516.988000000  2728.177052175 15554.692000000   298.543100000    20.937235689    40.941667500    -660690  0.540844277927  0.540844277927  0.143852100000  0.111972875000  0.387407600000 20135.872   220.575     0.795074625     1.000000000  -52.72404
   0  7 0.9553219100000 0.6000000000000 0.0450000000000 0.6000000000000 0.0450000000000 0.8892449696784 0.8892449696784 23486.276500000  2795.122808254 14610.530000000   253.281300000    22.652700566    45.368752500    -854856  0.505726384520  0.505726384520  0.149087400000  0.054963687500  0.376836500000 17205.230   204.580     0.744566000     1.000000000  -52.81020
   0 10 0.9889492800000 0.6000000000000 0.0450000000000 0.6000000000000 0.0450000000000 0.9206640374261 0.9206640374261 20415.958000000  2734.871249590 13997.980000000   201.460000000    22.804070004    56.127520000    -686974  0.404556062984  0.404556062984  0.167586300000  0.066947625000  0.591303400000 19349.644   183.663     0.984499125     1.000000000  -53.58452
   0  8 0.9895600700000 0.6000000000000 0.0450000000000 0.6000000000000 0.0450000000000 0.7301812572192 0.7301812572192 23213.266000000  2634.855513289 14397.438000000   232.563000000    22.303996122    46.470567500    -637016  0.399667556503  0.399667556503  0.182938250000  0.146686625000  0.227167500000 19289.221   199.554     0.820943750     1.000000000  -52.59447
   0  6 0.9651809200000 0.6000000000000 0.0450000000000 0.6000000000000 0.0450000000000 0.6156720930737 0.6156720930737 23698.159000000  2742.731693981 14360.936000000   199.680100000    24.851019321    61.758372500    -356077  0.557927530550  0.557927530550  0.150040450000  0.133585125000  0.594495000000 19369.074   184.269     0.815964000     1.000000000  -53.36575
   0  6 0.9554072700000 0.6000000000000 0.0450000000000 0.6000000000000 0.0450000000000 0.7495015048707 0.7495015048707 23585.177500000  2656.231996463 13667.482000000   246.107400000    23.354102839    49.242232500    -929879  0.525160183597  0.525160183597  0.181098350000  0.088131625000  0.273279900000 20123.134   209.840     0.851060375     1.000000000  -55.24682
   0  6 0.9500635300000 0.6000000000000 0.0450000000000 0.6000000000000 0.0450000000000 0.8735274960955 0.8735274960955 28854.416500000  2678.088421465 14826.196000000   299.418000000    22.698668137    43.419955000    -934916  0.484127017583  0.484127017583  0.159619100000  0.060980875000  0.595267300000 22179.030   217.683     0.766219500     1.000000000  -51.15490
   0 10 0.9884832700000 0.6000000000000 0.0450000000000 0.6000000000000 0.0450000000000 0.7708555405018 0.7708555405018 23721.541000000  2320.674117757 12934.644000000   245.792300000    21.466811892    45.184510000     -21123  0.487504935619  0.487504935619  0.116920400000  0.096727562500  0.370809500000 19796.746   205.642     0.815372625     1.000000000  -56.55374
 
  COND2           1      764195  1.105648172193152E+044  1.475727068717187E+042
  1.334716690020796E-002         100
    764195  16853354    721024         0     23215         0         0         0         0         0    357655         0         0   8380557    764195
 PARAMETER FILE GI02A.PAR   
