  Aa Am            MSYL            MSYR           MORTJ           MORTA             K1+           PInit      ISEED   PTarget           CVADD              AR        PREG-MAX           GAMMA              P0   SSTILDA     LIKEL
   0 12 0.9838438100000 0.6000000000000 0.0450000000000 0.6000000000000 0.0200000000000 0.9014071381788 0.2606378167417 22499.345500000  2364.331719042 13017.258000000   367.782300000    66.944698150   100.275260000    -165419  0.592199270577  0.592199270577  0.158113950000  0.080485125000  0.404091800000 20039.668   207.111     0.871412625     0.996980056  -54.56654
   0  7 0.9803204100000 0.6000000000000 0.0450000000000 0.6000000000000 0.0200000000000 0.6851675052063 0.2923597993526 24096.004000000  2409.909713255 12798.052000000   328.155000000    66.638563953    93.114632500     -62176  0.446826929545  0.446826929545  0.138188000000  0.088675250000  0.473931200000 18612.618   182.712     0.777138500     0.996382463  -53.06786
   0  6 0.9588020000000 0.6000000000000 0.0450000000000 0.6000000000000 0.0200000000000 0.8096694807729 0.4266166004837 27421.985500000  2390.832716460 12551.816000000   233.428300000    93.873622037   121.203375000    -217238  0.464028319943  0.464028319943  0.127717500000  0.059928437500  0.444876000000 21468.582   175.529     0.784912750     0.994257525  -51.36700
   0  6 0.9541385800000 0.6000000000000 0.0450000000000 0.6000000000000 0.0200000000000 0.8151153569354 0.4398875576576 23082.329500000  2760.872666759 14092.254000000   433.906700000    64.041652391    94.912955000    -778874  0.491264338793  0.491264338793  0.155253950000  0.093755187500  0.202242300000 19260.981   205.334     0.834008875     0.997401927  -54.82323
   0  7 0.9829858700000 0.6000000000000 0.0450000000000 0.6000000000000 0.0200000000000 0.7714475999367 0.3204696003286 26048.495500000  2468.528993797 13669.768000000   205.624300000   117.850816048   136.124970000     -10710  0.379707712725  0.379707712725  0.147153050000  0.096290625000  0.276751600000 22437.236   167.728     0.849436750     0.993749631  -51.06546
   0  6 0.9615092400000 0.6000000000000 0.0450000000000 0.6000000000000 0.0200000000000 0.6601646364616 0.3426333260844 27198.790000000  2571.383430262 13939.568000000   276.319400000    84.503154857   119.424292500    -892415  0.548070730855  0.548070730855  0.152428200000  0.056069812500  0.571150300000 23162.139   199.798     0.841674250     0.995185350  -51.92669
   0  7 0.9834670000000 0.6000000000000 0.0450000000000 0.6000000000000 0.0200000000000 0.6030872680235 0.2492606492459 21894.505000000  2508.051000238 12953.628000000   209.380100000   123.910609122   146.547947500    -198130  0.481814053555  0.481814053555  0.122269800000  0.061795187500  0.442162600000 19124.321   174.876     0.874482500     0.994839152  -54.08501
   0  8 0.9797097100000 0.6000000000000 0.0450000000000 0.6000000000000 0.0200000000000 0.8391697065358 0.3390998085685 24172.792000000  2368.997330233 12753.816000000   436.256200000    64.937603473    96.046165000    -202449  0.413555888700  0.413555888700  0.153291150000  0.140744500000  0.321111900000 20389.044   210.403     0.834779625     0.997271076  -53.01200
   0  6 0.9845269100000 0.6000000000000 0.0450000000000 0.6000000000000 0.0200000000000 0.6546295957113 0.2833324514786 22503.206500000  2855.661166636 14898.486000000   416.842600000    61.408256317    90.078807500    -727535  0.391463054229  0.391463054229  0.137955850000  0.110964062500  0.524946500000 19791.682   197.679     0.879326625     0.997333917  -54.29842
   0  6 0.9582020600000 0.6000000000000 0.0450000000000 0.6000000000000 0.0200000000000 0.8167439566820 0.4317317254298 21941.255500000  3149.508783852 15546.206000000   332.370900000    69.050061579   104.111267500    -453082  0.463834080699  0.463834080699  0.153758800000  0.075963812500  0.367783200000 19937.359   204.412     0.918939125     0.996773462  -52.73916
   0  9 0.9660995900000 0.6000000000000 0.0450000000000 0.6000000000000 0.0200000000000 0.8364743966129 0.3546473869771 23462.422000000  2381.670348837 12638.736000000   363.830100000    67.593630273    98.651495000    -143276  0.591699235077  0.591699235077  0.113962150000  0.073406687500  0.278530700000 20350.309   200.482     0.858145000     0.996841699  -55.87353
   0  8 0.9849053900000 0.6000000000000 0.0450000000000 0.6000000000000 0.0200000000000 0.5997219869979 0.2295136305995 26366.893000000  2605.149910863 14984.834000000   294.761700000    69.577217105    97.034230000    -226476  0.528775237821  0.528775237821  0.162010250000  0.055760187500  0.460911100000 22137.438   184.178     0.821265875     0.995581328  -52.24039
   0  7 0.9753577600000 0.6000000000000 0.0450000000000 0.6000000000000 0.0200000000000 0.6711827092794 0.2994357028394 25352.192500000  2473.356219669 13416.142000000   466.379600000    61.475240672    88.146552500    -280250  0.494312645411  0.494312645411  0.151765300000  0.071337062500  0.490116300000 22809.867   198.552     0.895589500     0.997328445  -54.32790
   0  6 0.9750877600000 0.6000000000000 0.0450000000000 0.6000000000000 0.0200000000000 0.8883095332015 0.4201464813243 24823.303000000  2502.751043095 13247.466000000   271.904000000    84.558288111   120.691857500    -818247  0.334294065422  0.334294065422  0.109509100000  0.075388500000  0.246480700000 19856.161   198.859     0.800345625     0.995513788  -53.20113
   0 10 0.9863170800000 0.6000000000000 0.0450000000000 0.6000000000000 0.0200000000000 0.9485873808958 0.3116170666317 23647.412500000  2666.427836440 14898.212000000   250.303800000    82.278064447   116.016895000    -960982  0.412829611888  0.412829611888  0.192897400000  0.052332562500  0.263887000000 21891.682   186.985     0.921895875     0.995328959  -52.21541
   0 10 0.9807582500000 0.6000000000000 0.0450000000000 0.6000000000000 0.0200000000000 0.8371470096146 0.2930385157198 23580.047500000  2217.851864921 11999.724000000   393.925900000    64.739942514    93.695017500    -860222  0.519075027749  0.519075027749  0.185308400000  0.098810625000  0.536316900000 18379.965   196.468     0.770766250     0.997050286  -52.42156
   0  7 0.9610038600000 0.6000000000000 0.0450000000000 0.6000000000000 0.0200000000000 0.8350923182171 0.4116723143393 23139.394000000  2687.120532792 13979.542000000   233.451600000   108.535419137   144.541625000    -114878  0.495455410401  0.495455410401  0.117072050000  0.082463500000  0.488807500000 18884.683   190.661     0.814241375     0.995152389  -52.65745
   0  7 0.9634707800000 0.6000000000000 0.0450000000000 0.6000000000000 0.0200000000000 0.7437763333764 0.3612980643989 24702.167500000  2372.167137266 12355.738000000   326.178000000    70.663709745   100.357680000     -88350  0.536158537233  0.536158537233  0.107510350000  0.073872500000  0.453127900000 19128.411   191.875     0.779428750     0.996293801  -53.75476
   0  6 0.9782345100000 0.6000000000000 0.0450000000000 0.6000000000000 0.0200000000000 0.8578522292089 0.3950036717549 24958.586500000  2490.184765767 13243.234000000   281.612300000    74.247948147   103.377775000    -849634  0.329904616112  0.329904616112  0.156563250000  0.078907125000  0.416311500000 19732.061   184.599     0.792296250     0.995638388  -54.19771
   0  6 0.9791232700000 0.6000000000000 0.0450000000000 0.6000000000000 0.0200000000000 0.8651030433683 0.3951552095634 22360.619500000  2827.038616295 14610.270000000   280.531700000    75.235281791   109.601232500    -176352  0.322667146087  0.322667146087  0.139218300000  0.154989375000  0.462128400000 20555.455   194.974     0.931629250     0.996075577  -51.58680
   0  7 0.9646638500000 0.6000000000000 0.0450000000000 0.6000000000000 0.0200000000000 0.6585585834203 0.3175329455852 26058.769000000  2729.099386601 15082.218000000   353.683700000    63.646474583    89.275635000    -146666  0.594751085100  0.594751085100  0.122697600000  0.106091437500  0.267340000000 21501.369   184.607     0.813976500     0.996393113  -51.91674
   0  7 0.9885621600000 0.6000000000000 0.0450000000000 0.6000000000000 0.0200000000000 0.6190878028931 0.2411995419540 24810.613000000  2543.387971644 14035.908000000   319.344600000    70.131786323   101.025425000    -161869  0.430329484676  0.430329484676  0.120151600000  0.065455687500  0.428796800000 21503.609   197.371     0.856237375     0.996152843  -55.78069
   0  7 0.9884000200000 0.6000000000000 0.0450000000000 0.6000000000000 0.0200000000000 0.8800649495609 0.3435782342389 23171.821000000  2601.048774568 13965.764000000   448.103800000    60.551244505    87.675237500    -388492  0.303569761832  0.303569761832  0.114560250000  0.139451250000  0.561870700000 21142.328   197.042     0.915026750     0.997439682  -53.18881
   0  6 0.9790465500000 0.6000000000000 0.0450000000000 0.6000000000000 0.0200000000000 0.8487812100428 0.3879720652711 24914.347000000  2216.906649155 11152.532000000   196.800700000   145.016177574   144.589920000    -459360  0.329264021549  0.329264021549  0.155610500000  0.225120187500  0.347914900000 20339.297   161.787     0.820352500     0.993767250  -45.57409
   0  8 0.9792953100000 0.6000000000000 0.0450000000000 0.6000000000000 0.0200000000000 0.8728773897255 0.3541264145461 24058.406500000  2510.036441088 13665.446000000   391.228800000    63.227812881    90.912920000    -700455  0.400411940673  0.400411940673  0.119004950000  0.117593500000  0.543669800000 20937.163   194.370     0.860169625     0.996972051  -54.87454
   0  6 0.9797852400000 0.6000000000000 0.0450000000000 0.6000000000000 0.0200000000000 0.6479823976037 0.2941734169936 22607.858500000  2602.293342490 13460.670000000   348.995900000    66.249390295    95.637055000    -417107  0.426367046796  0.426367046796  0.112596100000  0.050351375000  0.241141600000 20914.655   194.819     0.940853000     0.996809472  -54.63986
   0  7 0.9871265000000 0.6000000000000 0.0450000000000 0.6000000000000 0.0200000000000 0.9065488984509 0.3594967829093 26636.974000000  2122.716158922 11038.320000000   453.130400000    65.827469616    95.162230000    -385608  0.301242727281  0.301242727281  0.218030750000  0.068529250000  0.420086500000 21028.001   207.358     0.792958250     0.997092008  -50.20008
   0 11 0.9823664900000 0.6000000000000 0.0450000000000 0.6000000000000 0.0200000000000 0.9532608647599 0.3043346295016 23018.326000000  2487.042929750 13741.956000000   445.203500000    60.937470153    90.029310000    -268554  0.503271553422  0.503271553422  0.173933350000  0.068753687500  0.318034300000 19097.375   201.173     0.804206750     0.997449906  -54.76629
   0  9 0.9889074200000 0.6000000000000 0.0450000000000 0.6000000000000 0.0200000000000 0.5751197523199 0.1961957241241 27150.365500000  2218.511124875 12636.736000000   263.527700000    80.523200086   109.641955000    -115402  0.575276882469  0.575276882469  0.138966600000  0.142976250000  0.537554200000 21421.985   183.386     0.776376750     0.994897090  -50.87764
   0  6 0.9731110100000 0.6000000000000 0.0450000000000 0.6000000000000 0.0200000000000 0.9372610140601 0.4502975604257 22071.760000000  2610.931568157 13250.878000000   465.394300000    64.215365221    96.558300000    -515242  0.326397438631  0.326397438631  0.138301550000  0.078118500000  0.287809100000 18344.133   213.521     0.834645000     0.997671453  -54.54136
   0  7 0.9818418900000 0.6000000000000 0.0450000000000 0.6000000000000 0.0200000000000 0.6486827874464 0.2726635077951 22701.535000000  2607.679868473 13744.770000000   234.857400000    95.095416025   130.145977500    -211354  0.460250343050  0.460250343050  0.125548400000  0.095998687500  0.299005900000 19621.153   186.248     0.860962000     0.995233913  -54.62565
   0  6 0.9670802500000 0.6000000000000 0.0450000000000 0.6000000000000 0.0200000000000 0.5669945665775 0.2843631400393 22724.296000000  2536.467193803 12874.398000000   476.464400000    62.682515549    91.930365000    -369455  0.589524277402  0.589524277402  0.121348250000  0.155059250000  0.577506000000 20218.959   203.989     0.894658625     0.997663461  -53.34044
   0  6 0.9638594600000 0.6000000000000 0.0450000000000 0.6000000000000 0.0200000000000 0.7380640323524 0.3777779798898 22418.953000000  2293.647389696 11118.120000000   408.041200000    65.411482683    93.882737500    -628369  0.474246107146  0.474246107146  0.103283500000  0.071007000000  0.244175300000 18313.907   194.470     0.826698500     0.997310905  -52.38186
   0  6 0.9846669900000 0.6000000000000 0.0450000000000 0.6000000000000 0.0200000000000 0.4308202100500 0.1861807377622 22177.033000000  2738.344662480 14187.594000000   213.005300000   118.642722249   145.797782500    -482626  0.593483661218  0.593483661218  0.120238600000  0.179878437500  0.577437100000 20668.521   178.907     0.952132625     0.994857762  -49.29188
   0  8 0.9824565100000 0.6000000000000 0.0450000000000 0.6000000000000 0.0200000000000 0.5675536431838 0.2230867131226 21873.566500000  2964.604569959 15321.764000000   294.683500000    77.269688728   117.856882500    -188799  0.583193756733  0.583193756733  0.179397850000  0.126153312500  0.385126500000 19827.746   210.560     0.908394500     0.996338768  -48.70443
   0  6 0.9545909600000 0.6000000000000 0.0450000000000 0.6000000000000 0.0200000000000 0.9414678329025 0.5069507398712 24522.604000000  2343.764272057 11702.450000000   237.224800000   107.938931110   141.671582500    -461098  0.422737060101  0.422737060101  0.134253250000  0.057460812500  0.397984800000 20549.317   190.397     0.840113500     0.994950974  -52.58643
   0  6 0.9762011300000 0.6000000000000 0.0450000000000 0.6000000000000 0.0200000000000 0.6505309776326 0.3048620987973 23473.181500000  2557.687086055 13341.166000000   476.102200000    62.336619951    91.356675000     -75314  0.448829079732  0.448829079732  0.129959450000  0.063367687500  0.513650900000 18804.700   203.820     0.804230375     0.997576034  -56.22994
   0  6 0.9569109900000 0.6000000000000 0.0450000000000 0.6000000000000 0.0200000000000 0.6513445959396 0.3466445613995 23718.260500000  2573.003270321 13180.932000000   289.118400000    74.274261106   105.085877500    -857876  0.592026754138  0.592026754138  0.178125250000  0.133728937500  0.536456300000 22270.838   190.035     0.964274500     0.995991406  -50.42549
   0  7 0.9663519200000 0.6000000000000 0.0450000000000 0.6000000000000 0.0200000000000 0.7847129142325 0.3742606873453 22480.459000000  2543.762211628 13045.564000000   406.532800000    67.699029916   102.194482500    -547583  0.486516925281  0.486516925281  0.123426100000  0.101290750000  0.369593100000 20137.654   216.574     0.900692250     0.997291538  -52.86943
   0  8 0.9737153200000 0.6000000000000 0.0450000000000 0.6000000000000 0.0200000000000 0.9614065982440 0.4097063570790 24761.162500000  2527.824553278 13854.456000000   403.006800000    63.231782361    91.129402500    -207272  0.399343571983  0.399343571983  0.131092950000  0.113020250000  0.311026900000 22132.429   197.181     0.885946500     0.996982572  -54.27888
   0  8 0.9880561700000 0.6000000000000 0.0450000000000 0.6000000000000 0.0200000000000 0.9567097678817 0.3525904285744 25282.978000000  2623.520410944 14887.600000000   471.136600000    59.722020180    86.592337500    -607198  0.313415815091  0.313415815091  0.191680700000  0.070811062500  0.235545300000 20627.497   199.165     0.802115875     0.997343625  -52.87416
   0  7 0.9820261900000 0.6000000000000 0.0450000000000 0.6000000000000 0.0200000000000 0.7460368751274 0.3129993041788 25288.580500000  2103.592949819 10610.780000000   269.021000000    82.821243128   114.236805000    -308184  0.398967712337  0.398967712337  0.121599150000  0.081514250000  0.369127200000 19158.835   187.726     0.772299125     0.995364521  -49.55443
   0  8 0.9840267300000 0.6000000000000 0.0450000000000 0.6000000000000 0.0200000000000 0.6685511108366 0.2583822893028 23679.353500000  2381.557606437 12811.660000000   262.565400000    84.213300718   119.275637500    -832010  0.481714062601  0.481714062601  0.189474800000  0.074451937500  0.217951500000 18329.889   192.627     0.774899875     0.995547537  -52.33075
   0  7 0.9883909800000 0.6000000000000 0.0450000000000 0.6000000000000 0.0200000000000 0.4838192352025 0.1889049495417 22731.775000000  2446.797801521 12884.760000000   273.784300000    75.590276618   106.966685000    -876635  0.552278425218  0.552278425218  0.131130900000  0.093345312500  0.426861700000 20623.494   188.016     0.911299250     0.995889124  -54.73605
   0  7 0.9836040400000 0.6000000000000 0.0450000000000 0.6000000000000 0.0200000000000 0.7080027538904 0.2921956244327 23594.168500000  2584.790480918 13892.590000000   455.196900000    64.656069134    97.757322500    -115080  0.409474520172  0.409474520172  0.114484750000  0.078598375000  0.330577800000 19094.715   218.447     0.806444875     0.997441636  -52.56941
   0  6 0.9721480200000 0.6000000000000 0.0450000000000 0.6000000000000 0.0200000000000 0.5570164475423 0.2695810743922 24471.884500000  2558.968575396 13506.458000000   343.637400000    69.107931841    99.973822500    -221933  0.557152895092  0.557152895092  0.125358250000  0.057388500000  0.507470000000 20813.856   199.532     0.846179750     0.996504837  -56.49567
   0  7 0.9614918500000 0.6000000000000 0.0450000000000 0.6000000000000 0.0200000000000 0.8011856676622 0.3938352928537 25229.410000000  2644.621464904 14292.390000000   329.333000000    67.628016818    95.918017500    -412030  0.512689628601  0.512689628601  0.135766100000  0.051076750000  0.502552700000 22355.762   190.039     0.879357625     0.996252890  -54.69672
   0 12 0.9839525300000 0.6000000000000 0.0450000000000 0.6000000000000 0.0200000000000 0.8938080258477 0.2580925534944 25026.910000000  2540.245861850 14854.106000000   472.194000000    58.071735860    84.261827500    -875200  0.595961331135  0.595961331135  0.162553200000  0.073052187500  0.232746600000 20815.624   195.201     0.792245000     0.997383413  -53.61842
   0  6 0.9834103600000 0.6000000000000 0.0450000000000 0.6000000000000 0.0200000000000 0.7834510485062 0.3431484083899 25213.655500000  2711.263376945 14880.122000000   476.007900000    62.926171129    93.886897500    -786136  0.333014623425  0.333014623425  0.183258350000  0.069645562500  0.286218200000 22167.496   215.746     0.870945875     0.997385863  -51.68831
   0  8 0.9842215600000 0.6000000000000 0.0450000000000 0.6000000000000 0.0200000000000 0.8508613619308 0.3281335175058 20947.210000000  2639.728027738 13523.308000000   299.010300000    67.522215014    96.696652500    -930618  0.377208763689  0.377208763689  0.135615200000  0.059499375000  0.433072400000 15948.956   181.490     0.771041500     0.996540927  -49.50066
   0 10 0.9881291000000 0.6000000000000 0.0450000000000 0.6000000000000 0.0200000000000 0.8330710261459 0.2673801446916 26769.274000000  2335.081475650 13737.952000000   359.696800000    66.792321376    96.077007500    -204168  0.454158592172  0.454158592172  0.115105550000  0.124567687500  0.580382700000 23545.288   200.181     0.853936250     0.996315912  -51.83996
   0  9 0.9819809800000 0.6000000000000 0.0450000000000 0.6000000000000 0.0200000000000 0.9024565836156 0.3341670829913 23902.927000000  2723.187240920 15075.686000000   309.227500000    69.136102732   100.526647500    -235192  0.416163634518  0.416163634518  0.154240800000  0.064107000000  0.298560600000 20516.293   193.612     0.840100375     0.996188305  -54.77098
   0  6 0.9824971300000 0.6000000000000 0.0450000000000 0.6000000000000 0.0200000000000 0.6199322519103 0.2740979185136 24033.809500000  2716.431723545 14582.200000000   421.337500000    65.395253465    98.222690000     -87003  0.427027252988  0.427027252988  0.176161350000  0.119093687500  0.330263000000 21496.561   216.095     0.892074625     0.997186375  -51.02920
   0 10 0.9820049400000 0.6000000000000 0.0450000000000 0.6000000000000 0.0200000000000 0.8575694622772 0.2962166059230 25343.174500000  2386.151741847 13626.056000000   206.614400000   113.940942722   134.083027500     -98692  0.495129257418  0.495129257418  0.153524800000  0.094342937500  0.219571000000 22915.671   167.861     0.888582250     0.993951446  -50.69269
   0  6 0.9760665800000 0.6000000000000 0.0450000000000 0.6000000000000 0.0200000000000 0.7115400460257 0.3338297856000 22945.493500000  2689.017184515 13998.924000000   442.328400000    63.308134852    93.900320000    -980128  0.411187484209  0.411187484209  0.128836950000  0.055643437500  0.542798200000 17788.141   205.988     0.783665500     0.997449764  -54.35858
   0  6 0.9729489700000 0.6000000000000 0.0450000000000 0.6000000000000 0.0200000000000 0.5850456375478 0.2814298262561 21310.171000000  2599.022404528 12961.004000000   341.724300000    65.233019564    93.147295000    -516102  0.524166493693  0.524166493693  0.178068300000  0.058932250000  0.270425600000 18795.162   185.948     0.889735750     0.996938380  -52.85641
   0  6 0.9640672400000 0.6000000000000 0.0450000000000 0.6000000000000 0.0200000000000 0.6835729470917 0.3494438877264 23402.063500000  2572.996136095 13219.092000000   491.987200000    59.748061860    84.918912500    -674092  0.510542710494  0.510542710494  0.109259300000  0.142569625000  0.452113700000 20361.968   189.058     0.869913250     0.997671800  -53.19133
   0  8 0.9655442000000 0.6000000000000 0.0450000000000 0.6000000000000 0.0200000000000 0.9592285848610 0.4340297939756 24040.060000000  2596.393247424 13952.094000000   467.895500000    63.139794650    94.207770000    -987899  0.457243446573  0.457243446573  0.118494500000  0.063631687500  0.554452100000 20196.925   211.219     0.830028625     0.997484104  -55.56377
   0  6 0.9588682000000 0.6000000000000 0.0450000000000 0.6000000000000 0.0200000000000 0.7589603348316 0.3997547512658 22482.403000000  2388.577299156 11725.898000000   402.625200000    67.012179149    98.023920000    -821029  0.494579012450  0.494579012450  0.122684500000  0.063971062500  0.241265800000 18823.240   203.152     0.843226750     0.997270383  -55.18826
   0  6 0.9573799500000 0.6000000000000 0.0450000000000 0.6000000000000 0.0200000000000 0.9523249067376 0.5055901365704 21709.082500000  2608.566971607 12897.192000000   287.382300000    78.625703591   114.977252500    -789683  0.402322582415  0.402322582415  0.133724500000  0.059945000000  0.510513100000 17571.243   198.983     0.817064125     0.996308468  -53.97605
   0  9 0.9703328300000 0.6000000000000 0.0450000000000 0.6000000000000 0.0200000000000 0.8580503832950 0.3527985245209 23723.296000000  2432.464165254 13106.390000000   262.538300000    89.027088915   127.003260000    -691667  0.536852438965  0.536852438965  0.115738700000  0.058265312500  0.219019500000 20470.659   198.842     0.850562500     0.995568184  -53.80499
   0  6 0.9754707900000 0.6000000000000 0.0450000000000 0.6000000000000 0.0200000000000 0.6977408926863 0.3289791718235 23541.437500000  2664.305102881 14008.290000000   443.149700000    61.347320410    88.590372500    -680767  0.423134145573  0.423134145573  0.131171850000  0.102607750000  0.240464300000 21326.176   196.425     0.909656000     0.997389086  -54.73273
   0  6 0.9899526400000 0.6000000000000 0.0450000000000 0.6000000000000 0.0200000000000 0.4641239631612 0.1882906485204 22625.152000000  2587.101242303 13559.620000000   462.220100000    61.167537616    89.103515000     -22339  0.504980167485  0.504980167485  0.109897550000  0.078520937500  0.470436700000 20089.149   200.082     0.888762625     0.997573720  -56.08419
   0  8 0.9895865200000 0.6000000000000 0.0450000000000 0.6000000000000 0.0200000000000 0.5935084502754 0.2144417119769 22251.391000000  2329.390511926 12221.024000000   484.963500000    62.310403614    92.179185000    -160788  0.491467341791  0.491467341791  0.111663400000  0.050905937500  0.585597500000 18965.684   207.673     0.848672500     0.997726319  -56.02392
   0  9 0.9854924100000 0.6000000000000 0.0450000000000 0.6000000000000 0.0200000000000 0.6335862666111 0.2255757165253 24069.436000000  2213.779135419 11948.970000000   270.611800000    81.432723486   114.893370000     -64770  0.556177986174  0.556177986174  0.106799850000  0.068883375000  0.258887500000 21732.548   193.126     0.899592500     0.995604741  -52.00308
   0  6 0.9754659600000 0.6000000000000 0.0450000000000 0.6000000000000 0.0200000000000 0.7162431670527 0.3377162727434 24080.830000000  2576.925205518 13595.618000000   286.652400000    75.964486896   108.640662500    -492047  0.412233784897  0.412233784897  0.166976600000  0.150948500000  0.507262000000 17068.614   192.326     0.731902625     0.995871189  -49.28519
   0  7 0.9832236600000 0.6000000000000 0.0450000000000 0.6000000000000 0.0200000000000 0.6953659620269 0.2881425346850 26142.860500000  2521.827972531 14077.166000000   411.575600000    62.801683615    89.602065000    -393341  0.419580991681  0.419580991681  0.121878850000  0.087555125000  0.344159700000 23306.701   197.133     0.881075875     0.996865546  -53.49810
   0 10 0.9884553900000 0.6000000000000 0.0450000000000 0.6000000000000 0.0200000000000 0.7881050318077 0.2518531661796 24826.030000000  2272.614198875 12847.486000000   353.195600000    66.788555910    96.045255000    -698440  0.477088919707  0.477088919707  0.125370700000  0.080812312500  0.443480900000 21477.082   196.473     0.844741375     0.996519663  -55.60685
   0  7 0.9583200900000 0.6000000000000 0.0450000000000 0.6000000000000 0.0200000000000 0.8486693827574 0.4247275511966 28127.333500000  2344.072352095 12593.472000000   360.076500000    68.942205782    97.024285000    -268727  0.507235209290  0.507235209290  0.133637450000  0.135306625000  0.280117300000 20440.782   193.956     0.738151875     0.996181939  -50.11845
   0  7 0.9891885700000 0.6000000000000 0.0450000000000 0.6000000000000 0.0200000000000 0.4480534949078 0.1731730828366 24062.902000000  2550.574950124 13910.274000000   319.471400000    70.032580105   101.372395000    -191711  0.588162958291  0.588162958291  0.132448150000  0.118234625000  0.351429100000 20086.316   197.266     0.827281750     0.996268597  -54.55124
   0  6 0.9877275500000 0.6000000000000 0.0450000000000 0.6000000000000 0.0200000000000 0.6953353373481 0.2901090235586 20918.765500000  2437.449062162 12141.938000000   324.589900000    69.532129334   101.074402500    -577786  0.349791940487  0.349791940487  0.146096450000  0.124695875000  0.508656100000 18470.619   195.866     0.891948625     0.996810590  -53.22313
   0  7 0.9834315000000 0.6000000000000 0.0450000000000 0.6000000000000 0.0200000000000 0.6555517827144 0.2710469647963 24616.483000000  2581.566218842 14135.226000000   450.111800000    62.323858770    91.283940000    -161056  0.443517693723  0.443517693723  0.131387150000  0.121649875000  0.543329600000 21640.961   205.444     0.870587875     0.997300908  -54.26812
   0  7 0.9792979800000 0.6000000000000 0.0450000000000 0.6000000000000 0.0200000000000 0.7268837889891 0.3131877584073 25067.275000000  2465.842771400 13377.800000000   405.215200000    65.468488287    95.524800000    -451238  0.428297940635  0.428297940635  0.167854950000  0.105368500000  0.301452400000 21147.811   205.316     0.835148625     0.996953968  -53.86816
   0  6 0.9796826800000 0.6000000000000 0.0450000000000 0.6000000000000 0.0200000000000 0.5246175090479 0.2383957737648 23442.185500000  2712.986908428 14343.418000000   303.909500000    73.131331473   106.918715000    -556716  0.527471252049  0.527471252049  0.146409350000  0.083421250000  0.356050500000 20666.409   200.065     0.879598250     0.996201134  -54.75891
   0  8 0.9706090000000 0.6000000000000 0.0450000000000 0.6000000000000 0.0200000000000 0.7254125584307 0.3167355252764 23780.684500000  2514.236477961 13463.204000000   300.023400000    70.507102181    99.838460000     -80397  0.557059142110  0.557059142110  0.207492800000  0.067202625000  0.536106300000 20783.618   186.874     0.866417500     0.996112119  -52.48862
   0  9 0.9807647700000 0.6000000000000 0.0450000000000 0.6000000000000 0.0200000000000 0.8217111164487 0.3081365993324 24133.790500000  2635.233357953 14644.638000000   477.740300000    60.989925719    90.876162500    -308255  0.467139600517  0.467139600517  0.134559850000  0.052734937500  0.257352800000 20203.769   208.591     0.819201375     0.997510656  -55.59023
   0  6 0.9663681600000 0.6000000000000 0.0450000000000 0.6000000000000 0.0200000000000 0.7210760642591 0.3633229650419 24478.675000000  2673.754651366 14148.452000000   401.274300000    66.038584574    97.421305000     -22536  0.468333803146  0.468333803146  0.140660450000  0.054922000000  0.570231300000 19304.548   206.764     0.790522500     0.997012128  -54.83560
   0 10 0.9709356900000 0.6000000000000 0.0450000000000 0.6000000000000 0.0200000000000 0.9642804798230 0.3693100372401 21991.759000000  2250.183988992 11655.208000000   468.854300000    60.178032084    86.011237500    -588228  0.538691059717  0.538691059717  0.185948400000  0.125344250000  0.228375600000 17775.231   187.745     0.800475625     0.997698987  -49.80413
   0  6 0.9887988600000 0.6000000000000 0.0450000000000 0.6000000000000 0.0200000000000 0.6010342745797 0.2474723380826 20966.312500000  2545.291371279 12817.538000000   403.122300000    64.107423096    94.370985000    -842465  0.397548285281  0.397548285281  0.152818650000  0.086402875000  0.445683700000 18266.917   201.197     0.877492500     0.997424153  -55.05381
   0  9 0.9775620900000 0.6000000000000 0.0450000000000 0.6000000000000 0.0200000000000 0.8717079726582 0.3372351654887 23502.044500000  2625.084719456 14325.426000000   260.337500000    80.020252984   113.573837500    -110862  0.466115532866  0.466115532866  0.139915150000  0.064154187500  0.433520600000 20806.904   188.390     0.872861000     0.995558764  -55.37755
   0  6 0.9733731500000 0.6000000000000 0.0450000000000 0.6000000000000 0.0200000000000 0.5940967691853 0.2848494478448 23574.229000000  2605.453681582 13619.326000000   359.750200000    69.436929103   102.909937500    -281257  0.512916318895  0.512916318895  0.129169300000  0.139695937500  0.584935200000 19911.932   208.608     0.842497250     0.996782248  -53.35351
   0  8 0.9780629200000 0.6000000000000 0.0450000000000 0.6000000000000 0.0200000000000 0.7334833353381 0.3010298915084 23308.103500000  2537.611613800 13611.932000000   254.178600000    80.176980463   111.871812500    -437512  0.486607969056  0.486607969056  0.135938650000  0.056585812500  0.400544100000 20372.069   183.283     0.866587875     0.995487579  -55.58647
   0  6 0.9812093600000 0.6000000000000 0.0450000000000 0.6000000000000 0.0200000000000 0.6665003603201 0.2984925016567 22058.881000000  2574.595644721 13169.806000000   480.682900000    60.574046078    87.863380000    -824699  0.405368211612  0.405368211612  0.140187100000  0.087931062500  0.208196800000 19425.827   196.537     0.884378625     0.997738055  -55.72720
   0  7 0.9873220300000 0.6000000000000 0.0450000000000 0.6000000000000 0.0200000000000 0.5722027271605 0.2263758496067 23104.091500000  2417.884161695 12763.142000000   221.688300000    96.400817603   125.790132500    -394248  0.475662983123  0.475662983123  0.162221100000  0.055094125000  0.429570000000 21226.153   175.699     0.926609125     0.994843737  -52.43278
   0  7 0.9515600100000 0.6000000000000 0.0450000000000 0.6000000000000 0.0200000000000 0.8122673836373 0.4206893403981 25133.749000000  2438.252663901 12727.886000000   318.898700000    69.357271845    96.669580000     -78331  0.584429235933  0.584429235933  0.149752400000  0.054336125000  0.497774000000 21360.160   184.603     0.845444500     0.996152296  -53.83672
   0  8 0.9899359500000 0.6000000000000 0.0450000000000 0.6000000000000 0.0200000000000 0.7311496520213 0.2629403397343 23338.478500000  2532.880640197 13821.260000000   443.998100000    60.678612866    88.007485000    -966246  0.396427734368  0.396427734368  0.146880850000  0.064713875000  0.244066300000 20477.182   197.270     0.868191625     0.997394541  -56.16617
   0  6 0.9574019000000 0.6000000000000 0.0450000000000 0.6000000000000 0.0200000000000 0.6799777304052 0.3609593107184 23212.726000000  2709.225244581 13887.872000000   420.335000000    63.859796256    93.570770000    -993555  0.563292538135  0.563292538135  0.138486950000  0.059726000000  0.473051500000 21133.095   201.864     0.918652125     0.997301281  -55.80766
   0  8 0.9765279700000 0.6000000000000 0.0450000000000 0.6000000000000 0.0200000000000 0.8030974725460 0.3341859417560 24768.061000000  2253.822822566 11963.422000000   453.139000000    62.444340334    89.104815000      -8174  0.456106537562  0.456106537562  0.128203350000  0.161425750000  0.518805500000 21311.864   195.659     0.853869250     0.997312297  -51.65765
   0  9 0.9878073800000 0.6000000000000 0.0450000000000 0.6000000000000 0.0200000000000 0.8323354142042 0.2880319868300 20245.655500000  2938.485134680 14608.096000000   289.171200000    69.543452151   102.960280000    -695352  0.405705546964  0.405705546964  0.121494250000  0.059186375000  0.226360400000 18815.600   190.591     0.948128250     0.996534946  -52.73458
   0  7 0.9637462700000 0.6000000000000 0.0450000000000 0.6000000000000 0.0200000000000 0.8253763251899 0.4002560300525 25237.226500000  2732.370696572 14873.456000000   263.125200000    85.224234950   121.133955000     -50455  0.481155014371  0.481155014371  0.143366100000  0.079384437500  0.495483700000 20544.444   195.182     0.806126000     0.995305814  -52.92196
   0  6 0.9644205300000 0.6000000000000 0.0450000000000 0.6000000000000 0.0200000000000 0.8031418647732 0.4096786094232 22230.182500000  2750.624071782 13934.376000000   329.764000000    70.597559283   104.522652500    -681140  0.432358038609  0.432358038609  0.107070050000  0.091559875000  0.402264200000 20359.907   203.419     0.929422750     0.996700082  -53.23025
   0  9 0.9770491300000 0.6000000000000 0.0450000000000 0.6000000000000 0.0200000000000 0.9460899037900 0.3677466019902 25692.716500000  2296.348726162 12729.214000000   491.449100000    62.240454903    90.786072500     -46886  0.433366279833  0.433366279833  0.124117250000  0.051804250000  0.274703600000 20828.471   205.915     0.797079500     0.997428662  -55.65072
   0  7 0.9896898600000 0.6000000000000 0.0450000000000 0.6000000000000 0.0200000000000 0.5546664588322 0.2129835953867 22147.279000000  2878.303294325 15101.370000000   429.732400000    62.236497514    93.950825000    -651248  0.470976082303  0.470976082303  0.118971500000  0.094069125000  0.433757500000 18636.861   208.695     0.838012125     0.997445908  -52.92784
   0  9 0.9810923900000 0.6000000000000 0.0450000000000 0.6000000000000 0.0200000000000 0.9707025337381 0.3627872576079 23651.192500000  2351.438341082 12752.642000000   490.600400000    60.823618408    88.551112500    -720016  0.393126716391  0.393126716391  0.128645400000  0.064052000000  0.270590200000 19913.377   200.643     0.829557500     0.997623956  -56.60542
   0  7 0.9630274100000 0.6000000000000 0.0450000000000 0.6000000000000 0.0200000000000 0.9558432873630 0.4655717688779 21979.717000000  2677.064093317 13600.972000000   487.505400000    59.734091760    86.755357500    -592756  0.419989658135  0.419989658135  0.127658600000  0.078354125000  0.205588700000 18892.227   193.347     0.859857125     0.997793830  -55.27400
   0 10 0.9858540000000 0.6000000000000 0.0450000000000 0.6000000000000 0.0200000000000 0.8952635840286 0.2957878121537 23449.462000000  2738.315433794 15180.494000000   486.482200000    59.184128600    88.550787500     -10797  0.441267040197  0.441267040197  0.167419200000  0.054207125000  0.496780400000 19440.472   205.785     0.806001125     0.997617504  -54.17706
   0  6 0.9667362500000 0.6000000000000 0.0450000000000 0.6000000000000 0.0200000000000 0.7932880114907 0.3987533481268 26389.924000000  2440.693205157 12925.136000000   421.188700000    64.895397185    92.825317500     -26984  0.423452321577  0.423452321577  0.141486850000  0.096737937500  0.585065700000 22729.878   200.148     0.854747875     0.996930787  -53.81270
   0  6 0.9767100700000 0.6000000000000 0.0450000000000 0.6000000000000 0.0200000000000 0.6138033693131 0.2864131552182 21506.245000000  2880.390336758 14516.420000000   225.477700000   107.658093365   143.369382500    -982912  0.472003634147  0.472003634147  0.135487950000  0.101124500000  0.252269000000 20024.623   187.347     0.955218625     0.995309502  -51.69937
   0  9 0.9687317700000 0.6000000000000 0.0450000000000 0.6000000000000 0.0200000000000 0.8736620718558 0.3635510356175 25690.502500000  2227.705828927 12042.974000000   460.932700000    64.593129333    94.506087500    -873855  0.541849787330  0.541849787330  0.132607550000  0.090069062500  0.459467000000 22144.465   208.752     0.850782625     0.997267962  -53.35033
   0  7 0.9746046200000 0.6000000000000 0.0450000000000 0.6000000000000 0.0200000000000 0.5770846189818 0.2590624372664 26545.700500000  2738.646196952 15449.796000000   345.581800000    64.661793052    91.264862500    -138501  0.581854431239  0.581854431239  0.186080850000  0.102642687500  0.393384400000 18942.579   186.750     0.724107000     0.996226130  -48.52030
 
  COND2           1      526477  8.229016833463484E+043  9.019903876649823E+041
  1.096109542511832E-002         100
    526477   8828635    378589         0     12251         0         0         0         0         0    561133         2         0   3892913    526477
 PARAMETER FILE GI03B.PAR   
