  Aa Am            MSYL            MSYR           MORTJ           MORTA             K1+           PInit      ISEED   PTarget           CVADD              AR        PREG-MAX           GAMMA              P0   SSTILDA     LIKEL
   0  9 0.9695030200000 0.6000000000000 0.0450000000000 0.6000000000000 0.0450000000000 0.8598954999573 0.8598954999573 23901.550000000  2480.470737132 13442.960000000   222.465900000    20.572190906    44.600485000     -98913  0.543344723185  0.543344723185  0.119023200000  0.071351000000  0.597928700000 19407.817   194.766     0.799363500     0.994732172  -56.71745
   0  7 0.9696415900000 0.6000000000000 0.0450000000000 0.6000000000000 0.0450000000000 0.9548100760425 0.9548100760425 23526.560500000  2527.700465231 13269.302000000   262.066100000    20.039944396    37.638985000    -588623  0.380147405794  0.380147405794  0.171774200000  0.067078937500  0.287789500000 20277.937   212.377     0.858066125     0.995598122  -56.28111
   0  7 0.9896540700000 0.6000000000000 0.0450000000000 0.6000000000000 0.0450000000000 0.6055129840580 0.6055129840580 24819.509500000  2323.555306081 12487.976000000   239.599300000    21.239189871    44.388097500    -430169  0.431696788250  0.431696788250  0.151439450000  0.118413812500  0.453084400000 18895.970   210.119     0.767288375     0.994866536  -53.03214
   0  6 0.9705807800000 0.6000000000000 0.0450000000000 0.6000000000000 0.0450000000000 0.6323180698858 0.6323180698858 23617.267000000  2889.892655156 15205.798000000   238.170000000    20.253098392    40.183280000    -793293  0.502317158953  0.502317158953  0.227905300000  0.063907187500  0.510048600000 20150.607   203.846     0.848991875     0.995136132  -52.65516
   0  6 0.9822616100000 0.6000000000000 0.0450000000000 0.6000000000000 0.0450000000000 0.5801662724067 0.5801662724067 21742.346500000  2659.348789936 13580.050000000   235.816900000    20.798222521    43.102235000    -875874  0.458006754078  0.458006754078  0.119801750000  0.065386750000  0.427018800000 18696.230   206.494     0.862630750     0.995452777  -57.00889
   0  6 0.9668369700000 0.6000000000000 0.0450000000000 0.6000000000000 0.0450000000000 0.8733748181700 0.8733748181700 22590.700000000  2670.825832667 13641.004000000   214.972700000    22.475099246    54.228642500    -332610  0.384064581741  0.384064581741  0.135739650000  0.117461937500  0.442426900000 18302.792   195.806     0.814000250     0.994852151  -53.60105
   0  7 0.9699604400000 0.6000000000000 0.0450000000000 0.6000000000000 0.0450000000000 0.6610802207609 0.6610802207609 25629.145000000  2472.712312644 13369.420000000   252.462900000    20.037296210    34.912787500    -608244  0.546347414934  0.546347414934  0.110364950000  0.102077500000  0.331318000000 20799.057   198.241     0.805652500     0.995021748  -53.19739
   0  6 0.9806373400000 0.6000000000000 0.0450000000000 0.6000000000000 0.0450000000000 0.6254221725911 0.6254221725911 23583.382000000  2255.824126405 11299.024000000   231.750600000    21.566681396    42.044457500    -375882  0.435896057415  0.435896057415  0.148007000000  0.092048250000  0.483338900000 20635.666   199.239     0.878511375     0.994985744  -53.91739
   0  8 0.9743582100000 0.6000000000000 0.0450000000000 0.6000000000000 0.0450000000000 0.6893183611717 0.6893183611717 24113.729500000  2420.909554180 13000.958000000   239.219200000    20.390963268    40.747545000    -759055  0.551050616004  0.551050616004  0.154601550000  0.065246000000  0.227741000000 20100.198   203.710     0.825224750     0.995048172  -57.26986
   0  6 0.9775938000000 0.6000000000000 0.0450000000000 0.6000000000000 0.0450000000000 0.5809006916906 0.5809006916906 23446.303000000  2611.424928482 13698.302000000   210.126300000    22.673113014    54.497385000    -891043  0.492025003529  0.492025003529  0.147468150000  0.068925437500  0.452719800000 20670.852   192.651     0.880646000     0.994510464  -55.34160
   0  8 0.9840684500000 0.6000000000000 0.0450000000000 0.6000000000000 0.0450000000000 0.7465325183965 0.7465325183965 21878.642500000  2689.553400063 14107.632000000   260.228700000    19.002230977    34.966932500    -150275  0.431079827888  0.431079827888  0.215069600000  0.117876375000  0.206985700000 20545.248   208.912     0.962879375     0.995849081  -51.19354
   0  8 0.9897069500000 0.6000000000000 0.0450000000000 0.6000000000000 0.0450000000000 0.7385509562586 0.7385509562586 24864.883000000  2314.872843274 12706.414000000   265.910600000    20.057708593    38.967195000    -140507  0.394088320536  0.394088320536  0.217194400000  0.085145937500  0.333871800000 22692.569   222.310     0.909615000     0.995365846  -50.78779
   0  7 0.9703893200000 0.6000000000000 0.0450000000000 0.6000000000000 0.0450000000000 0.6483221772115 0.6483221772115 28461.283000000  2685.908530273 15455.564000000   231.017300000    20.489137361    39.115590000    -620861  0.553401194175  0.553401194175  0.150349400000  0.103341562500  0.354773400000 23251.155   197.006     0.801748125     0.993957476  -51.65635
   0  7 0.9713050800000 0.6000000000000 0.0450000000000 0.6000000000000 0.0450000000000 0.8446359704140 0.8446359704140 24509.509000000  2513.650934736 13438.620000000   284.718400000    19.718304868    35.426417500    -897669  0.418759318081  0.418759318081  0.164207700000  0.059635750000  0.222787000000 18930.825   218.103     0.775136875     0.995776457  -55.21712
   0 11 0.9860470400000 0.6000000000000 0.0450000000000 0.6000000000000 0.0450000000000 0.8157215892824 0.8157215892824 24788.243500000  2379.674862517 13714.744000000   233.401400000    19.233733782    39.582030000    -623192  0.547889317677  0.547889317677  0.104425550000  0.087568875000  0.267090000000 21480.793   200.094     0.838485000     0.994749955  -56.23086
   0 10 0.9784254100000 0.6000000000000 0.0450000000000 0.6000000000000 0.0450000000000 0.8342438391443 0.8342438391443 32548.178500000  2012.544600973 11558.298000000   310.673100000    19.662651787    35.829872500    -114926  0.543754392028  0.543754392028  0.199500850000  0.061616500000  0.503021700000 21922.989   232.294     0.688949750     0.994843641  -47.03056
   0  7 0.9840645400000 0.6000000000000 0.0450000000000 0.6000000000000 0.0450000000000 0.7783314929740 0.7783314929740 24565.034500000  2419.783490884 13037.604000000   293.063400000    19.785223539    35.814532500     -20083  0.369605078955  0.369605078955  0.123536950000  0.129393000000  0.565545800000 22224.830   227.497     0.903161125     0.995861587  -52.93421
   0  9 0.9641734000000 0.6000000000000 0.0450000000000 0.6000000000000 0.0450000000000 0.8764791015972 0.8764791015972 25347.386500000  2499.986280494 13845.506000000   242.960500000    20.100803777    41.597517500    -869413  0.583228335754  0.583228335754  0.168070100000  0.092818125000  0.516767400000 21323.619   207.444     0.823169000     0.994893417  -55.04301
   0  6 0.9744809000000 0.6000000000000 0.0450000000000 0.6000000000000 0.0450000000000 0.9563296734428 0.9563296734428 20676.643000000  2253.270725753 10657.384000000   218.011500000    22.319787124    48.765100000     -38957  0.313376775301  0.313376775301  0.131725700000  0.061906937500  0.221018500000 16936.173   194.731     0.834559875     0.995340698  -52.18577
   0  6 0.9724856200000 0.6000000000000 0.0450000000000 0.6000000000000 0.0450000000000 0.9521888431785 0.9521888431785 23553.628000000  2662.347512145 13947.814000000   235.637000000    21.180179862    45.033287500    -388714  0.324292991961  0.324292991961  0.128774150000  0.091574750000  0.240185100000 20444.509   208.196     0.865560250     0.995093485  -55.86297
   0  9 0.9740851900000 0.6000000000000 0.0450000000000 0.6000000000000 0.0450000000000 0.8915329592949 0.8915329592949 21252.769000000  2521.047236198 12961.574000000   242.700600000    19.480376013    38.637840000    -288532  0.484336087385  0.484336087385  0.143910400000  0.135278375000  0.218066200000 18508.137   202.549     0.866620625     0.995698786  -54.58643
   0  7 0.9779615200000 0.6000000000000 0.0450000000000 0.6000000000000 0.0450000000000 0.9004854671516 0.9004854671516 24385.498000000  2641.806363533 14349.866000000   242.534500000    20.059950330    38.243777500    -113673  0.353327275060  0.353327275060  0.133815600000  0.101902937500  0.443318000000 20745.584   203.682     0.841997750     0.995052589  -56.27948
   0  6 0.9691957900000 0.6000000000000 0.0450000000000 0.6000000000000 0.0450000000000 0.8901635786466 0.8901635786466 22314.638500000  2579.779829086 13070.518000000   253.451700000    20.408849610    38.562245000    -453089  0.364139020949  0.364139020949  0.161115900000  0.070501375000  0.437646100000 18164.051   207.351     0.818942625     0.995683652  -56.10457
   0 11 0.9801003900000 0.6000000000000 0.0450000000000 0.6000000000000 0.0450000000000 0.9447410570611 0.9447410570611 23595.680500000  2573.324927810 14362.104000000   225.280600000    19.386158547    43.220860000     -30696  0.530240622131  0.530240622131  0.133654000000  0.050658937500  0.408248400000 20160.953   197.379     0.825824250     0.994840535  -57.27316
   0  7 0.9825101200000 0.6000000000000 0.0450000000000 0.6000000000000 0.0450000000000 0.6163656106864 0.6163656106864 26124.797500000  2353.200396022 12804.162000000   251.528600000    20.581030391    38.546092500    -787210  0.479031628243  0.479031628243  0.167249950000  0.089385062500  0.571177800000 19558.868   207.755     0.755029625     0.994876786  -54.42908
   0  6 0.9676753300000 0.6000000000000 0.0450000000000 0.6000000000000 0.0450000000000 0.7990153698691 0.7990153698691 19880.683000000  3157.605231992 14734.332000000   215.961500000    20.337477585    44.217700000    -857438  0.414751641938  0.414751641938  0.178570000000  0.068899750000  0.579514600000 18500.898   191.806     0.963991125     0.995489215  -53.26301
   0  8 0.9740268300000 0.6000000000000 0.0450000000000 0.6000000000000 0.0450000000000 0.7170432663502 0.7170432663502 21324.400000000  2642.662825203 13502.874000000   270.287700000    19.145846721    35.807122500    -509153  0.532673081583  0.532673081583  0.175556300000  0.067140625000  0.372241700000 17788.806   212.959     0.832350750     0.996124872  -54.82487
   0  6 0.9738414700000 0.6000000000000 0.0450000000000 0.6000000000000 0.0450000000000 0.5237224769575 0.5237224769575 25708.444000000  2736.613697254 14976.814000000   196.531300000    23.914773841    61.724280000    -457693  0.577766275998  0.577766275998  0.107976000000  0.091233687500  0.525231500000 21345.660   180.714     0.822275750     0.993575409  -52.41767
   0  9 0.9841044100000 0.6000000000000 0.0450000000000 0.6000000000000 0.0450000000000 0.9280379264502 0.9280379264502 22711.079500000  2826.157143651 15184.232000000   229.213800000    19.442578990    42.204032500    -284076  0.389447182381  0.389447182381  0.157322650000  0.196257437500  0.322478900000 19233.549   201.239     0.831849375     0.995108010  -50.76105
   0  8 0.9748411400000 0.6000000000000 0.0450000000000 0.6000000000000 0.0450000000000 0.8910899860494 0.8910899860494 23904.196000000  2272.854203088 11914.662000000   216.944100000    22.199407696    52.231225000    -389558  0.422856375667  0.422856375667  0.235152500000  0.117313625000  0.418560100000 19412.454   195.623     0.809678625     0.994586043  -49.49092
   0  9 0.9769578000000 0.6000000000000 0.0450000000000 0.6000000000000 0.0450000000000 0.7621082917722 0.7621082917722 23190.046000000  2521.530489188 13625.380000000   223.934800000    20.255424522    43.575532500    -460785  0.538850583084  0.538850583084  0.114267050000  0.062648437500  0.441979400000 20791.751   196.934     0.889510125     0.994906822  -57.28604
   0  6 0.9863328000000 0.6000000000000 0.0450000000000 0.6000000000000 0.0450000000000 0.5213404878441 0.5213404878441 23013.263500000  2478.064228452 12895.582000000   299.725000000    19.841166872    34.827670000    -172172  0.477345966967  0.477345966967  0.131711750000  0.160792312500  0.447670100000 17114.557   221.805     0.760693875     0.996203729  -51.37918
   0  6 0.9620173100000 0.6000000000000 0.0450000000000 0.6000000000000 0.0450000000000 0.7267969462217 0.7267969462217 24644.104000000  2541.864942798 13256.390000000   316.681200000    20.042307626    36.805815000    -284714  0.494287500524  0.494287500524  0.160895650000  0.117217312500  0.587741000000 21424.929   237.269     0.866120375     0.996193089  -52.70358
   0  6 0.9722062500000 0.6000000000000 0.0450000000000 0.6000000000000 0.0450000000000 0.7874114868562 0.7874114868562 21836.563000000  2597.292580266 13091.186000000   227.137400000    20.698643414    39.732732500    -181218  0.393789983476  0.393789983476  0.106212900000  0.133299875000  0.554558200000 18894.970   192.826     0.869287375     0.995281477  -54.22095
   0  8 0.9859068600000 0.6000000000000 0.0450000000000 0.6000000000000 0.0450000000000 0.5371162250418 0.5371162250418 20848.727500000  2526.933623721 12936.732000000   231.078800000    20.916222100    49.477337500     -94954  0.580058249602  0.580058249602  0.139352050000  0.081809000000  0.503665300000 17619.869   208.657     0.844988500     0.995540351  -52.50125
   0  6 0.9587888000000 0.6000000000000 0.0450000000000 0.6000000000000 0.0450000000000 0.7848660922402 0.7848660922402 25417.357000000  2705.159964001 14442.266000000   246.489800000    20.837472368    41.776755000    -296141  0.478779925889  0.478779925889  0.115086400000  0.097957062500  0.217918600000 21725.563   210.781     0.847392375     0.994959381  -55.16418
   0  7 0.9792078800000 0.6000000000000 0.0450000000000 0.6000000000000 0.0450000000000 0.8056001438882 0.8056001438882 25297.571500000  2432.487447586 13184.640000000   239.136100000    20.769724649    40.738640000    -999830  0.387017313998  0.387017313998  0.135111200000  0.085651187500  0.375362900000 21718.979   204.764     0.849689375     0.994791333  -56.48373
   0  7 0.9807958000000 0.6000000000000 0.0450000000000 0.6000000000000 0.0450000000000 0.5599371626216 0.5599371626216 22267.915000000  2612.855878244 13625.934000000   196.594700000    23.387429953    62.228290000    -838562  0.542499030013  0.542499030013  0.108971500000  0.166963375000  0.562095500000 19306.658   181.373     0.865486250     0.994418301  -52.23499
   0  8 0.9696489200000 0.6000000000000 0.0450000000000 0.6000000000000 0.0450000000000 0.8594828398310 0.8594828398310 24999.829000000  2590.627359072 14242.818000000   201.462900000    22.032134310    52.084357500    -621411  0.477590936494  0.477590936494  0.169306850000  0.088226000000  0.491326000000 20851.352   182.116     0.821232375     0.993915379  -54.17130
   0  6 0.9654656100000 0.6000000000000 0.0450000000000 0.6000000000000 0.0450000000000 0.9471383316013 0.9471383316013 29443.529500000  2398.226049638 12982.010000000   178.988500000    27.321845668    71.330305000    -925613  0.361198535274  0.361198535274  0.253912050000  0.198596062500  0.397479100000 23595.007   163.447     0.796159125     0.991945092  -42.45614
   0  9 0.9889778100000 0.6000000000000 0.0450000000000 0.6000000000000 0.0450000000000 0.8907880077196 0.8907880077196 24366.220000000  2297.772638338 12707.180000000   207.433100000    22.065961152    54.255455000    -714174  0.370929386722  0.370929386722  0.140246550000  0.068577187500  0.481266900000 21282.914   189.514     0.859760875     0.994181642  -55.42530
   0  7 0.9815938900000 0.6000000000000 0.0450000000000 0.6000000000000 0.0450000000000 0.6869275902248 0.6869275902248 22954.147000000  2429.986495085 12702.530000000   219.910300000    21.059886259    42.835215000    -155441  0.436416083481  0.436416083481  0.131576300000  0.066757687500  0.410283600000 20037.469   192.819     0.871325875     0.994854046  -57.36522
   0  8 0.9834295700000 0.6000000000000 0.0450000000000 0.6000000000000 0.0450000000000 0.7047427614012 0.7047427614012 22721.744500000  2519.181371135 13432.788000000   193.811000000    25.913495979    81.182257500    -420073  0.461774223256  0.461774223256  0.196004950000  0.065281312500  0.544993200000 16998.000   178.946     0.755647625     0.994214047  -49.22639
   0  6 0.9779237100000 0.6000000000000 0.0450000000000 0.6000000000000 0.0450000000000 0.7672171229393 0.7672171229393 27634.016500000  2471.536433505 13566.446000000   266.539000000    20.576638188    37.174950000    -903110  0.370650818315  0.370650818315  0.158453650000  0.050842875000  0.454117300000 20319.452   213.633     0.744703500     0.994898533  -54.03814
   0  7 0.9784430300000 0.6000000000000 0.0450000000000 0.6000000000000 0.0450000000000 0.5378521197150 0.5378521197150 24320.333500000  2267.757708906 11756.548000000   244.713600000    20.791971060    39.191217500    -378124  0.586944958309  0.586944958309  0.167142350000  0.083164437500  0.539903500000 18422.231   202.255     0.768174125     0.995108576  -54.19589
   0  8 0.9821870600000 0.6000000000000 0.0450000000000 0.6000000000000 0.0450000000000 0.8000778243562 0.8000778243562 22412.284000000  2590.577593931 13728.598000000   285.394400000    18.911641333    33.642460000    -353487  0.415641055632  0.415641055632  0.168479250000  0.119903125000  0.390828500000 20083.669   216.729     0.894731000     0.996127094  -54.18342
   0  8 0.9784617100000 0.6000000000000 0.0450000000000 0.6000000000000 0.0450000000000 0.8102481040145 0.8102481040145 22468.376500000  2618.860021988 13836.112000000   209.707800000    20.766143564    45.250095000    -602660  0.437532357804  0.437532357804  0.163992700000  0.057544312500  0.200127500000 19715.240   186.883     0.872543875     0.994726668  -56.23895
   0  6 0.9758339700000 0.6000000000000 0.0450000000000 0.6000000000000 0.0450000000000 0.8975883716699 0.8975883716699 23646.157000000  2551.368386937 13334.706000000   234.027800000    21.300484129    44.364405000     -55237  0.327114142828  0.327114142828  0.149443000000  0.100731750000  0.200976100000 19057.582   205.280     0.807898000     0.995033223  -55.54892
   0  7 0.9898589100000 0.6000000000000 0.0450000000000 0.6000000000000 0.0450000000000 0.6504538462396 0.6504538462396 24330.863500000  2370.651134534 12749.620000000   228.045700000    20.846935729    40.537205000    -861014  0.400433919533  0.400433919533  0.142933850000  0.187830125000  0.203973600000 21421.027   197.195     0.874175375     0.994711849  -52.50266
   0  9 0.9802940700000 0.6000000000000 0.0450000000000 0.6000000000000 0.0450000000000 0.6518448794882 0.6518448794882 20780.566000000  2700.226460714 13768.800000000   191.675000000    39.123433482   140.438695000    -260064  0.593846658135  0.593846658135  0.121665100000  0.096330625000  0.230153100000 18680.972   178.676     0.900831750     0.994658875  -51.03746
   0  6 0.9634730000000 0.6000000000000 0.0450000000000 0.6000000000000 0.0450000000000 0.7544883130299 0.7544883130299 22500.466000000  2418.249098930 11998.890000000   224.927100000    21.744919855    45.198257500    -426217  0.466470199745  0.466470199745  0.154951150000  0.079959250000  0.257781700000 18914.590   197.038     0.845369625     0.995104486  -55.98794
   0  8 0.9810733300000 0.6000000000000 0.0450000000000 0.6000000000000 0.0450000000000 0.6909195018977 0.6909195018977 21607.630000000  2580.256068656 13391.632000000   240.015300000    19.698315983    38.505402500    -213258  0.490665864010  0.490665864010  0.152802750000  0.101563500000  0.241206900000 18276.610   201.547     0.842558500     0.995562964  -55.66331
   0  7 0.9537546700000 0.6000000000000 0.0450000000000 0.6000000000000 0.0450000000000 0.8784076092550 0.8784076092550 20207.882500000  2689.446974220 12937.188000000   263.303000000    19.865500427    39.046625000    -275332  0.523687739850  0.523687739850  0.157307450000  0.173067687500  0.349001500000 17718.878   213.640     0.887042625     0.996251946  -51.51738
   0  6 0.9591180000000 0.6000000000000 0.0450000000000 0.6000000000000 0.0450000000000 0.7401942877069 0.7401942877069 25275.418000000  2336.548904627 11829.954000000   228.557900000    21.719361291    42.051900000    -673110  0.505368270077  0.505368270077  0.107763400000  0.122897687500  0.531817100000 20634.329   194.295     0.818436625     0.994593880  -52.73801
   0  7 0.9869939400000 0.6000000000000 0.0450000000000 0.6000000000000 0.0450000000000 0.6032945440240 0.6032945440240 22722.662500000  2479.346713749 13065.512000000   208.175800000    22.741829298    57.304670000     -39540  0.453697229228  0.453697229228  0.108434500000  0.137589625000  0.369719000000 20878.370   192.287     0.927642000     0.994600896  -51.66919
   0  9 0.9688080100000 0.6000000000000 0.0450000000000 0.6000000000000 0.0450000000000 0.9624784038845 0.9624784038845 25072.837000000  2452.301852176 13545.808000000   249.182100000    19.803504609    39.043862500    -530105  0.491211553309  0.491211553309  0.111768250000  0.059736125000  0.592339500000 22305.247   208.584     0.877202125     0.995067697  -56.40277
   0  6 0.9664188900000 0.6000000000000 0.0450000000000 0.6000000000000 0.0450000000000 0.7610306819734 0.7610306819734 21045.058000000  2706.885649380 13355.678000000   201.334900000    22.437467386    53.517282500    -615199  0.443422314702  0.443422314702  0.179124000000  0.079043625000  0.317867200000 19248.267   184.012     0.933171500     0.994880196  -53.73702
   0  6 0.9873429000000 0.6000000000000 0.0450000000000 0.6000000000000 0.0450000000000 0.8004257116762 0.8004257116762 24281.939500000  2443.728388197 12951.212000000   190.252000000    24.520930807    62.946020000    -202257  0.305800186034  0.305800186034  0.143957050000  0.110356562500  0.587550400000 20288.099   175.159     0.832205000     0.993685350  -53.93975
   0  7 0.9866254200000 0.6000000000000 0.0450000000000 0.6000000000000 0.0450000000000 0.9116463643336 0.9116463643336 26217.731500000  2252.310233850 12090.080000000   230.125200000    21.227613567    40.859637500    -138506  0.302141493363  0.302141493363  0.189226650000  0.128236125000  0.449208600000 21426.807   197.118     0.811944875     0.994366000  -52.25701
   0  6 0.9504716900000 0.6000000000000 0.0450000000000 0.6000000000000 0.0450000000000 0.8240807917786 0.8240807917786 23314.124500000  2829.398712912 14477.654000000   319.482800000    19.605737186    37.146382500     -44557  0.510401133500  0.510401133500  0.114869750000  0.052610312500  0.292870300000 19953.187   240.244     0.853809750     0.996437909  -53.26066
   0  7 0.9885476600000 0.6000000000000 0.0450000000000 0.6000000000000 0.0450000000000 0.7837038148276 0.7837038148276 21369.638500000  2761.392844373 14232.178000000   197.893000000    21.425692811    49.769285000    -252583  0.340024752893  0.340024752893  0.166714600000  0.067255625000  0.261581200000 18961.548   180.348     0.889605875     0.994652827  -54.63100
   0  7 0.9875965400000 0.6000000000000 0.0450000000000 0.6000000000000 0.0450000000000 0.5146999216494 0.5146999216494 23017.583500000  2304.568804872 11956.134000000   369.223900000    19.171561475    31.458915000    -747240  0.526313180830  0.526313180830  0.144568500000  0.084319750000  0.502310000000 17584.853   228.293     0.774665875     0.996915107  -51.21388
   0  7 0.9532585900000 0.6000000000000 0.0450000000000 0.6000000000000 0.0450000000000 0.8995937597316 0.8995937597316 24091.252000000  2524.475014426 13124.774000000   199.939800000    21.979599240    46.930540000    -416744  0.515016198520  0.515016198520  0.121952150000  0.067710375000  0.234518000000 20694.803   177.458     0.855465625     0.994116082  -54.84780
   0  6 0.9767233300000 0.6000000000000 0.0450000000000 0.6000000000000 0.0450000000000 0.6490077651660 0.6490077651660 25316.242000000  2423.559124833 12796.194000000   203.722400000    22.119453838    44.692102500    -476387  0.446310028307  0.446310028307  0.164575850000  0.053303000000  0.413436600000 22551.353   181.018     0.888123750     0.993888876  -53.00746
   0  6 0.9894314900000 0.6000000000000 0.0450000000000 0.6000000000000 0.0450000000000 0.4347866642590 0.4347866642590 22986.574000000  2592.925168770 13683.074000000   207.768100000    21.680608079    46.599690000    -507916  0.543784698560  0.543784698560  0.131118800000  0.054328625000  0.233094200000 19471.893   187.157     0.845100750     0.994518142  -57.48378
   0  6 0.9748646500000 0.6000000000000 0.0450000000000 0.6000000000000 0.0450000000000 0.6683983142285 0.6683983142285 24044.555500000  2551.775516463 13411.702000000   255.674200000    20.513594452    38.740897500    -332885  0.445782646851  0.445782646851  0.157069200000  0.074791750000  0.269012900000 20132.289   211.179     0.834616750     0.995379139  -56.81256
   0  9 0.9830042500000 0.6000000000000 0.0450000000000 0.6000000000000 0.0450000000000 0.8420978709270 0.8420978709270 22391.210500000  2683.768693476 14358.240000000   277.230700000    18.460793059    33.727480000    -522164  0.437837657319  0.437837657319  0.157446200000  0.064932562500  0.596688000000 19263.562   215.261     0.847796125     0.996014907  -55.88169
   0  7 0.9844267100000 0.6000000000000 0.0450000000000 0.6000000000000 0.0450000000000 0.4984094992659 0.4984094992659 24985.060000000  2315.608363243 12352.930000000   233.649500000    21.019467481    41.049697500    -168590  0.573676747596  0.573676747596  0.132151700000  0.074902062500  0.463113900000 18576.770   199.502     0.754188875     0.994719318  -55.03832
   0  7 0.9830374400000 0.6000000000000 0.0450000000000 0.6000000000000 0.0450000000000 0.6889109642909 0.6889109642909 21846.242500000  2841.970401241 14695.754000000   194.493600000    21.510643342    50.408885000    -594851  0.424833272843  0.424833272843  0.144360000000  0.062820875000  0.526528000000 20645.277   177.879     0.977603750     0.994457801  -52.97902
   0  6 0.9756669300000 0.6000000000000 0.0450000000000 0.6000000000000 0.0450000000000 0.5633840036186 0.5633840036186 24602.335000000  2631.639318649 14075.764000000   195.968400000    25.615317849    73.385442500    -596650  0.522485914414  0.522485914414  0.157197350000  0.074761437500  0.543872400000 21958.970   181.941     0.889665125     0.993829237  -52.50109
   0  8 0.9657731600000 0.6000000000000 0.0450000000000 0.6000000000000 0.0450000000000 0.9535040356966 0.9535040356966 24166.096000000  2459.428697559 13123.110000000   218.329500000    21.412688244    47.621555000    -415810  0.458305859844  0.458305859844  0.157578250000  0.054417937500  0.396585800000 20804.375   194.275     0.852745375     0.994579615  -56.79101
   0 11 0.9836793900000 0.6000000000000 0.0450000000000 0.6000000000000 0.0450000000000 0.9156183119857 0.9156183119857 21202.346500000  2593.800291388 13650.294000000   234.315800000    19.191951771    44.361447500    -372818  0.510931147317  0.510931147317  0.113615250000  0.082561562500  0.241453200000 18401.922   206.214     0.850240875     0.995533586  -54.37790
   0  7 0.9621318500000 0.6000000000000 0.0450000000000 0.6000000000000 0.0450000000000 0.9533033245305 0.9533033245305 26693.917000000  2793.453341189 15596.290000000   389.147300000    18.297307167    28.776982500    -496659  0.426788742287  0.426788742287  0.158513900000  0.198055875000  0.592673200000 22767.374   229.091     0.838470375     0.996644224  -48.53702
   0 11 0.9891237200000 0.6000000000000 0.0450000000000 0.6000000000000 0.0450000000000 0.8676812270417 0.8676812270417 23469.415000000  2561.350424944 14452.114000000   177.057200000    27.815185998    92.547995000    -811417  0.485127005047  0.485127005047  0.186779350000  0.064742437500  0.475234200000 21624.184   163.837     0.911661250     0.993433643  -49.19026
   0  6 0.9603013200000 0.6000000000000 0.0450000000000 0.6000000000000 0.0450000000000 0.9384894809895 0.9384894809895 23841.272500000  2328.937943000 11567.802000000   264.726700000    21.199385484    41.482630000    -713351  0.392092144515  0.392092144515  0.263979250000  0.093764125000  0.334919800000 22027.801   219.889     0.942708375     0.995596157  -47.61248
   0  7 0.9834483200000 0.6000000000000 0.0450000000000 0.6000000000000 0.0450000000000 0.8407827216453 0.8407827216453 22560.325000000  2988.201748780 15643.198000000   250.717100000    19.317714745    38.452330000    -939532  0.345709876107  0.345709876107  0.123307500000  0.068901000000  0.256972000000 19615.790   212.136     0.864803500     0.995559029  -55.09377
   0  8 0.9881357700000 0.6000000000000 0.0450000000000 0.6000000000000 0.0450000000000 0.6504684872666 0.6504684872666 23597.989000000  2686.806029220 14758.978000000   228.110100000    19.591211731    37.660727500    -506998  0.460314339814  0.460314339814  0.148743750000  0.094232875000  0.498115300000 20138.452   194.232     0.841300250     0.994878909  -55.38268
   0  6 0.9896842000000 0.6000000000000 0.0450000000000 0.6000000000000 0.0450000000000 0.7731545715134 0.7731545715134 22556.504500000  2421.956417863 12476.854000000   229.279800000    21.103870993    41.479152500    -465751  0.304507945743  0.304507945743  0.104229250000  0.088693937500  0.313794800000 18812.960   198.566     0.835971625     0.995124508  -56.30151
   0  6 0.9868545300000 0.6000000000000 0.0450000000000 0.6000000000000 0.0450000000000 0.6092911663731 0.6092911663731 23148.925000000  2548.583344669 13397.766000000   268.001800000    20.105958363    36.768862500    -804565  0.404967196430  0.404967196430  0.182005300000  0.089499625000  0.362492200000 19328.621   214.982     0.833974750     0.995727862  -55.01998
   0  6 0.9654099000000 0.6000000000000 0.0450000000000 0.6000000000000 0.0450000000000 0.9095356653212 0.9095356653212 20276.017000000  2848.030252046 13725.242000000   211.694700000    20.885719178    44.026957500     -96550  0.376431381927  0.376431381927  0.134355750000  0.076205062500  0.206117000000 18333.020   187.058     0.921355250     0.995310125  -54.54154
   0  7 0.9744433100000 0.6000000000000 0.0450000000000 0.6000000000000 0.0450000000000 0.5717367377037 0.5717367377037 20373.865000000  3390.168148983 15798.644000000   496.650700000    17.205690244    29.916367500    -274561  0.588804477431  0.588804477431  0.153422850000  0.055897562500  0.376768600000 17718.223   255.529     0.874005375     0.997984719  -46.97343
   0  9 0.9698919600000 0.6000000000000 0.0450000000000 0.6000000000000 0.0450000000000 0.8748533894171 0.8748533894171 25647.248500000  2363.971645811 13081.612000000   282.975700000    19.447898797    36.546985000    -297130  0.530522970559  0.530522970559  0.161135100000  0.062802875000  0.429129400000 23620.524   224.631     0.921146250     0.995555518  -52.93674
   0  7 0.9872559300000 0.6000000000000 0.0450000000000 0.6000000000000 0.0450000000000 0.6798951346094 0.6798951346094 23125.448500000  2619.808769068 14041.226000000   238.385500000    20.223941052    40.359917500    -708499  0.400775001055  0.400775001055  0.146754050000  0.084664125000  0.247476000000 19796.465   205.528     0.850237625     0.995200679  -56.90842
   0  6 0.9879514600000 0.6000000000000 0.0450000000000 0.6000000000000 0.0450000000000 0.4088426955662 0.4088426955662 24599.567500000  2845.121700632 15597.712000000   212.167300000    20.360340100    38.343617500      -6155  0.592707763087  0.592707763087  0.187133150000  0.190513437500  0.330971900000 23363.291   185.003     0.973915125     0.994261142  -46.58037
   0  8 0.9599004300000 0.6000000000000 0.0450000000000 0.6000000000000 0.0450000000000 0.8038037330467 0.8038037330467 25368.014500000  2592.913848674 14182.350000000   256.473500000    19.840678658    38.206857500    -635575  0.596595959147  0.596595959147  0.150103250000  0.064859312500  0.589910900000 21560.906   210.930     0.836865375     0.995163805  -56.62840
   0  9 0.9865623700000 0.6000000000000 0.0450000000000 0.6000000000000 0.0450000000000 0.9610027636020 0.9610027636020 22962.044500000  2453.636582373 13336.102000000   228.484700000    20.194198379    43.492462500    -404727  0.359556325300  0.359556325300  0.111362650000  0.070801125000  0.364349200000 19777.715   201.211     0.848877375     0.995030403  -57.23254
   0  6 0.9844618300000 0.6000000000000 0.0450000000000 0.6000000000000 0.0450000000000 0.5333834623238 0.5333834623238 24084.205000000  2481.618966467 13121.768000000   231.385900000    21.227979510    42.579635000    -795965  0.480952921847  0.480952921847  0.184288500000  0.119741250000  0.362636500000 21663.526   202.671     0.899770125     0.994859808  -53.49676
   0  7 0.9770106900000 0.6000000000000 0.0450000000000 0.6000000000000 0.0450000000000 0.6566886096283 0.6566886096283 22675.169500000  2733.643722672 14349.472000000   357.193600000    18.731041126    33.262145000    -170062  0.492003116534  0.492003116534  0.143124350000  0.051955125000  0.350591300000 20109.502   245.022     0.885728500     0.996877757  -53.26448
   0  9 0.9730362500000 0.6000000000000 0.0450000000000 0.6000000000000 0.0450000000000 0.8005773020883 0.8005773020883 23241.791500000  2831.912874143 15212.840000000   321.653900000    17.880434465    31.150685000     -95525  0.549256244923  0.549256244923  0.191645350000  0.089973937500  0.209330000000 19536.970   226.786     0.824065125     0.996452384  -52.19672
   0  7 0.9551965700000 0.6000000000000 0.0450000000000 0.6000000000000 0.0450000000000 0.9176036916843 0.9176036916843 24364.343500000  2768.139850735 14701.310000000   207.976600000    22.543946714    56.232137500    -225745  0.490987567490  0.490987567490  0.173348350000  0.052655812500  0.420820200000 20779.710   189.652     0.845195500     0.994277485  -53.89286
   0 11 0.9807225900000 0.6000000000000 0.0450000000000 0.6000000000000 0.0450000000000 0.8939660391783 0.8939660391783 24682.957000000  2168.111877906 12090.484000000   238.945300000    19.488308599    38.334452500    -519276  0.553762922008  0.553762922008  0.195259300000  0.102242500000  0.389205400000 20872.885   198.787     0.824135875     0.994909739  -53.43358
   0 10 0.9838414900000 0.6000000000000 0.0450000000000 0.6000000000000 0.0450000000000 0.8802941351169 0.8802941351169 19375.297000000  3037.670184722 14415.348000000   220.051500000    18.827087698    42.982212500    -614075  0.466092269638  0.466092269638  0.130126700000  0.056976812500  0.434359900000 18003.053   194.546     0.951066375     0.995653465  -53.43381
   0  6 0.9893513000000 0.6000000000000 0.0450000000000 0.6000000000000 0.0450000000000 0.6304828137162 0.6304828137162 22852.816000000  2405.609325944 12423.936000000   263.045700000    20.292420259    36.108040000    -374231  0.375502214160  0.375502214160  0.125540300000  0.060680250000  0.533153800000 19046.368   208.082     0.834735250     0.995695570  -56.09328
   0  6 0.9822381400000 0.6000000000000 0.0450000000000 0.6000000000000 0.0450000000000 0.5411359773485 0.5411359773485 22436.638000000  2546.528046433 13118.884000000   218.431200000    21.363990224    44.303565000    -655821  0.491224120253  0.491224120253  0.136895000000  0.071022562500  0.247474500000 18450.234   193.180     0.825407250     0.994934153  -57.15616
   0  7 0.9828132600000 0.6000000000000 0.0450000000000 0.6000000000000 0.0450000000000 0.5429955380867 0.5429955380867 26280.547000000  2545.878067983 14267.694000000   359.745800000    18.809281672    30.251312500    -723468  0.541017518268  0.541017518268  0.136115400000  0.184251500000  0.326161100000 21684.828   229.762     0.813707375     0.996395939  -51.22815
   0  8 0.9814789500000 0.6000000000000 0.0450000000000 0.6000000000000 0.0450000000000 0.7521291777539 0.7521291777539 22867.085500000  2556.913610914 13662.454000000   304.543900000    18.723746934    31.873290000    -265526  0.447590715464  0.447590715464  0.147851750000  0.084493625000  0.365827400000 21142.758   218.346     0.933890875     0.996298453  -53.52962
   0  7 0.9740507200000 0.6000000000000 0.0450000000000 0.6000000000000 0.0450000000000 0.9656540980820 0.9656540980820 22907.437000000  2454.187801577 12719.172000000   200.186200000    22.953219237    56.118192500    -235288  0.350793170165  0.350793170165  0.211714850000  0.082677625000  0.465159500000 17185.052   182.036     0.762847750     0.994379404  -51.05397
   0  9 0.9733274500000 0.6000000000000 0.0450000000000 0.6000000000000 0.0450000000000 0.8619339689093 0.8619339689093 21564.295000000  3032.235089493 15338.282000000   210.375400000    20.346500823    50.944225000    -138867  0.507593721098  0.507593721098  0.217917250000  0.084298812500  0.261794100000 19808.493   190.980     0.924702375     0.994966753  -51.07160
   0  8 0.9880400500000 0.6000000000000 0.0450000000000 0.6000000000000 0.0450000000000 0.8232846696260 0.8232846696260 22279.133500000  2365.811216519 12439.544000000   269.100700000    19.923885978    39.889090000    -714338  0.364314679449  0.364314679449  0.143158750000  0.207787937500  0.476539800000 18953.798   224.830     0.846648500     0.995901862  -51.12478
   0  6 0.9790474100000 0.6000000000000 0.0450000000000 0.6000000000000 0.0450000000000 0.4768120549304 0.4768120549304 26281.816000000  2313.474500116 12129.918000000   203.835500000    27.990149329    85.610480000    -627380  0.586120632041  0.586120632041  0.157539900000  0.115516062500  0.383130400000 23073.411   189.892     0.873400625     0.993652063  -48.20695
 
  COND2           1     1541401  2.185523908943980E+044  2.171048511970985E+042
  9.933766924654742E-003         100
   1541401  32277334   1380217         0     44730         0         0         0         0         0   1062592         0         0  15593726   1541401
 PARAMETER FILE GI03A.PAR   
