  Aa Am            MSYL            MSYR           MORTJ           MORTA             K1+           PInit      ISEED   PTarget           CVADD              AR        PREG-MAX           GAMMA              P0   SSTILDA     LIKEL
   0  9 0.9867087600000 0.6000000000000 0.0450000000000 0.6000000000000 0.0450000000000 0.6664115072460 0.6664115072460 26003.054500000  2548.623254597 14703.840000000   218.414700000     9.112512576    20.205270000    -294193  0.517104931233  0.517104931233  0.216046800000  0.071619875000  0.408695100000 21870.768   190.977     0.819805125     0.976448833  -50.98624
   0  8 0.9723402200000 0.6000000000000 0.0450000000000 0.6000000000000 0.0450000000000 0.6719183139023 0.6719183139023 19870.747000000  3169.963728628 14839.522000000   190.955200000     8.667054413    40.464957500    -647706  0.584546807596  0.584546807596  0.149838300000  0.099559187500  0.318951900000 18633.663   174.341     0.976258000     0.979569629  -49.74704
   0  8 0.9873444000000 0.6000000000000 0.0450000000000 0.6000000000000 0.0450000000000 0.8606248094027 0.8606248094027 23091.860500000  2348.453216209 12441.046000000   205.323900000    14.348729980    35.916095000    -762692  0.352875118881  0.352875118881  0.116855600000  0.093023250000  0.211029300000 16520.945   178.074     0.733696500     0.977742573  -48.61955
   0  6 0.9533651000000 0.6000000000000 0.0450000000000 0.6000000000000 0.0450000000000 0.7718231431630 0.7718231431630 23295.562000000  2529.952575193 12686.686000000   199.029300000    22.455199803    69.273575000    -972986  0.524262899204  0.524262899204  0.118186050000  0.185202437500  0.454573600000 20497.543   180.160     0.884385375     0.977137171  -50.65885
   0  8 0.9798984300000 0.6000000000000 0.0450000000000 0.6000000000000 0.0450000000000 0.7259246833176 0.7259246833176 21346.081000000  2398.022990490 12180.614000000   232.520600000    10.848638094    21.657110000    -326931  0.476528911494  0.476528911494  0.145680600000  0.100679687500  0.424056400000 18519.771   200.421     0.870374625     0.981913016  -55.26448
   0  7 0.9832732900000 0.6000000000000 0.0450000000000 0.6000000000000 0.0450000000000 0.8427815776859 0.8427815776859 23798.126500000  2416.325827580 12761.580000000   184.310800000    30.997772417    90.319665000    -155982  0.345902345372  0.345902345372  0.136927950000  0.110046750000  0.542422400000 19578.807   164.255     0.821000500     0.974512737  -51.01212
   0  8 0.9750953400000 0.6000000000000 0.0450000000000 0.6000000000000 0.0450000000000 0.7337929711697 0.7337929711697 22687.414000000  2578.775921080 13553.136000000   210.492400000    10.718391270    27.356862500    -184425  0.511324859797  0.511324859797  0.129063900000  0.071633875000  0.527604700000 19299.244   185.488     0.845490500     0.978814152  -55.73909
   0  6 0.9737806600000 0.6000000000000 0.0450000000000 0.6000000000000 0.0450000000000 0.5996229404519 0.5996229404519 25882.648000000  2521.655401751 13485.858000000   195.833200000    21.240787186    60.264802500    -810566  0.505093453070  0.505093453070  0.150515400000  0.090959687500  0.430291800000 21194.300   173.957     0.815241125     0.974035939  -51.60031
   0  6 0.9853559900000 0.6000000000000 0.0450000000000 0.6000000000000 0.0450000000000 0.6477720764269 0.6477720764269 21273.059500000  2440.118146193 12142.502000000   252.492900000    11.056519459    22.021565000     -67571  0.390337262315  0.390337262315  0.173251000000  0.079720687500  0.323024300000 20016.348   220.646     0.978487625     0.983347928  -50.56480
   0 11 0.9769194500000 0.6000000000000 0.0450000000000 0.6000000000000 0.0450000000000 0.9607623860003 0.9607623860003 25033.093000000  2209.323989344 12322.840000000   227.610300000    13.331288786    33.045922500    -595908  0.553725105521  0.553725105521  0.133095850000  0.066006625000  0.435013600000 20956.199   199.492     0.815272875     0.978363674  -52.84122
   0  7 0.9745205200000 0.6000000000000 0.0450000000000 0.6000000000000 0.0450000000000 0.8084670093836 0.8084670093836 22644.646000000  2402.508703584 12255.892000000   225.388000000    12.641995944    28.490430000    -378519  0.415883912009  0.415883912009  0.106927300000  0.079343937500  0.420937100000 19990.298   199.075     0.886977375     0.980256576  -54.39498
   0  7 0.9716947900000 0.6000000000000 0.0450000000000 0.6000000000000 0.0450000000000 0.9281547687041 0.9281547687041 22368.881500000  2388.596833127 12054.322000000   202.468900000    17.347108037    48.807155000    -362914  0.378762918290  0.378762918290  0.187663400000  0.165382875000  0.440601900000 21008.839   185.133     0.972837125     0.978314517  -48.10895
   0  7 0.9577319200000 0.6000000000000 0.0450000000000 0.6000000000000 0.0450000000000 0.7428374396650 0.7428374396650 24516.637000000  2521.253107155 13194.556000000   215.765600000    12.032401825    27.463982500    -954693  0.584518904955  0.584518904955  0.133665800000  0.128540187500  0.268892100000 20308.341   187.799     0.825306000     0.977787637  -54.83747
   0  7 0.9862620200000 0.6000000000000 0.0450000000000 0.6000000000000 0.0450000000000 0.9185009303773 0.9185009303773 21781.942000000  2681.477910353 13872.782000000   209.111500000     9.471939296    23.691025000    -832829  0.301754481371  0.301754481371  0.142762750000  0.097713000000  0.468604800000 19960.453   186.798     0.928563375     0.979400322  -54.92662
   0  6 0.9627544700000 0.6000000000000 0.0450000000000 0.6000000000000 0.0450000000000 0.9403046591755 0.9403046591755 22982.213500000  2514.750415035 12659.182000000   222.067400000    11.182416127    21.933262500    -647540  0.378109352446  0.378109352446  0.137123500000  0.116399562500  0.229355100000 18406.574   188.817     0.808035125     0.979745016  -55.09313
   0  7 0.9834825700000 0.6000000000000 0.0450000000000 0.6000000000000 0.0450000000000 0.5248326953440 0.5248326953440 20853.385000000  2748.376974664 13822.586000000   205.852800000     9.674400143    27.691450000    -235811  0.553509930961  0.553509930961  0.130751750000  0.091544437500  0.514029000000 19099.113   185.064     0.932770625     0.980001144  -54.18717
   0  8 0.9650678000000 0.6000000000000 0.0450000000000 0.6000000000000 0.0450000000000 0.9490649534988 0.9490649534988 21197.108500000  3078.017811231 15109.536000000   176.225400000    12.784356055    53.749332500    -886409  0.465672392275  0.465672392275  0.247076050000  0.266748875000  0.299076800000 19891.528   160.545     0.970261625     0.976443391  -41.11638
   0  8 0.9861096600000 0.6000000000000 0.0450000000000 0.6000000000000 0.0450000000000 0.8604114428241 0.8604114428241 24258.328000000  2307.631661496 12382.612000000   233.168000000    11.643293369    21.148290000    -309854  0.360805194842  0.360805194842  0.175701400000  0.082295625000  0.433782000000 20279.143   200.177     0.829261875     0.979427343  -54.84206
   0  9 0.9638827500000 0.6000000000000 0.0450000000000 0.6000000000000 0.0450000000000 0.8579109342766 0.8579109342766 22287.557500000  2415.506050086 12445.994000000   208.369000000    14.024268023    39.536562500    -728767  0.598750606670  0.598750606670  0.210596900000  0.074422187500  0.239786100000 19124.574   185.278     0.853323000     0.979059505  -51.10731
   0  6 0.9890898300000 0.6000000000000 0.0450000000000 0.6000000000000 0.0450000000000 0.4495674221784 0.4495674221784 22281.631000000  2415.002021451 12286.462000000   209.782800000    12.783198217    26.572280000    -169712  0.528917402000  0.528917402000  0.140295650000  0.069485875000  0.298297500000 19648.864   185.153     0.886730250     0.978954350  -55.27930
   0  7 0.9744884900000 0.6000000000000 0.0450000000000 0.6000000000000 0.0450000000000 0.5931034390219 0.5931034390219 21425.069500000  2822.400181025 14237.104000000   219.109800000     9.547859209    30.986072500    -688991  0.567185383838  0.567185383838  0.117446750000  0.058559312500  0.514250100000 19614.175   198.136     0.930641375     0.980784923  -52.64023
   0  8 0.9839280200000 0.6000000000000 0.0450000000000 0.6000000000000 0.0450000000000 0.9527694900618 0.9527694900618 21963.814000000  2812.648434224 14664.066000000   210.813700000     7.869612644    22.843880000    -367750  0.338600046470  0.338600046470  0.115866150000  0.152079750000  0.555861900000 19593.069   187.569     0.891346125     0.979426373  -53.29444
   0  8 0.9842416700000 0.6000000000000 0.0450000000000 0.6000000000000 0.0450000000000 0.9161496590762 0.9161496590762 22709.230000000  2338.190406861 12221.652000000   206.366300000    13.325379281    30.074870000    -353986  0.350203876234  0.350203876234  0.133019700000  0.056530062500  0.283710100000 21430.285   185.994     0.975288250     0.978265549  -51.67618
   0  6 0.9710625900000 0.6000000000000 0.0450000000000 0.6000000000000 0.0450000000000 0.6816992032081 0.6816992032081 22524.685000000  2574.005046115 13051.264000000   229.904600000    10.380243309    21.731242500    -256446  0.462630849304  0.462630849304  0.157837550000  0.081566687500  0.430723100000 20233.991   200.751     0.906794750     0.980774006  -55.83642
   0  6 0.9633153600000 0.6000000000000 0.0450000000000 0.6000000000000 0.0450000000000 0.8623987317772 0.8623987317772 21020.110000000  2634.151653376 12857.552000000   208.728900000    13.864708716    41.698852500    -838916  0.409013060272  0.409013060272  0.102109550000  0.063210750000  0.225477500000 19175.972   189.455     0.932633000     0.980287471  -51.82304
   0  7 0.9817370900000 0.6000000000000 0.0450000000000 0.6000000000000 0.0450000000000 0.9780117975616 0.9780117975616 23802.932500000  2688.488659157 14463.248000000   211.026100000    10.297953660    28.085837500    -291527  0.305799757447  0.305799757447  0.152766400000  0.060544187500  0.567323800000 21087.832   188.719     0.881852625     0.977754634  -54.57065
   0  7 0.9620136800000 0.6000000000000 0.0450000000000 0.6000000000000 0.0450000000000 0.8624148402275 0.8624148402275 21851.183500000  2318.670159705 11323.990000000   220.111000000    13.092059283    25.768912500    -863285  0.472600133918  0.472600133918  0.127660500000  0.051128562500  0.512569800000 19050.979   189.832     0.881505500     0.980574386  -53.60021
   0 10 0.9806013600000 0.6000000000000 0.0450000000000 0.6000000000000 0.0450000000000 0.9651797244047 0.9651797244047 24234.595000000  2496.097836531 13935.694000000   214.929100000    11.314350167    32.604150000    -260582  0.451527456193  0.451527456193  0.145714150000  0.090428875000  0.517396900000 21284.819   191.987     0.859378625     0.977776456  -53.88945
   0 10 0.9832714300000 0.6000000000000 0.0450000000000 0.6000000000000 0.0450000000000 0.9319819728372 0.9319819728372 24170.470000000  2616.352965033 14671.318000000   219.857800000     8.365297671    21.609270000    -265338  0.444964702653  0.444964702653  0.104279800000  0.100649937500  0.450314700000 21991.609   195.825     0.898345125     0.978299289  -53.23770
   0  8 0.9827130300000 0.6000000000000 0.0450000000000 0.6000000000000 0.0450000000000 0.7761998145194 0.7761998145194 24918.424000000  2389.675563029 13047.780000000   213.936100000    17.034513082    50.634305000    -948253  0.424531565802  0.424531565802  0.136394050000  0.137908125000  0.592860800000 22082.358   193.914     0.878528250     0.977016053  -50.85823
   0  6 0.9790410400000 0.6000000000000 0.0450000000000 0.6000000000000 0.0450000000000 0.8334318109159 0.8334318109159 22405.493500000  2704.649766541 13909.038000000   197.337900000    13.448494216    40.954667500    -821279  0.335356804756  0.335356804756  0.186573000000  0.120758500000  0.269847500000 17879.146   174.913     0.804845875     0.977640626  -50.57280
   0  8 0.9890036500000 0.6000000000000 0.0450000000000 0.6000000000000 0.0450000000000 0.8709869430130 0.8709869430130 25181.336500000  2247.863465087 12163.182000000   219.678900000    12.446897395    20.819455000    -778045  0.338443293710  0.338443293710  0.158190050000  0.100945437500  0.481794000000 21062.666   187.972     0.828292000     0.977288343  -54.11690
   0  6 0.9852552900000 0.6000000000000 0.0450000000000 0.6000000000000 0.0450000000000 0.6198288070333 0.6198288070333 25358.753500000  2457.857268354 13144.124000000   214.482800000    13.329272260    29.522175000    -354134  0.408601326764  0.408601326764  0.212756400000  0.057361312500  0.313409900000 22065.290   190.279     0.864627250     0.976633421  -51.76530
   0  6 0.9778285400000 0.6000000000000 0.0450000000000 0.6000000000000 0.0450000000000 0.4843657038719 0.4843657038719 21812.236000000  2483.068544947 12420.730000000   237.523400000    10.891811606    21.417585000    -941458  0.587958503107  0.587958503107  0.131968600000  0.102993562500  0.480050200000 20199.461   207.223     0.949888000     0.981926375  -54.04033
   0  8 0.9836468100000 0.6000000000000 0.0450000000000 0.6000000000000 0.0450000000000 0.9327748084664 0.9327748084664 22024.699000000  2395.870116873 12417.062000000   183.798400000    19.711016436    59.007150000    -730756  0.347564165092  0.347564165092  0.122340450000  0.144820250000  0.298105000000 19644.584   165.943     0.895151000     0.976340999  -50.73781
   0  6 0.9868678300000 0.6000000000000 0.0450000000000 0.6000000000000 0.0450000000000 0.7257704804456 0.7257704804456 24065.588500000  2338.936492788 12057.656000000   220.631800000    15.090551056    34.773070000    -972457  0.339899600588  0.339899600588  0.119773050000  0.062968312500  0.491677900000 20287.039   195.754     0.843052250     0.978420350  -53.81385
   0  8 0.9543614200000 0.6000000000000 0.0450000000000 0.6000000000000 0.0450000000000 0.9168626020868 0.9168626020868 22185.619000000  2736.162790314 13911.648000000   217.543300000     9.830180938    29.122782500    -541569  0.569828367051  0.569828367051  0.146937250000  0.170484875000  0.292252100000 18573.310   191.455     0.834103625     0.980076297  -52.52270
   0  7 0.9712079200000 0.6000000000000 0.0450000000000 0.6000000000000 0.0450000000000 0.9708116079168 0.9708116079168 20610.641500000  2721.667202484 13412.992000000   225.279900000     8.922554565    22.432365000    -184848  0.364886658626  0.364886658626  0.119765400000  0.091205500000  0.491897400000 18742.563   198.433     0.926833750     0.982045604  -54.66263
   0  9 0.9804963900000 0.6000000000000 0.0450000000000 0.6000000000000 0.0450000000000 0.9121824826146 0.9121824826146 19884.139000000  2511.294451965 12476.144000000   200.982100000    21.231749386    82.626167500    -290234  0.422831941029  0.422831941029  0.142866850000  0.097646062500  0.313111100000 17788.151   184.173     0.903676500     0.980501665  -49.91794
   0  8 0.9583250000000 0.6000000000000 0.0450000000000 0.6000000000000 0.0450000000000 0.8332707153364 0.8332707153364 22145.794000000  2481.151990566 12565.402000000   230.402500000    12.512351532    34.198795000    -217937  0.589806052047  0.589806052047  0.136927900000  0.105914000000  0.485444100000 19650.164   205.540     0.892328000     0.981207977  -52.07226
   0 11 0.9823608200000 0.6000000000000 0.0450000000000 0.6000000000000 0.0450000000000 0.9791164271899 0.9791164271899 22974.734500000  2276.746312786 12396.450000000   211.371800000    11.767573551    26.839430000    -685994  0.490034825614  0.490034825614  0.151929700000  0.061592250000  0.281612000000 20870.280   186.942     0.904093625     0.978556139  -54.52193
   0  6 0.9809830200000 0.6000000000000 0.0450000000000 0.6000000000000 0.0450000000000 0.7997707626459 0.7997707626459 24971.344000000  2560.089129947 13708.612000000   201.353800000    11.519028354    23.938935000    -385344  0.339025197546  0.339025197546  0.140806200000  0.269234937500  0.571767900000 20198.763   174.343     0.807679125     0.975551893  -49.66720
   0 11 0.9776525300000 0.6000000000000 0.0450000000000 0.6000000000000 0.0450000000000 0.9049757463660 0.9049757463660 24088.282000000  2443.604667938 13660.458000000   186.403800000    34.834637578   105.851837500    -317062  0.579795653947  0.579795653947  0.159886450000  0.072835250000  0.427203500000 22355.541   170.221     0.928743000     0.974568899  -49.85644
   0  6 0.9893417700000 0.6000000000000 0.0450000000000 0.6000000000000 0.0450000000000 0.6191053763311 0.6191053763311 24791.375500000  2428.587931701 12904.724000000   196.126400000    42.912524033   119.515162500    -780712  0.382463841907  0.382463841907  0.158058650000  0.096844687500  0.563798200000 21221.496   177.071     0.851466625     0.974948788  -51.09847
   0  8 0.9867031000000 0.6000000000000 0.0450000000000 0.6000000000000 0.0450000000000 0.5943701896047 0.5943701896047 24244.531000000  2479.957619191 13591.164000000   194.076200000    36.914428332   112.726205000    -389498  0.516825106462  0.516825106462  0.132123050000  0.142852250000  0.231530600000 19181.698   173.087     0.786877000     0.975287892  -50.37618
   0  6 0.9801059500000 0.6000000000000 0.0450000000000 0.6000000000000 0.0450000000000 0.8003332195140 0.8003332195140 22686.671500000  2290.723714359 11333.058000000   257.989000000    12.144819898    20.315932500     -53786  0.343479207966  0.343479207966  0.138777700000  0.096710937500  0.532153800000 19381.364   214.874     0.860562250     0.982672862  -54.02315
   0  6 0.9629975700000 0.6000000000000 0.0450000000000 0.6000000000000 0.0450000000000 0.7702767605407 0.7702767605407 22602.310000000  2477.600019791 12337.428000000   212.543100000    12.486367662    26.349460000    -742129  0.459990831106  0.459990831106  0.127939700000  0.156678937500  0.269968300000 19275.109   184.808     0.857517875     0.979185850  -53.87392
   0  6 0.9756302600000 0.6000000000000 0.0450000000000 0.6000000000000 0.0450000000000 0.6444224936550 0.6444224936550 22983.293500000  2667.731964773 13808.140000000   214.841400000    11.270855329    29.979807500    -512679  0.457035871397  0.457035871397  0.101542000000  0.160738062500  0.461621500000 20336.384   192.088     0.887263875     0.978967270  -52.81924
   0 10 0.9789769800000 0.6000000000000 0.0450000000000 0.6000000000000 0.0450000000000 0.8326741636657 0.8326741636657 23462.003500000  2483.238690838 13597.748000000   222.519900000     9.292767976    20.114920000    -575260  0.539290699015  0.539290699015  0.144545750000  0.132073187500  0.247894300000 19601.501   192.392     0.816635500     0.979236641  -55.01635
   0  7 0.9716711200000 0.6000000000000 0.0450000000000 0.6000000000000 0.0450000000000 0.9541662295679 0.9541662295679 20123.237500000  2438.863229446 11785.736000000   242.887000000    10.636757037    20.374920000    -327146  0.368573996686  0.368573996686  0.149535950000  0.072314750000  0.404250100000 18858.853   208.513     0.980688500     0.983738045  -52.55996
   0  7 0.9865835100000 0.6000000000000 0.0450000000000 0.6000000000000 0.0450000000000 0.7635237855596 0.7635237855596 17993.909500000  2969.723183255 13405.158000000   187.382600000    18.865950822    83.331320000    -901971  0.361015224512  0.361015224512  0.149274850000  0.051989625000  0.205280500000 15941.654   171.258     0.907484875     0.981005404  -45.93532
   0  6 0.9648123500000 0.6000000000000 0.0450000000000 0.6000000000000 0.0450000000000 0.6447148551753 0.6447148551753 24895.393000000  2557.731073507 13387.534000000   212.980400000    12.313693448    27.954765000    -723771  0.535604562610  0.535604562610  0.134022250000  0.106281500000  0.296379200000 21670.665   187.729     0.867677250     0.977109693  -54.84981
   0  6 0.9830465400000 0.6000000000000 0.0450000000000 0.6000000000000 0.0450000000000 0.8368662445813 0.8368662445813 20024.728000000  2579.345527750 12550.250000000   232.845200000    10.099895796    21.813792500    -645395  0.313576619099  0.313576619099  0.146981200000  0.092681812500  0.225596000000 18276.916   203.215     0.936091875     0.983026465  -54.39848
   0 10 0.9897794500000 0.6000000000000 0.0450000000000 0.6000000000000 0.0450000000000 0.7005483545004 0.7005483545004 23191.774000000  2570.005042461 14231.208000000   207.023100000     8.703592328    20.859105000    -581774  0.523290396635  0.523290396635  0.165705150000  0.060419312500  0.210550800000 21247.227   184.322     0.910754125     0.977791565  -54.14732
   0  6 0.9776616200000 0.6000000000000 0.0450000000000 0.6000000000000 0.0450000000000 0.6628298384297 0.6628298384297 22887.187000000  2738.885297768 14219.858000000   226.991000000     9.640821298    25.779020000    -569168  0.430758594718  0.430758594718  0.167138700000  0.064029625000  0.243853300000 18540.413   199.274     0.813387750     0.980157344  -53.20718
   0  7 0.9735013200000 0.6000000000000 0.0450000000000 0.6000000000000 0.0450000000000 0.9588840628495 0.9588840628495 24483.913000000  2315.486148154 11990.846000000   218.960100000    14.238815250    30.392362500    -539728  0.356355131757  0.356355131757  0.124921700000  0.090377125000  0.456819900000 20041.897   190.569     0.819014250     0.978035811  -54.52558
   0  6 0.9703493200000 0.6000000000000 0.0450000000000 0.6000000000000 0.0450000000000 0.9555363357070 0.9555363357070 22851.884500000  2353.982293902 11661.978000000   235.970700000    13.231991441    27.359332500    -311917  0.333538451365  0.333538451365  0.137663650000  0.094695125000  0.304230300000 19923.726   205.618     0.878340625     0.981001210  -53.83903
   0  6 0.9876405200000 0.6000000000000 0.0450000000000 0.6000000000000 0.0450000000000 0.4866516855228 0.4866516855228 23025.751000000  2350.946613398 11969.282000000   185.368200000    52.914784279   128.018657500    -150221  0.500506638232  0.500506638232  0.147684950000  0.105880062500  0.324641700000 17974.478   164.395     0.791930375     0.975412074  -49.53292
   0  7 0.9765637100000 0.6000000000000 0.0450000000000 0.6000000000000 0.0450000000000 0.9171724998052 0.9171724998052 25165.933000000  2140.052495209 10741.714000000   253.455300000    13.471863428    20.665470000    -643176  0.354814102651  0.354814102651  0.167587200000  0.095457500000  0.598301200000 20697.409   207.801     0.827370875     0.980470114  -51.88202
   0  7 0.9643943800000 0.6000000000000 0.0450000000000 0.6000000000000 0.0450000000000 0.8285272655968 0.8285272655968 23855.528500000  2623.431047182 13789.844000000   193.953900000    68.613929979   148.456965000     -11937  0.474667795134  0.474667795134  0.145294300000  0.054424562500  0.492839800000 21239.291   176.528     0.890073125     0.975916998  -51.14880
   0  6 0.9773776500000 0.6000000000000 0.0450000000000 0.6000000000000 0.0450000000000 0.4824926478042 0.4824926478042 23970.629500000  2536.426189076 13264.844000000   210.466300000    11.492367341    23.983135000    -320741  0.594348270722  0.594348270722  0.131547300000  0.134297125000  0.342045000000 19921.122   182.933     0.830442125     0.977589422  -54.81581
   0  7 0.9892032400000 0.6000000000000 0.0450000000000 0.6000000000000 0.0450000000000 0.4765454215795 0.4765454215795 20610.344500000  2691.466545492 13558.486000000   227.173800000     8.603518596    20.280637500    -907200  0.552856367564  0.552856367564  0.199204000000  0.067353750000  0.342355400000 19188.288   201.225     0.957373125     0.982021738  -53.35745
   0  6 0.9619960000000 0.6000000000000 0.0450000000000 0.6000000000000 0.0450000000000 0.6058471384521 0.6058471384521 22754.792500000  2338.122318873 11403.152000000   238.040800000    13.071225525    25.341895000    -463901  0.593143387950  0.593143387950  0.127137450000  0.080593250000  0.504195100000 19047.859   202.952     0.844813875     0.981294856  -54.69362
   0 11 0.9822984500000 0.6000000000000 0.0450000000000 0.6000000000000 0.0450000000000 0.8053820594219 0.8053820594219 28340.836000000  2157.712718114 12694.600000000   227.181500000    12.433211612    23.100402500    -513151  0.596455110376  0.596455110376  0.121125100000  0.137780812500  0.321623600000 25490.032   198.366     0.880570500     0.975389318  -47.58945
   0  7 0.9792241600000 0.6000000000000 0.0450000000000 0.6000000000000 0.0450000000000 0.9594196681414 0.9594196681414 20351.252500000  2880.405965091 14126.038000000   192.823400000    19.257182603    79.100145000    -196874  0.324882177490  0.324882177490  0.132755800000  0.133696437500  0.403814600000 17617.578   175.239     0.872210875     0.979213186  -49.87530
   0  9 0.9700913100000 0.6000000000000 0.0450000000000 0.6000000000000 0.0450000000000 0.9003770156380 0.9003770156380 24461.179000000  2375.095915735 12830.958000000   200.676200000    13.760485673    33.361595000    -287087  0.513731713254  0.513731713254  0.138785700000  0.071916812500  0.386463900000 22476.654   179.389     0.923637750     0.976088740  -52.24123
   0 11 0.9881716600000 0.6000000000000 0.0450000000000 0.6000000000000 0.0450000000000 0.8946935322543 0.8946935322543 22701.224500000  2558.816365283 14077.530000000   221.705300000     8.462176805    22.233627500    -568668  0.479315947490  0.479315947490  0.169759400000  0.164457250000  0.413146400000 18802.482   194.013     0.804857125     0.979724288  -52.07110
   0  8 0.9848162500000 0.6000000000000 0.0450000000000 0.6000000000000 0.0450000000000 0.5454204533749 0.5454204533749 21944.536000000  2470.464077976 12874.190000000   227.191200000    10.173156890    20.989852500    -816286  0.582332731189  0.582332731189  0.137059000000  0.086963687500  0.445420400000 18320.276   196.163     0.832962125     0.980915776  -56.16517
   0 10 0.9743716600000 0.6000000000000 0.0450000000000 0.6000000000000 0.0450000000000 0.9085687962510 0.9085687962510 23324.276500000  2479.958950285 13449.500000000   204.479600000    11.594260364    31.680727500     -47632  0.537506847044  0.537506847044  0.119087050000  0.164565937500  0.291967000000 18315.479   178.080     0.771621750     0.977586073  -50.73835
   0  7 0.9607640200000 0.6000000000000 0.0450000000000 0.6000000000000 0.0450000000000 0.7169935617925 0.7169935617925 26500.070500000  2417.580281175 12889.966000000   198.398400000    40.776156875   110.605190000    -277924  0.579122037434  0.579122037434  0.207855750000  0.078022625000  0.258987700000 22993.346   178.938     0.861526375     0.973871380  -47.87321
   0  6 0.9805889600000 0.6000000000000 0.0450000000000 0.6000000000000 0.0450000000000 0.8976081582276 0.8976081582276 24352.058500000  2411.606892481 12531.314000000   210.502700000    13.203303695    26.535880000    -641017  0.303947858934  0.303947858934  0.115212200000  0.072088125000  0.557974400000 21099.708   184.571     0.865156125     0.977199317  -54.71850
   0 10 0.9844603400000 0.6000000000000 0.0450000000000 0.6000000000000 0.0450000000000 0.7797436936231 0.7797436936231 23630.726500000  2226.285852014 12079.634000000   247.334400000    11.192650853    20.903857500    -254918  0.520121616657  0.520121616657  0.160681150000  0.143179875000  0.306203600000 18633.327   209.031     0.779370375     0.981127212  -52.22070
   0  7 0.9614708400000 0.6000000000000 0.0450000000000 0.6000000000000 0.0450000000000 0.9161413611865 0.9161413611865 21448.208500000  2655.872016892 13231.872000000   201.380500000    13.729839063    42.971292500    -212290  0.448498542912  0.448498542912  0.156956000000  0.050110875000  0.282328500000 18809.409   181.148     0.883026000     0.979162004  -53.35658
   0  6 0.9640398200000 0.6000000000000 0.0450000000000 0.6000000000000 0.0450000000000 0.6586010658127 0.6586010658127 23397.095500000  2330.229516190 11489.918000000   211.700600000    15.729705758    35.053707500    -847307  0.530107112417  0.530107112417  0.157868400000  0.057969250000  0.208245600000 20674.128   187.574     0.891504750     0.978362032  -53.07511
   0  7 0.9869188500000 0.6000000000000 0.0450000000000 0.6000000000000 0.0450000000000 0.5783547725271 0.5783547725271 23136.491500000  2375.246125467 12400.048000000   215.165900000    13.049786797    28.723455000    -150588  0.473871194975  0.473871194975  0.157190350000  0.134522937500  0.280149100000 18469.202   187.623     0.802035000     0.978725718  -53.50105
   0  6 0.9587176300000 0.6000000000000 0.0450000000000 0.6000000000000 0.0450000000000 0.7856097584432 0.7856097584432 24226.819000000  2593.139668722 13380.406000000   235.777300000    10.121122817    20.388017500    -695581  0.478797404632  0.478797404632  0.159318650000  0.058548812500  0.373844600000 19490.390   200.522     0.806855375     0.979909063  -56.01127
   0  6 0.9689588400000 0.6000000000000 0.0450000000000 0.6000000000000 0.0450000000000 0.8072440467929 0.8072440467929 25092.682000000  2803.188547591 15059.736000000   202.653600000    13.569341876    43.479267500    -483795  0.402934724830  0.402934724830  0.174292100000  0.100486625000  0.354710600000 21403.547   181.429     0.846418750     0.975720564  -51.00186
   0  7 0.9822362600000 0.6000000000000 0.0450000000000 0.6000000000000 0.0450000000000 0.7060009495772 0.7060009495772 23888.630500000  2527.723311155 13509.908000000   208.604300000    13.638180122    37.448047500    -287060  0.420123238189  0.420123238189  0.125814300000  0.163666625000  0.299991300000 20172.485   186.139     0.839449500     0.977408948  -53.08377
   0  9 0.9819929300000 0.6000000000000 0.0450000000000 0.6000000000000 0.0450000000000 0.8050879089150 0.8050879089150 22776.055000000  2383.699099250 12689.452000000   201.136400000    11.494913695    23.936562500    -627000  0.466394872847  0.466394872847  0.173914200000  0.187564500000  0.263716000000 19028.801   174.279     0.826964125     0.977664485  -50.72047
   0  8 0.9694375400000 0.6000000000000 0.0450000000000 0.6000000000000 0.0450000000000 0.9150771905290 0.9150771905290 23676.977500000  2515.746343898 13355.454000000   212.445000000    10.473629526    22.216337500    -466080  0.450122006226  0.450122006226  0.124487000000  0.100517875000  0.590026300000 19986.294   184.104     0.837226625     0.978142595  -55.60636
   0  8 0.9882716500000 0.6000000000000 0.0450000000000 0.6000000000000 0.0450000000000 0.6612304499052 0.6612304499052 21487.777000000  2390.742932984 12323.780000000   233.302900000    11.467063239    26.101095000    -157194  0.451718919265  0.451718919265  0.174278000000  0.078719187500  0.436060000000 20035.883   208.450     0.956039000     0.981760850  -51.70185
   0 10 0.9897670900000 0.6000000000000 0.0450000000000 0.6000000000000 0.0450000000000 0.9699734024594 0.9699734024594 21242.374000000  2569.700797534 13532.168000000   201.254800000     9.966324409    28.417695000    -573470  0.378028239503  0.378028239503  0.200604250000  0.184257312500  0.406480100000 19543.430   181.036     0.926353875     0.979075473  -49.65591
   0  8 0.9698562300000 0.6000000000000 0.0450000000000 0.6000000000000 0.0450000000000 0.9263532429017 0.9263532429017 24733.460500000  2765.083457077 15130.988000000   219.191800000     7.821956584    20.146217500    -512613  0.441620638683  0.441620638683  0.124139600000  0.083787937500  0.225440500000 21361.313   192.329     0.851153250     0.977866785  -54.66091
   0  9 0.9879689700000 0.6000000000000 0.0450000000000 0.6000000000000 0.0450000000000 0.8516784139711 0.8516784139711 24243.734500000  2758.902941530 15435.164000000   206.035400000     9.566706674    32.736685000    -510681  0.395305929853  0.395305929853  0.201770850000  0.209618125000  0.260022800000 18942.379   181.617     0.770201250     0.976703034  -46.55320
   0  9 0.9887877500000 0.6000000000000 0.0450000000000 0.6000000000000 0.0450000000000 0.7508798137870 0.7508798137870 20354.681500000  2619.580589697 13318.980000000   202.564100000     9.173385930    23.204857500    -268491  0.441603656259  0.441603656259  0.148669400000  0.144949750000  0.545093700000 17274.720   177.487     0.846113875     0.980093575  -51.66495
   0  9 0.9871468900000 0.6000000000000 0.0450000000000 0.6000000000000 0.0450000000000 0.8163146835574 0.8163146835574 22550.551000000  2489.489338190 13371.890000000   230.403500000    10.042576651    24.294160000    -870074  0.418750550647  0.418750550647  0.148323100000  0.145263125000  0.522664300000 18051.383   200.819     0.793925000     0.980632858  -52.56693
   0  6 0.9765583500000 0.6000000000000 0.0450000000000 0.6000000000000 0.0450000000000 0.7743031914646 0.7743031914646 23784.869500000  2543.971398261 13258.432000000   207.049000000    11.465793811    23.870977500    -225456  0.375033986133  0.375033986133  0.178620950000  0.111444875000  0.380888700000 21287.995   182.515     0.897728500     0.977404883  -53.10355
   0  8 0.9820325700000 0.6000000000000 0.0450000000000 0.6000000000000 0.0450000000000 0.9678547167551 0.9678547167551 23451.163000000  2410.282845313 12842.800000000   214.466500000    11.932975673    26.403735000    -341372  0.344511371152  0.344511371152  0.129969650000  0.067097562500  0.591926300000 17551.043   184.443     0.756466750     0.978431355  -53.04925
   0  7 0.9718300500000 0.6000000000000 0.0450000000000 0.6000000000000 0.0450000000000 0.9117773410118 0.9117773410118 23949.097000000  2538.488186060 13407.004000000   233.876300000    10.274548230    21.752432500    -258416  0.384750633875  0.384750633875  0.128599350000  0.154843812500  0.329177800000 21589.372   205.350     0.903708000     0.979899402  -53.47700
   0  6 0.9852938600000 0.6000000000000 0.0450000000000 0.6000000000000 0.0450000000000 0.7690920832418 0.7690920832418 21751.756000000  2710.733403324 13845.466000000   198.615100000    18.948158456    68.487530000    -835107  0.329095213677  0.329095213677  0.133225850000  0.110053312500  0.483183200000 18184.047   179.422     0.840108875     0.978355259  -51.73681
   0  7 0.9669286300000 0.6000000000000 0.0450000000000 0.6000000000000 0.0450000000000 0.8641153264533 0.8641153264533 22046.123500000  2617.993437027 13292.812000000   192.534300000    21.305895728    72.856115000    -524706  0.437942155563  0.437942155563  0.160600350000  0.089031937500  0.216105700000 20181.860   175.918     0.930495750     0.977562411  -51.62730
   0  7 0.9659896900000 0.6000000000000 0.0450000000000 0.6000000000000 0.0450000000000 0.8198289722925 0.8198289722925 21337.360000000  3080.946961031 15144.858000000   210.772900000     9.100152435    38.650157500    -283738  0.468251843735  0.468251843735  0.137605000000  0.142956750000  0.394428900000 18203.690   189.647     0.854738500     0.980168727  -50.43073
   0  6 0.9800109000000 0.6000000000000 0.0450000000000 0.6000000000000 0.0450000000000 0.5459103865863 0.5459103865863 19141.450000000  2924.120507316 13687.074000000   214.573300000     8.802550749    28.715785000    -978682  0.504307241730  0.504307241730  0.219768550000  0.075842562500  0.521377900000 15829.337   189.925     0.842531875     0.982423417  -49.33048
   0  6 0.9845031300000 0.6000000000000 0.0450000000000 0.6000000000000 0.0450000000000 0.5677325402904 0.5677325402904 22287.179500000  2573.508025589 13214.468000000   200.739800000    15.277341964    45.201865000    -958400  0.451553450973  0.451553450973  0.148641400000  0.103151437500  0.349357200000 19725.609   181.673     0.889611500     0.978068081  -53.66805
   0  6 0.9598846400000 0.6000000000000 0.0450000000000 0.6000000000000 0.0450000000000 0.7428328430012 0.7428328430012 25046.809000000  2463.366217542 12677.678000000   226.050000000    11.593072619    20.821730000    -198104  0.498246346611  0.498246346611  0.155325900000  0.166073312500  0.415404700000 22864.153   196.074     0.921126375     0.978329638  -51.71257
   0  6 0.9855922300000 0.6000000000000 0.0450000000000 0.6000000000000 0.0450000000000 0.5703155519645 0.5703155519645 22943.468500000  2830.874061457 14873.564000000   210.304300000     8.089294938    20.900900000    -893721  0.441652819491  0.441652819491  0.138861250000  0.090918062500  0.553455100000 17955.328   182.283     0.789691375     0.978434279  -52.68306
   0  6 0.9791509000000 0.6000000000000 0.0450000000000 0.6000000000000 0.0450000000000 0.6274947722652 0.6274947722652 22015.937500000  2584.332171940 13111.734000000   211.932100000    10.577712535    22.516280000    -623133  0.444657953987  0.444657953987  0.132616950000  0.089801875000  0.390136500000 19621.720   186.040     0.898801750     0.979541180  -55.61568
   0  8 0.9805685500000 0.6000000000000 0.0450000000000 0.6000000000000 0.0450000000000 0.8099874728400 0.8099874728400 23888.239000000  2616.701621882 14226.486000000   178.027900000    76.155562128   137.956832500     -73091  0.422190649060  0.422190649060  0.163163150000  0.163491062500  0.363463300000 20485.992   159.498     0.847520250     0.973553932  -48.52029
   0  8 0.9783328300000 0.6000000000000 0.0450000000000 0.6000000000000 0.0450000000000 0.8209148046865 0.8209148046865 26310.976000000  2634.893219164 14949.132000000   221.271800000     9.078934102    21.435687500    -800187  0.432794093406  0.432794093406  0.130410950000  0.264520687500  0.416052800000 22191.207   193.908     0.826888375     0.976591648  -49.19202
   0 11 0.9896979300000 0.6000000000000 0.0450000000000 0.6000000000000 0.0450000000000 0.9333834157587 0.9333834157587 27753.451000000  2192.242340711 13062.554000000   206.573700000    19.151413043    54.953002500    -383997  0.445932560890  0.445932560890  0.148012900000  0.066219562500  0.420021100000 22950.305   183.284     0.798284375     0.973367080  -50.21116
 
  COND2           1     1070474  4.755075702775546E+043  5.807701487345336E+041
  1.221368880406125E-002         100
   1070474  27799767   1188403         0     39506         0         0         0         0         0   2526302     23947         0  12051601   1070474
 PARAMETER FILE GI04A.PAR   
