  Aa Am            MSYL            MSYR           MORTJ           MORTA             K1+           PInit      ISEED   PTarget           CVADD              AR        PREG-MAX           GAMMA              P0   SSTILDA     LIKEL
   0  7 0.9789913900000 0.6000000000000 0.0450000000000 0.6000000000000 0.0200000000000 0.8416202130639 0.3636604419985 22600.514500000  2366.407433589 12078.002000000   487.683200000    35.258141314    52.180395000    -988213  0.371764270030  0.371764270030  0.171138050000  0.058037625000  0.493862800000 19462.062   210.915     0.863229000     0.990873902  -54.56446
   0  6 0.9532826800000 0.6000000000000 0.0450000000000 0.6000000000000 0.0200000000000 0.8713350982228 0.4721752173056 21320.093500000  2566.598597307 12428.658000000   493.083600000    34.728546053    55.416777500    -534218  0.464904503597  0.464904503597  0.164461950000  0.076672312500  0.550650500000 19272.458   214.998     0.921163500     0.991554279  -53.84471
   0  8 0.9611383800000 0.6000000000000 0.0450000000000 0.6000000000000 0.0200000000000 0.9034932590151 0.4202661590680 25631.899000000  2462.786749362 13321.786000000   446.987400000    32.982231051    47.067072500    -965631  0.520569705799  0.520569705799  0.132009450000  0.073676937500  0.279492100000 22191.073   207.137     0.856515750     0.988781563  -55.08882
   0  6 0.9653890100000 0.6000000000000 0.0450000000000 0.6000000000000 0.0200000000000 0.9178029420469 0.4653475497528 22471.846000000  2843.227997623 14436.680000000   465.188200000    23.931033805    41.205957500    -816251  0.373152096503  0.373152096503  0.148026000000  0.108334375000  0.391086400000 20428.249   201.273     0.919773000     0.990538588  -53.64306
   0 10 0.9742743200000 0.6000000000000 0.0450000000000 0.6000000000000 0.0200000000000 0.8304975501518 0.3093173464374 26976.688000000  2409.715323747 13936.164000000   408.203200000    36.742188037    52.127420000    -797553  0.589070383041  0.589070383041  0.120379750000  0.154828500000  0.374911300000 24153.755   215.716     0.875500750     0.987014647  -50.17163
   0  7 0.9631581200000 0.6000000000000 0.0450000000000 0.6000000000000 0.0200000000000 0.8783741711910 0.4274978078772 22946.479000000  2959.887130047 15264.578000000   213.419700000    71.562674088    85.401537500    -877092  0.456136096342  0.456136096342  0.124117800000  0.183973125000  0.577390600000 19088.303   156.960     0.828661750     0.978954799  -45.89586
   0  8 0.9880903500000 0.6000000000000 0.0450000000000 0.6000000000000 0.0200000000000 0.5821188863562 0.2144443989966 22176.803500000  2743.965817568 14495.600000000   379.486400000    32.427171909    54.693197500    -124153  0.514781686366  0.514781686366  0.122549350000  0.052707500000  0.443047400000 19505.153   207.536     0.875276375     0.988428730  -55.61812
   0  7 0.9511760900000 0.6000000000000 0.0450000000000 0.6000000000000 0.0200000000000 0.8277974939444 0.4295066188191 25274.986000000  2295.359532611 11613.552000000   280.861000000    77.568954578    90.159797500    -353518  0.576613214751  0.576613214751  0.132368600000  0.142626500000  0.383122200000 18895.299   184.828     0.762337250     0.982427498  -50.28843
   0  6 0.9878985900000 0.6000000000000 0.0450000000000 0.6000000000000 0.0200000000000 0.5148292394322 0.2143523763500 21773.896000000  2830.864681550 14507.576000000   282.340700000    48.514126611    73.510795000    -237072  0.471100328445  0.471100328445  0.150083800000  0.067134000000  0.267926900000 17522.890   188.885     0.811691125     0.984731964  -52.98946
   0  6 0.9785890200000 0.6000000000000 0.0450000000000 0.6000000000000 0.0200000000000 0.8554319324950 0.3926391224461 21131.795500000  2681.670438042 13377.108000000   424.543500000    29.111093080    46.613795000    -718906  0.329029615413  0.329029615413  0.169364500000  0.080515875000  0.229133100000 17549.547   191.882     0.838069500     0.990199911  -51.72115
   0  9 0.9620877800000 0.6000000000000 0.0450000000000 0.6000000000000 0.0200000000000 0.9470374401280 0.4122310796195 24021.187000000  2709.886569060 14614.910000000   351.135200000    31.964450030    48.612122500    -638280  0.558844560221  0.558844560221  0.165992050000  0.118378937500  0.320801100000 19830.299   188.272     0.810281750     0.986613414  -52.14487
   0  6 0.9513603600000 0.6000000000000 0.0450000000000 0.6000000000000 0.0200000000000 0.7937968547111 0.4340532780856 23738.848000000  2725.451953847 13961.664000000   386.404400000    36.317544828    56.388657500    -155146  0.523637810464  0.523637810464  0.173728000000  0.085330437500  0.576308500000 20006.325   204.435     0.841813250     0.988003276  -54.57133
   0  8 0.9870454800000 0.6000000000000 0.0450000000000 0.6000000000000 0.0200000000000 0.7548258717154 0.2816938384922 22305.323500000  2463.173663769 12975.122000000   431.739600000    35.731889791    55.410570000    -565061  0.404487474191  0.404487474191  0.205558050000  0.102314812500  0.389365800000 17961.882   209.958     0.804891500     0.989777564  -51.86603
   0  6 0.9721327300000 0.6000000000000 0.0450000000000 0.6000000000000 0.0200000000000 0.8277796141161 0.4006692075035 20525.726500000  2800.654586124 13645.972000000   233.201400000    82.573276498   105.271907500     -77076  0.374995781504  0.374995781504  0.190617750000  0.082830937500  0.352096700000 18193.191   180.092     0.898702750     0.982720740  -51.05980
   0  7 0.9867392700000 0.6000000000000 0.0450000000000 0.6000000000000 0.0200000000000 0.5129362117176 0.2043497931840 21589.405000000  2408.505414732 12248.170000000   428.603700000    33.644757779    48.770137500    -589746  0.535953684444  0.535953684444  0.115793250000  0.155079750000  0.228952000000 18362.344   194.071     0.854060250     0.990035317  -52.56453
   0  6 0.9757103300000 0.6000000000000 0.0450000000000 0.6000000000000 0.0200000000000 0.8610337337128 0.4051678326255 22712.753500000  2674.784896502 13774.324000000   297.871600000    49.367371021    70.799450000    -395091  0.341643040940  0.341643040940  0.172748300000  0.074282625000  0.589289200000 18892.503   191.758     0.833794875     0.985008061  -54.14092
   0  6 0.9766888100000 0.6000000000000 0.0450000000000 0.6000000000000 0.0200000000000 0.8836390234424 0.4123987352615 23716.357000000  2384.088612246 12144.546000000   437.255700000    39.285312690    56.490740000    -387903  0.327975117618  0.327975117618  0.134736950000  0.058925250000  0.322655100000 21247.000   213.540     0.901569500     0.989330942  -54.35130
   0  7 0.9765555000000 0.6000000000000 0.0450000000000 0.6000000000000 0.0200000000000 0.7649189895717 0.3378013719315 21004.544500000  2596.640916717 13003.372000000   304.853500000    51.780317965    76.469725000    -818590  0.425494315934  0.425494315934  0.103930600000  0.150376750000  0.215228400000 19105.073   200.837     0.925316375     0.986447842  -51.06778
   0  8 0.9707813400000 0.6000000000000 0.0450000000000 0.6000000000000 0.0200000000000 0.8031269862612 0.3502137239461 26787.620500000  2431.532643454 13499.118000000   247.658900000   102.797565472   106.584160000    -969964  0.501738139337  0.501738139337  0.195758050000  0.082864000000  0.477158700000 19763.103   179.595     0.741086750     0.978776749  -49.57564
   0  7 0.9865105400000 0.6000000000000 0.0450000000000 0.6000000000000 0.0200000000000 0.7498761912756 0.2995529329836 25021.267000000  2513.319694413 13764.086000000   239.365700000   104.832757838   111.612170000    -536696  0.368044524293  0.368044524293  0.146507800000  0.065634250000  0.393213600000 21208.794   184.291     0.838863250     0.979324301  -53.38651
   0  6 0.9880557100000 0.6000000000000 0.0450000000000 0.6000000000000 0.0200000000000 0.7367610864011 0.3061671227404 21312.439000000  2991.593531367 15045.886000000   408.531600000    25.751406940    48.920775000    -493505  0.328337827600  0.328337827600  0.159961250000  0.082123875000  0.538983900000 19357.239   206.957     0.920040875     0.989670594  -53.86987
   0  6 0.9773688900000 0.6000000000000 0.0450000000000 0.6000000000000 0.0200000000000 0.8731676748112 0.4051325026521 20714.591500000  2740.189585963 13510.004000000   362.150500000    39.045153329    63.982477500    -873671  0.328467554956  0.328467554956  0.169000100000  0.064384687500  0.345511200000 17674.185   205.233     0.861430250     0.988745100  -53.92885
   0  6 0.9890067700000 0.6000000000000 0.0450000000000 0.6000000000000 0.0200000000000 0.6842319774879 0.2809903103582 23921.071000000  2497.223735295 13207.674000000   466.490900000    31.191978288    46.549347500     -35635  0.348001492939  0.348001492939  0.107450500000  0.084805687500  0.562954200000 21197.298   211.269     0.884883375     0.989839928  -55.18435
   0  6 0.9674751300000 0.6000000000000 0.0450000000000 0.6000000000000 0.0200000000000 0.8261737208719 0.4132676788173 23967.133000000  2465.935111060 12616.294000000   423.171400000    37.631109106    54.325005000    -511300  0.402281987384  0.402281987384  0.119337250000  0.088687250000  0.400236900000 20939.061   207.442     0.874895500     0.988899861  -55.26235
   0  6 0.9755670900000 0.6000000000000 0.0450000000000 0.6000000000000 0.0200000000000 0.5487952393227 0.2585471505088 22912.702000000  2669.765542272 13799.284000000   487.335200000    26.386418475    42.338322500    -187954  0.537189122329  0.537189122329  0.124704500000  0.143934687500  0.323738300000 20624.882   205.785     0.906168750     0.990756478  -54.22932
   0  6 0.9814103500000 0.6000000000000 0.0450000000000 0.6000000000000 0.0200000000000 0.8465642220643 0.3783886700303 25554.409000000  2351.392165587 12295.134000000   406.745500000    38.560287642    51.202015000    -987301  0.318136895297  0.318136895297  0.117277750000  0.107069375000  0.503906300000 18992.659   194.493     0.757660375     0.987611782  -51.84331
   0  6 0.9585740200000 0.6000000000000 0.0450000000000 0.6000000000000 0.0200000000000 0.8793527128241 0.4639023627906 21919.804000000  2820.672609867 14038.444000000   287.100900000    53.815586684    79.304732500    -872479  0.428604797133  0.428604797133  0.121053350000  0.085683625000  0.266019600000 20019.003   197.300     0.928839750     0.985072244  -54.04109
   0 10 0.9875434000000 0.6000000000000 0.0450000000000 0.6000000000000 0.0200000000000 0.8214039077432 0.2656648170721 23375.158000000  2199.543252231 11893.784000000   288.166300000    66.730319837    84.168812500    -280650  0.465779844255  0.465779844255  0.118126350000  0.142303062500  0.248362300000 20310.511   194.404     0.857897250     0.983944427  -52.27593
   0  6 0.9887136500000 0.6000000000000 0.0450000000000 0.6000000000000 0.0200000000000 0.4606334639983 0.1898661109931 24567.505000000  2616.794208171 14146.866000000   457.261100000    29.649032308    46.748020000    -352125  0.519456998441  0.519456998441  0.110274050000  0.051978875000  0.560310300000 20667.432   214.315     0.836093375     0.989356968  -55.43434
   0  7 0.9850046400000 0.6000000000000 0.0450000000000 0.6000000000000 0.0200000000000 0.9149317365728 0.3718566666003 24291.727000000  2443.255161919 13089.124000000   239.798900000   104.150799395   111.461142500    -751286  0.309474532086  0.309474532086  0.130058900000  0.286059500000  0.555071400000 18990.823   180.508     0.784457000     0.979982856  -46.79998
   0  8 0.9794564100000 0.6000000000000 0.0450000000000 0.6000000000000 0.0200000000000 0.6889847234304 0.2790909066465 25919.611000000  2259.589660223 12190.900000000   395.976600000    45.325203742    61.090920000    -626729  0.505889370421  0.505889370421  0.114904500000  0.064901875000  0.542482900000 20260.308   207.326     0.780519500     0.987106592  -53.33522
   0  6 0.9655626300000 0.6000000000000 0.0450000000000 0.6000000000000 0.0200000000000 0.5720440608065 0.2897214277270 24160.898500000  2486.923296924 12768.278000000   323.898800000    53.748976608    73.180172500    -985672  0.597209649056  0.597209649056  0.116592050000  0.081297687500  0.323973700000 21329.247   203.624     0.884436750     0.985389260  -54.46554
   0  7 0.9787968900000 0.6000000000000 0.0450000000000 0.6000000000000 0.0200000000000 0.7499545326814 0.3246352972140 22817.945500000  2515.250076297 13097.480000000   291.188600000    59.677600550    81.608592500    -879730  0.418528710675  0.418528710675  0.138136850000  0.060146375000  0.585634000000 20182.153   199.092     0.885797250     0.984570080  -55.35570
   0 11 0.9859868800000 0.6000000000000 0.0450000000000 0.6000000000000 0.0200000000000 0.8277513968643 0.2530063342543 21300.694000000  2744.536929176 14338.894000000   357.107900000    32.899988615    55.873045000    -561199  0.540556318006  0.540556318006  0.185012900000  0.088009375000  0.429683200000 18685.313   199.919     0.860875875     0.988206084  -53.14406
   0  6 0.9673344800000 0.6000000000000 0.0450000000000 0.6000000000000 0.0200000000000 0.5662363918784 0.2835065951491 24933.760000000  2461.119008225 12763.402000000   370.739400000    43.714376974    60.512712500    -247904  0.588149409998  0.588149409998  0.132756350000  0.208027125000  0.338327800000 21337.945   204.186     0.853673375     0.986819624  -51.28894
   0  8 0.9619936000000 0.6000000000000 0.0450000000000 0.6000000000000 0.0200000000000 0.7778741170416 0.3599772719761 23114.338000000  2290.931837217 11609.318000000   428.784900000    44.220347955    63.669145000    -777354  0.596552807877  0.596552807877  0.150376450000  0.055925562500  0.295905600000 20894.499   217.198     0.914925125     0.989451729  -52.40324
   0  7 0.9795342700000 0.6000000000000 0.0450000000000 0.6000000000000 0.0200000000000 0.9219932760190 0.3963729549717 23347.766500000  2285.920165850 11668.118000000   260.664100000    81.163271399    94.836450000    -388753  0.336361210668  0.336361210668  0.151668250000  0.078430562500  0.339510500000 19100.457   183.984     0.821469000     0.982356265  -53.08060
   0  6 0.9825040200000 0.6000000000000 0.0450000000000 0.6000000000000 0.0200000000000 0.8116972505378 0.3588600998803 23537.374000000  2776.138739673 14709.682000000   486.350200000    24.096606895    41.373332500    -296270  0.326105538574  0.326105538574  0.134755600000  0.069069500000  0.295244300000 20066.729   209.233     0.849680875     0.990451298  -55.65903
   0  7 0.9657729600000 0.6000000000000 0.0450000000000 0.6000000000000 0.0200000000000 0.6543276838720 0.3132588545530 24197.726500000  2477.311889070 12959.312000000   357.359300000    46.233366886    65.586872500    -362627  0.588623827567  0.588623827567  0.121351900000  0.069918875000  0.471716900000 21110.648   207.555     0.870252875     0.986736276  -55.35065
   0 11 0.9847969900000 0.6000000000000 0.0450000000000 0.6000000000000 0.0200000000000 0.9479203610902 0.2940721159983 21325.804000000  2543.589194028 13420.220000000   224.472100000   147.016995168   141.439142500    -998592  0.483012233446  0.483012233446  0.102670500000  0.054990875000  0.310895200000 19101.987   183.598     0.886891250     0.981229432  -51.62377
   0  6 0.9710448600000 0.6000000000000 0.0450000000000 0.6000000000000 0.0200000000000 0.7254505482886 0.3539766263305 23714.791000000  2496.839074944 12834.674000000   385.042200000    41.308676189    59.938600000    -664920  0.434843799424  0.434843799424  0.153957800000  0.060088437500  0.373421600000 20917.139   208.511     0.884041625     0.987913911  -55.36267
   0  8 0.9717983900000 0.6000000000000 0.0450000000000 0.6000000000000 0.0200000000000 0.9239582103481 0.3997864921335 23396.717500000  2965.209153621 15705.008000000   317.324700000    37.133140063    62.014927500    -580307  0.428903509099  0.428903509099  0.133447200000  0.062160375000  0.344116200000 17481.117   193.299     0.750997750     0.985527227  -49.41684
   0  7 0.9727692600000 0.6000000000000 0.0450000000000 0.6000000000000 0.0200000000000 0.6545271420259 0.2981584531188 23130.970000000  2755.420810060 14471.056000000   412.329600000    29.250810751    48.354072500    -366176  0.528124008849  0.528124008849  0.161552150000  0.085178625000  0.287879100000 20544.843   205.970     0.887657250     0.988984155  -54.83370
   0 10 0.9869301500000 0.6000000000000 0.0450000000000 0.6000000000000 0.0200000000000 0.7384987123166 0.2407381673336 21138.788500000  2084.663849044 10535.354000000   267.352600000    85.191294454   103.935507500    -263613  0.524143828663  0.524143828663  0.160032250000  0.104405875000  0.270518400000 18074.382   192.036     0.856416250     0.984356648  -48.93200
   0  6 0.9799474100000 0.6000000000000 0.0450000000000 0.6000000000000 0.0200000000000 0.7406221357352 0.3357199625146 21771.763000000  2460.822579940 12305.646000000   383.582200000    40.732534111    59.933757500    -720073  0.372092273374  0.372092273374  0.156710150000  0.085588750000  0.381075200000 18206.400   201.075     0.842968750     0.988817064  -54.70116
   0  7 0.9635672800000 0.6000000000000 0.0450000000000 0.6000000000000 0.0200000000000 0.9207652701987 0.4470071321174 24989.393500000  2626.864390954 14082.082000000   487.168100000    30.868825242    49.438727500    -617923  0.432470924645  0.432470924645  0.154466850000  0.156107062500  0.270376700000 22248.121   224.029     0.886644375     0.989958546  -51.55453
   0  8 0.9580024400000 0.6000000000000 0.0450000000000 0.6000000000000 0.0200000000000 0.8578034614563 0.4062711796653 24025.439500000  2610.901167789 13843.332000000   302.660500000    56.605390984    78.926855000    -514687  0.575815285440  0.575815285440  0.146824700000  0.069243312500  0.438161800000 21544.808   203.459     0.895581500     0.984481283  -54.19180
   0  8 0.9753805100000 0.6000000000000 0.0450000000000 0.6000000000000 0.0200000000000 0.9588662740450 0.4029918542981 25751.779000000  2304.547718705 12436.568000000   415.966600000    39.146853542    52.794157500    -669414  0.389440420855  0.389440420855  0.158950650000  0.087096312500  0.314286600000 19350.670   199.535     0.756094250     0.987829700  -53.48010
   0  7 0.9529094300000 0.6000000000000 0.0450000000000 0.6000000000000 0.0200000000000 0.8850278877438 0.4554243795943 23109.680500000  2544.116202467 12941.844000000   390.260600000    41.725977864    62.524722500     -22797  0.526123507987  0.526123507987  0.134246550000  0.113007812500  0.249048800000 20172.238   210.397     0.874770375     0.988434025  -54.76482
   0  8 0.9863234700000 0.6000000000000 0.0450000000000 0.6000000000000 0.0200000000000 0.7971919719723 0.3001009761648 23708.675500000  2602.509480531 14202.586000000   477.605900000    27.233973029    44.111132500    -893028  0.387943395522  0.387943395522  0.141278650000  0.052740437500  0.415596600000 20639.959   213.189     0.861074875     0.990182591  -56.05152
   0  7 0.9707888400000 0.6000000000000 0.0450000000000 0.6000000000000 0.0200000000000 0.8571779294243 0.3963722892356 20580.874000000  2961.910422526 14423.120000000   491.342100000    24.388500301    47.144390000    -618947  0.415968171362  0.415968171362  0.127950400000  0.062158125000  0.493255000000 18870.944   211.776     0.937088875     0.991781118  -53.76342
   0  7 0.9874873300000 0.6000000000000 0.0450000000000 0.6000000000000 0.0200000000000 0.6799257881552 0.2684546691636 20285.399500000  2689.401511872 13396.612000000   373.506100000    41.601912997    70.182990000    -725222  0.399165710510  0.399165710510  0.131032950000  0.115382937500  0.591299300000 16929.157   216.930     0.841395750     0.989250614  -50.41972
   0  7 0.9819491700000 0.6000000000000 0.0450000000000 0.6000000000000 0.0200000000000 0.8952292679684 0.3758867982946 22951.028500000  2469.587033694 12897.570000000   234.334000000    94.835503458   105.194557500    -173446  0.332904089264  0.332904089264  0.183489600000  0.077838625000  0.434862400000 19870.006   178.253     0.864634625     0.980681909  -52.13669
   0  9 0.9892601500000 0.6000000000000 0.0450000000000 0.6000000000000 0.0200000000000 0.8089050173830 0.2746545964229 23344.013500000  2169.170462080 11471.296000000   272.735000000    89.018927849   106.483800000    -374031  0.406332162569  0.406332162569  0.155081000000  0.061790000000  0.478568900000 20643.202   201.067     0.881153375     0.983038151  -51.01240
   0  7 0.9858452300000 0.6000000000000 0.0450000000000 0.6000000000000 0.0200000000000 0.6481265888216 0.2609187056564 25009.333000000  2311.950324459 12282.740000000   270.873400000    58.927156848    67.914555000    -267698  0.430683461879  0.430683461879  0.197506600000  0.122061187500  0.284427300000 22038.537   176.194     0.877214000     0.981745935  -48.17987
   0  8 0.9875302600000 0.6000000000000 0.0450000000000 0.6000000000000 0.0200000000000 0.9216276873960 0.3419007479706 20307.661000000  2580.917592163 12992.604000000   437.100000000    33.389750876    55.344757500    -501976  0.328425349740  0.328425349740  0.167354950000  0.081131187500  0.222847000000 17469.587   209.271     0.863596500     0.990804197  -53.68760
   0  7 0.9625190300000 0.6000000000000 0.0450000000000 0.6000000000000 0.0200000000000 0.7008779324104 0.3424336422968 23091.982000000  2471.272422433 12619.408000000   473.628100000    32.556217957    48.057250000    -470619  0.577150375878  0.577150375878  0.129021900000  0.050009000000  0.442067400000 20010.682   203.515     0.867811875     0.990458387  -55.27263
   0 10 0.9793715400000 0.6000000000000 0.0450000000000 0.6000000000000 0.0200000000000 0.9316450906554 0.3307960405816 23874.212500000  2600.842567352 14408.360000000   442.844100000    30.967642116    50.911692500    -646828  0.478515417299  0.478515417299  0.162220000000  0.087202562500  0.392336100000 20599.485   218.043     0.841640625     0.989381386  -53.76979
   0  6 0.9896164800000 0.6000000000000 0.0450000000000 0.6000000000000 0.0200000000000 0.6965930964531 0.2838415658255 25724.779000000  2587.549842377 14231.274000000   306.806800000    46.567504484    62.792230000    -127574  0.338359796089  0.338359796089  0.100168050000  0.137242750000  0.531112500000 22415.629   195.758     0.862579375     0.983379747  -51.69859
   0  6 0.9781103800000 0.6000000000000 0.0450000000000 0.6000000000000 0.0200000000000 0.6523853986669 0.3007272978821 21023.903500000  2899.316363450 14371.104000000   415.459400000    29.957934077    54.152885000    -939571  0.434639136216  0.434639136216  0.165298300000  0.094844750000  0.318889900000 19021.112   211.463     0.918717375     0.990039145  -53.59746
   0 10 0.9724023300000 0.6000000000000 0.0450000000000 0.6000000000000 0.0200000000000 0.8512323703649 0.3221373446088 25752.427000000  2543.030041499 14486.338000000   377.271900000    30.556275061    43.762310000     -67923  0.594420692872  0.594420692872  0.135907650000  0.103195250000  0.587037700000 22737.588   195.788     0.860464500     0.986598049  -53.26372
   0  6 0.9797630200000 0.6000000000000 0.0450000000000 0.6000000000000 0.0200000000000 0.7727754195338 0.3509002381301 25521.955000000  2672.924650502 14559.832000000   459.719900000    25.409889650    39.438087500    -697075  0.357638358101  0.357638358101  0.223843050000  0.075062500000  0.374552500000 22500.775   207.815     0.875082000     0.989062978  -50.76704
   0  6 0.9612111300000 0.6000000000000 0.0450000000000 0.6000000000000 0.0200000000000 0.8802179639359 0.4576246241727 23458.925500000  2349.466703254 11598.068000000   453.130600000    35.275222778    47.581710000    -128701  0.412773238484  0.412773238484  0.153842200000  0.192351125000  0.419105600000 19384.309   189.979     0.832554250     0.989871636  -49.93638
   0  8 0.9782110100000 0.6000000000000 0.0450000000000 0.6000000000000 0.0200000000000 0.7763636621541 0.3181936587665 21619.321000000  2465.652274226 12635.006000000   268.559700000    68.961639533    91.138567500    -105208  0.458577492090  0.458577492090  0.184516650000  0.071564562500  0.317659300000 18512.567   190.896     0.856356875     0.984153448  -52.85448
   0  7 0.9630210200000 0.6000000000000 0.0450000000000 0.6000000000000 0.0200000000000 0.6733332507538 0.3279796312633 23564.320000000  2533.081550269 13134.958000000   469.654400000    32.442589424    49.445975000    -649499  0.596261588903  0.596261588903  0.140656800000  0.067439500000  0.211544600000 19202.397   206.928     0.814926250     0.990179534  -56.05216
   0  7 0.9803684000000 0.6000000000000 0.0450000000000 0.6000000000000 0.0200000000000 0.6149363973766 0.2622707497532 22509.322000000  2758.142145830 14412.104000000   299.422100000    51.431800576    77.881752500    -108712  0.497465926826  0.497465926826  0.119941050000  0.065696125000  0.278404800000 20544.089   205.717     0.920872125     0.985185167  -53.46951
   0  7 0.9756292400000 0.6000000000000 0.0450000000000 0.6000000000000 0.0200000000000 0.6635175665534 0.2953433397603 21931.508500000  2672.795495717 13693.472000000   384.636900000    33.467343330    53.156955000    -825095  0.497858774122  0.497858774122  0.159736250000  0.089196375000  0.572315600000 18565.714   198.440     0.847338125     0.988789662  -54.64097
   0  6 0.9555984200000 0.6000000000000 0.0450000000000 0.6000000000000 0.0200000000000 0.7741316878865 0.4147609814364 24768.533500000  2633.639509548 13712.356000000   341.318700000    39.705092249    55.648242500    -247166  0.507130926242  0.507130926242  0.141726150000  0.179853437500  0.381875100000 21506.167   192.720     0.865564875     0.985819940  -52.23598
   0  6 0.9819378200000 0.6000000000000 0.0450000000000 0.6000000000000 0.0200000000000 0.5739581164296 0.2552050897426 23690.315500000  2454.598347835 12731.598000000   447.495200000    30.695993363    43.014712500    -230940  0.465343025402  0.465343025402  0.110648250000  0.171284187500  0.504851300000 19386.291   192.452     0.820453875     0.989558160  -52.39191
   0  6 0.9609540900000 0.6000000000000 0.0450000000000 0.6000000000000 0.0200000000000 0.8674574656585 0.4516508501406 27247.619500000  2186.622982859 10787.392000000   419.997600000    47.847624317    60.303445000     -96744  0.420353324328  0.420353324328  0.164001600000  0.078556750000  0.446485200000 20661.191   198.584     0.775545000     0.987308610  -50.17465
   0 10 0.9679840700000 0.6000000000000 0.0450000000000 0.6000000000000 0.0200000000000 0.9580122861036 0.3753562288466 25049.927500000  2401.052626969 13301.802000000   484.600500000    31.485568877    45.977575000    -956357  0.571409388775  0.571409388775  0.152279000000  0.085828250000  0.355932900000 22591.366   214.505     0.891374625     0.989867322  -54.25717
   0  9 0.9828929600000 0.6000000000000 0.0450000000000 0.6000000000000 0.0200000000000 0.7900768396768 0.2897056023305 21170.918500000  2400.044381941 12347.996000000   475.307100000    32.981846895    50.570670000    -793686  0.467605854298  0.467605854298  0.175449250000  0.086339375000  0.428901700000 17820.071   204.140     0.838735500     0.991209792  -53.33616
   0  6 0.9553844700000 0.6000000000000 0.0450000000000 0.6000000000000 0.0200000000000 0.8459651541934 0.4537345774184 22243.858000000  2666.891457111 13280.818000000   345.939500000    42.907380293    64.544207500    -873988  0.465421532753  0.465421532753  0.149964500000  0.061669750000  0.553799900000 18676.358   198.644     0.843775000     0.987435907  -55.59616
   0  7 0.9531913900000 0.6000000000000 0.0450000000000 0.6000000000000 0.0200000000000 0.8762173174951 0.4502724300292 25315.364500000  2418.913314202 12574.288000000   241.352100000   161.981403487   141.872432500     -17280  0.529266961227  0.529266961227  0.117932050000  0.071472562500  0.259364300000 20692.832   188.484     0.816118625     0.979512213  -51.83985
   0  6 0.9732834400000 0.6000000000000 0.0450000000000 0.6000000000000 0.0200000000000 0.8823426511924 0.4233481090734 23459.884000000  2555.120227434 13199.130000000   392.834000000    35.503096942    52.084455000    -445820  0.345819711298  0.345819711298  0.112840000000  0.085841000000  0.545410100000 19969.059   199.018     0.851195250     0.988270573  -55.73058
   0  9 0.9744348500000 0.6000000000000 0.0450000000000 0.6000000000000 0.0200000000000 0.7661658305940 0.3047643292627 26186.965000000  2439.898671191 13751.868000000   419.911500000    33.847338196    48.208050000    -577969  0.560173142234  0.560173142234  0.125930800000  0.102796750000  0.493574500000 20751.776   204.300     0.778559125     0.987745404  -54.00556
   0  7 0.9833018700000 0.6000000000000 0.0450000000000 0.6000000000000 0.0200000000000 0.8333240943591 0.3450235411891 22287.368500000  2559.807652019 13301.824000000   347.820300000    42.145029178    63.327082500    -446784  0.349660718906  0.349660718906  0.150753350000  0.064071500000  0.289425400000 19222.554   202.954     0.862309500     0.987351400  -55.84442
   0  6 0.9729420000000 0.6000000000000 0.0450000000000 0.6000000000000 0.0200000000000 0.8491800862225 0.4085106756823 23239.105000000  2466.217612858 12559.000000000   224.969100000   110.659361858   111.495300000    -349116  0.361163966904  0.361163966904  0.107418300000  0.094496625000  0.536474000000 19430.458   171.263     0.838612875     0.979714040  -52.10613
   0  7 0.9654717800000 0.6000000000000 0.0450000000000 0.6000000000000 0.0200000000000 0.8120821845333 0.3895421040186 26163.313000000  2681.239849025 14742.178000000   283.144900000    61.629648266    80.661607500    -944847  0.476451152463  0.476451152463  0.141626100000  0.067592437500  0.405206400000 22514.675   196.867     0.849601250     0.981901581  -53.09219
   0  7 0.9880710400000 0.6000000000000 0.0450000000000 0.6000000000000 0.0200000000000 0.8930267742086 0.3500733473267 22700.900500000  2538.738310573 13380.064000000   342.605100000    38.554140414    56.028785000    -486342  0.300870571905  0.300870571905  0.123574600000  0.059605312500  0.319037400000 18939.809   192.100     0.832812500     0.986880366  -55.13257
   0  9 0.9854577700000 0.6000000000000 0.0450000000000 0.6000000000000 0.0200000000000 0.6817725991917 0.2428308225526 24304.579000000  2539.140805276 14153.018000000   299.669000000    37.895500235    51.151835000    -930063  0.517196193087  0.517196193087  0.177560100000  0.119409437500  0.492534600000 23157.183   184.965     0.983064875     0.983968950  -47.89943
   0  8 0.9883099500000 0.6000000000000 0.0450000000000 0.6000000000000 0.0200000000000 0.6509017536563 0.2391166732427 20091.445000000  2537.768280233 12710.844000000   245.875600000    78.155946375   102.042675000    -440913  0.458571271246  0.458571271246  0.159318650000  0.109272000000  0.560219600000 17526.222   185.862     0.877982125     0.983817685  -51.81139
   0  6 0.9748509100000 0.6000000000000 0.0450000000000 0.6000000000000 0.0200000000000 0.7497412063120 0.3552898323434 24934.232500000  2632.384599700 14067.664000000   366.131000000    38.830562265    57.529277500    -593399  0.397500155271  0.397500155271  0.154900750000  0.110842687500  0.503721000000 21100.174   206.060     0.841186625     0.986615261  -54.17288
   0  7 0.9838877400000 0.6000000000000 0.0450000000000 0.6000000000000 0.0200000000000 0.9415491534346 0.3873991513150 18955.136500000  2891.414825608 13600.978000000   340.194100000    37.474429028    65.622622500    -437061  0.306443521832  0.306443521832  0.128712000000  0.085359312500  0.427753400000 17049.336   201.326     0.919464250     0.988997498  -51.59061
   0  6 0.9717385700000 0.6000000000000 0.0450000000000 0.6000000000000 0.0200000000000 0.7096564893342 0.3445067294493 26016.271000000  2477.813169512 13153.390000000   332.161500000    49.445754265    65.427297500    -476626  0.439981499448  0.439981499448  0.169295100000  0.102127875000  0.271599200000 20559.960   197.014     0.791686250     0.984626020  -53.32286
   0  8 0.9768651900000 0.6000000000000 0.0450000000000 0.6000000000000 0.0200000000000 0.9593348205039 0.3980102753107 24679.784500000  2874.327898699 15826.744000000   495.652700000    19.824417723    36.995290000    -813693  0.379661883518  0.379661883518  0.133970250000  0.144664125000  0.545490100000 21302.585   212.872     0.849313375     0.990204793  -52.61237
   0  9 0.9747588100000 0.6000000000000 0.0450000000000 0.6000000000000 0.0200000000000 0.7201120504061 0.2856524450022 25702.936000000  2363.206886153 13106.984000000   466.414000000    33.005344705    46.670377500    -392794  0.592647318366  0.592647318366  0.139906550000  0.053499437500  0.598819100000 20976.427   207.871     0.801990750     0.989169612  -55.43836
   0  7 0.9803865700000 0.6000000000000 0.0450000000000 0.6000000000000 0.0200000000000 0.5534713142467 0.2360144015093 25379.557000000  2378.007042483 12745.956000000   410.698400000    36.117967799    48.998060000    -590433  0.552546319034  0.552546319034  0.127433100000  0.064898062500  0.314195600000 20720.571   198.433     0.812465625     0.987821790  -54.69635
   0  6 0.9668233300000 0.6000000000000 0.0450000000000 0.6000000000000 0.0200000000000 0.7777527719607 0.3907221133585 22594.804000000  2602.644479369 13174.426000000   352.306400000    45.416495237    68.175790000    -525396  0.431368820453  0.431368820453  0.145539100000  0.104545812500  0.216582100000 17743.288   204.046     0.794946750     0.987433175  -53.59070
   0  9 0.9803327300000 0.6000000000000 0.0450000000000 0.6000000000000 0.0200000000000 0.7232950972389 0.2724212337559 25059.850000000  2577.142929303 14493.314000000   384.884100000    34.344060264    52.383812500    -298663  0.534814710539  0.534814710539  0.131809550000  0.067521187500  0.518522200000 21348.595   208.058     0.833188375     0.987169063  -55.25602
   0  6 0.9667782600000 0.6000000000000 0.0450000000000 0.6000000000000 0.0200000000000 0.8801216939175 0.4422797610025 23221.055500000  2717.350384970 14013.062000000   221.322100000   134.678765334   128.720040000    -119422  0.381443090916  0.381443090916  0.158386550000  0.076596312500  0.500528000000 20115.875   176.622     0.866315500     0.979441639  -52.67839
   0  6 0.9695426300000 0.6000000000000 0.0450000000000 0.6000000000000 0.0200000000000 0.7227967026217 0.3564898029612 19682.746000000  3306.834710854 15041.962000000   239.375900000    75.546006362   111.532317500    -453723  0.446187978086  0.446187978086  0.208082850000  0.075880937500  0.576745800000 18051.167   190.230     0.943822625     0.983873492  -48.77074
   0  6 0.9724780100000 0.6000000000000 0.0450000000000 0.6000000000000 0.0200000000000 0.5561738209273 0.2685040165546 21110.452000000  2981.754029801 14668.832000000   467.455400000    24.621603064    47.117805000      -6595  0.555263770629  0.555263770629  0.154653550000  0.052034812500  0.531016200000 17944.738   206.440     0.855767750     0.991133038  -54.08150
   0  6 0.9825153500000 0.6000000000000 0.0450000000000 0.6000000000000 0.0200000000000 0.5268856573349 0.2329149849120 24440.497000000  2378.670276712 12340.120000000   244.817000000    79.559937922    87.522715000    -213574  0.502293610896  0.502293610896  0.174024650000  0.104539312500  0.461238800000 19314.512   171.229     0.796001250     0.980302699  -50.20842
   0  6 0.9701225400000 0.6000000000000 0.0450000000000 0.6000000000000 0.0200000000000 0.7611009265280 0.3738474743810 23238.956500000  2575.805533541 13224.888000000   481.288300000    32.245042295    50.616982500    -540369  0.420144345286  0.420144345286  0.139608550000  0.096953250000  0.477735500000 19933.378   213.960     0.858501625     0.990528098  -55.74312
   0  7 0.9821155700000 0.6000000000000 0.0450000000000 0.6000000000000 0.0200000000000 0.9480021274956 0.3973718600745 24466.714000000  2526.792370395 13640.526000000   467.896100000    32.389457825    50.200462500    -590472  0.313504611577  0.313504611577  0.131626300000  0.055560437500  0.595276900000 20579.386   217.945     0.834641000     0.989685108  -55.44807
   0  9 0.9838636000000 0.6000000000000 0.0450000000000 0.6000000000000 0.0200000000000 0.9412595557427 0.3414599798023 23357.162500000  2374.969071378 12821.206000000   467.709400000    29.057748626    40.841372500    -592422  0.385660123316  0.385660123316  0.149237650000  0.151208250000  0.442504000000 21408.383   198.783     0.919852875     0.990138819  -51.93335
   0  8 0.9817245800000 0.6000000000000 0.0450000000000 0.6000000000000 0.0200000000000 0.7671979408638 0.3038601813858 22219.787500000  2532.908117593 13265.818000000   377.203700000    37.909169211    57.992857500     -37230  0.436940215433  0.436940215433  0.123796750000  0.193747187500  0.374065700000 20508.315   208.077     0.936544375     0.988382674  -51.14162
   0  8 0.9884551700000 0.6000000000000 0.0450000000000 0.6000000000000 0.0200000000000 0.5804376933282 0.2128363090370 22995.943000000  2438.447166909 13035.974000000   274.189900000    76.987457158   100.073630000    -153273  0.512900315809  0.512900315809  0.136079850000  0.081220250000  0.352453100000 18633.096   199.572     0.807114750     0.983389260  -52.66530
   0  6 0.9516543500000 0.6000000000000 0.0450000000000 0.6000000000000 0.0200000000000 0.9184433509540 0.5015305337488 20441.824000000  2586.238734062 12268.930000000   490.679300000    36.967981252    60.807650000    -799317  0.450798783401  0.450798783401  0.186398600000  0.093618187500  0.446159700000 16767.585   216.515     0.833227750     0.991864490  -50.92768
 
  COND2           1      679722  9.072594156012027E+043  5.187085384079076E+041
  5.717312264697537E-003         100
    679722   9201812    394579         0     13096         0         0         0         0         0   1464813      1186         0   3044792    679722
 PARAMETER FILE GI04B.PAR   
