  Aa Am            MSYL            MSYR           MORTJ           MORTA             K1+           PInit      ISEED   PTarget           CVADD              AR        PREG-MAX           GAMMA              P0   SSTILDA     LIKEL
   0  7 0.9807945300000 0.6000000000000 0.0450000000000 0.6000000000000 0.0200000000000 0.8142500641976 0.3458418854511 20055.022000000  2504.635723939 12228.996000000   322.171800000    23.394677579    47.740700000    -899659  0.373069326916  0.373069326916  0.110569350000  0.057541875000  0.206961600000 18137.044   201.205     0.924276875     0.981594601  -52.67209
   0  8 0.9750346000000 0.6000000000000 0.0450000000000 0.6000000000000 0.0200000000000 0.8968874205304 0.3780515742332 22670.863000000  2486.010027534 12954.052000000   422.229100000     5.351993439    24.049662500    -404283  0.418767866683  0.418767866683  0.145767150000  0.192077062500  0.353088800000 20195.059   214.449     0.892754750     0.984169423  -53.43607
   0  8 0.9678471500000 0.6000000000000 0.0450000000000 0.6000000000000 0.0200000000000 0.7223036290902 0.3217502851027 21434.749000000  2979.368550868 14848.852000000   329.917500000     3.178274962    30.580342500    -532241  0.585152067192  0.585152067192  0.169421750000  0.104283000000  0.438352300000 20035.691   210.202     0.962914375     0.980897679  -52.08596
   0 11 0.9844175300000 0.6000000000000 0.0450000000000 0.6000000000000 0.0200000000000 0.8257283639140 0.2573511380462 25869.890500000  2141.472917030 12102.210000000   334.569700000    24.508124339    36.687970000    -924366  0.558560386452  0.558560386452  0.125201950000  0.096782375000  0.401793500000 21203.363   194.154     0.799717000     0.977089673  -52.95189
   0  7 0.9812900700000 0.6000000000000 0.0450000000000 0.6000000000000 0.0200000000000 0.5388207722072 0.2277410664724 25109.449000000  2777.347179741 15299.676000000   258.622600000    25.017225515    51.116930000    -774870  0.559178785249  0.559178785249  0.186923400000  0.111626312500  0.597563800000 22018.635   185.324     0.868064500     0.971285669  -50.39261
   0  9 0.9803637900000 0.6000000000000 0.0450000000000 0.6000000000000 0.0200000000000 0.8587978335703 0.3233556875573 22271.506000000  2553.386899531 13472.732000000   339.720200000     9.510071581    32.333587500     -46129  0.450180937273  0.450180937273  0.182675150000  0.077286125000  0.289975900000 20425.945   204.820     0.924887500     0.980620767  -53.59648
   0  7 0.9766141100000 0.6000000000000 0.0450000000000 0.6000000000000 0.0200000000000 0.6291570968518 0.2777058526118 21819.256000000  2491.739648539 12605.934000000   422.835900000     7.977448236    27.170670000    -526489  0.516821879054  0.516821879054  0.178319100000  0.084365312500  0.486535600000 17671.929   207.177     0.816512625     0.984774987  -53.59123
   0  7 0.9694320500000 0.6000000000000 0.0450000000000 0.6000000000000 0.0200000000000 0.8328991344994 0.3889508092548 27232.985500000  2384.833796129 12855.546000000   363.971900000    21.336417405    38.628187500    -825095  0.437204864300  0.437204864300  0.144462000000  0.089138937500  0.575604600000 21993.220   212.532     0.803425250     0.977989157  -52.08776
   0  7 0.9655833100000 0.6000000000000 0.0450000000000 0.6000000000000 0.0200000000000 0.9033742357356 0.4330214708575 21570.937000000  2546.331809885 12685.640000000   397.868600000     7.060942925    26.529542500    -535829  0.427578493544  0.427578493544  0.124578050000  0.115384750000  0.230098900000 20235.517   209.851     0.974963000     0.984070881  -51.91465
   0 10 0.9781227500000 0.6000000000000 0.0450000000000 0.6000000000000 0.0200000000000 0.9021699126461 0.3243103947296 22974.505000000  2335.724243361 12487.970000000   417.066300000     8.967626640    25.053197500     -79415  0.505611217165  0.505611217165  0.132831700000  0.254100500000  0.212505000000 19639.479   208.479     0.842555750     0.983735270  -52.04386
   0  7 0.9722388100000 0.6000000000000 0.0450000000000 0.6000000000000 0.0200000000000 0.9689904384618 0.4432178767129 22507.675000000  2734.386637530 14104.796000000   349.583400000     3.762698228    27.776145000    -962960  0.359720526374  0.359720526374  0.157300300000  0.056992875000  0.266156500000 19520.380   203.745     0.867410875     0.981039617  -55.15251
   0  8 0.9764329000000 0.6000000000000 0.0450000000000 0.6000000000000 0.0200000000000 0.7209431353166 0.3002506997554 23066.615500000  2413.605298587 12623.068000000   324.566500000    27.816728628    49.215030000    -636680  0.508895238766  0.508895238766  0.186075950000  0.084982375000  0.555484500000 19463.920   203.705     0.840744375     0.979033162  -53.09414
   0  8 0.9895747400000 0.6000000000000 0.0450000000000 0.6000000000000 0.0200000000000 0.8451966543325 0.3054275257842 24055.841500000  2432.008048499 13236.220000000   322.567400000    17.215631978    37.290390000    -640854  0.345188601426  0.345188601426  0.160290950000  0.105082750000  0.458448000000 19657.276   197.521     0.810828000     0.977826765  -54.35374
   0  6 0.9630048400000 0.6000000000000 0.0450000000000 0.6000000000000 0.0200000000000 0.9485258492487 0.4880062000080 20830.435000000  2778.268958967 13478.850000000   233.686600000   124.559164640   126.738060000    -739737  0.373509988231  0.373509988231  0.169736400000  0.104281125000  0.454404100000 19027.636   189.368     0.935435500     0.973829652  -50.61263
   0  9 0.9697707100000 0.6000000000000 0.0450000000000 0.6000000000000 0.0200000000000 0.8109750989516 0.3348683504395 25160.330500000  2574.354977349 14250.312000000   339.224500000     4.304868592    21.854482500    -202230  0.573496489347  0.573496489347  0.160499950000  0.129872500000  0.235715500000 21387.699   201.034     0.833244875     0.978178182  -53.79901
   0 11 0.9797379800000 0.6000000000000 0.0450000000000 0.6000000000000 0.0200000000000 0.8604123458084 0.2827052185419 24659.521000000  2702.437933483 15291.744000000   325.036100000    11.478643670    41.778542500    -357872  0.586231296174  0.586231296174  0.146358450000  0.053195875000  0.550904500000 21838.504   214.719     0.859207000     0.977580960  -50.84491
   0  6 0.9740254500000 0.6000000000000 0.0450000000000 0.6000000000000 0.0200000000000 0.7060631221751 0.3368077418452 22709.689000000  2437.879702807 12226.380000000   295.433900000    45.683946193    66.599995000    -773758  0.427375055176  0.427375055176  0.169243250000  0.066727437500  0.566676400000 17434.607   195.288     0.783203125     0.977346390  -52.08255
   0  7 0.9895946300000 0.6000000000000 0.0450000000000 0.6000000000000 0.0200000000000 0.6071631580122 0.2334330776620 25326.920500000  2625.272752932 14595.040000000   278.244700000    25.925688706    49.618647500    -359041  0.430970607490  0.430970607490  0.182847400000  0.084845312500  0.556929300000 20983.405   191.544     0.819715250     0.972936076  -51.86933
   0  6 0.9681886500000 0.6000000000000 0.0450000000000 0.6000000000000 0.0200000000000 0.6203940799598 0.3088510086122 24601.970500000  2473.468159759 12754.948000000   352.844400000    10.374871451    27.191340000    -126514  0.530202436172  0.530202436172  0.160522950000  0.062854125000  0.236724000000 20193.979   194.694     0.822223625     0.979497382  -53.49580
   0  9 0.9668933900000 0.6000000000000 0.0450000000000 0.6000000000000 0.0200000000000 0.9390635489463 0.3959540262194 24984.871000000  2475.956188793 13526.796000000   272.595400000    41.880983063    59.064935000     -52358  0.520054785330  0.520054785330  0.147216450000  0.053293312500  0.390670300000 21842.731   189.310     0.862110500     0.973060035  -53.80557
   0  7 0.9829166600000 0.6000000000000 0.0450000000000 0.6000000000000 0.0200000000000 0.6180963997531 0.2569515774702 22582.060000000  3092.507801763 15968.048000000   302.175400000     2.950161164    31.456347500    -198250  0.474462297430  0.474462297430  0.167933550000  0.096888250000  0.457486100000 20644.073   207.132     0.922056500     0.977877433  -51.19283
   0  7 0.9623380200000 0.6000000000000 0.0450000000000 0.6000000000000 0.0200000000000 0.6784166573283 0.3318193439658 24237.376000000  2711.616300531 14334.478000000   239.142000000    78.239489074    88.628852500    -633522  0.597874640194  0.597874640194  0.133005700000  0.130897062500  0.277730400000 20566.120   179.261     0.843501500     0.970249200  -52.35806
   0  9 0.9889108000000 0.6000000000000 0.0450000000000 0.6000000000000 0.0200000000000 0.6352078466726 0.2166844020702 19536.946000000  2555.664128040 12660.716000000   449.433400000     4.255424919    25.025767500     -95054  0.520825231680  0.520825231680  0.153625150000  0.073533312500  0.215077400000 16677.120   208.344     0.856910500     0.987081499  -52.56213
   0  8 0.9766668800000 0.6000000000000 0.0450000000000 0.6000000000000 0.0200000000000 0.7882729755478 0.3276153656776 25669.982500000  2674.357902857 14947.060000000   333.261400000     3.990237287    23.564372500    -363308  0.463598539605  0.463598539605  0.133506500000  0.076721875000  0.379878700000 21309.931   205.407     0.816678750     0.977273063  -53.49128
   0  8 0.9572429300000 0.6000000000000 0.0450000000000 0.6000000000000 0.0200000000000 0.9099798766262 0.4327878303598 24631.130500000  2751.081900727 14763.186000000   322.011900000     3.755595113    29.657862500     -36879  0.549226582274  0.549226582274  0.152827300000  0.183254312500  0.478470800000 21358.430   198.909     0.857961750     0.977572700  -52.34340
   0  7 0.9639865300000 0.6000000000000 0.0450000000000 0.6000000000000 0.0200000000000 0.7300208616691 0.3534875027414 21469.430500000  2537.800451659 12584.578000000   325.770800000    29.974257719    56.031450000    -546905  0.542039953214  0.542039953214  0.138293800000  0.052401562500  0.574387700000 17922.602   206.143     0.840948750     0.980646044  -53.77098
   0  7 0.9770587500000 0.6000000000000 0.0450000000000 0.6000000000000 0.0200000000000 0.9703633714235 0.4266572502084 24449.987500000  2562.753724856 13728.350000000   275.570600000    47.878792640    68.745092500    -943868  0.332702840551  0.332702840551  0.147897350000  0.054455125000  0.497899400000 21859.273   200.029     0.892571375     0.973816559  -53.08252
   0  8 0.9678110900000 0.6000000000000 0.0450000000000 0.6000000000000 0.0200000000000 0.8670354660004 0.3863184612377 23726.603500000  2517.023393031 13302.232000000   376.402300000     4.504163333    23.015285000    -597340  0.487758364245  0.487758364245  0.117229850000  0.182583687500  0.440494400000 19994.500   201.414     0.836904125     0.981466767  -54.21475
   0  8 0.9864009900000 0.6000000000000 0.0450000000000 0.6000000000000 0.0200000000000 0.9845951737365 0.3703065212823 23692.624000000  2732.231341556 14884.772000000   308.584000000    11.192179968    40.467232500    -751915  0.313671942700  0.313671942700  0.138939400000  0.111174500000  0.408391100000 21277.585   206.548     0.893195875     0.977222165  -53.31115
   0  6 0.9795534700000 0.6000000000000 0.0450000000000 0.6000000000000 0.0200000000000 0.5142058753391 0.2339454003610 24848.588500000  2532.583629669 13416.808000000   324.691500000    23.470896855    45.711952500    -909387  0.539236296400  0.539236296400  0.111738550000  0.093939125000  0.234871700000 20906.530   207.500     0.838346875     0.977387279  -53.83853
   0  7 0.9770209000000 0.6000000000000 0.0450000000000 0.6000000000000 0.0200000000000 0.6287921935073 0.2765641063759 24450.865000000  2450.276881476 12973.630000000   388.381000000     8.230684992    25.954910000    -866840  0.513746338667  0.513746338667  0.157026750000  0.125149500000  0.557061100000 19664.682   205.809     0.804226250     0.981421554  -54.50834
   0  9 0.9860141900000 0.6000000000000 0.0450000000000 0.6000000000000 0.0200000000000 0.9291743239470 0.3287632377234 21860.026000000  2469.259534065 12975.192000000   307.699400000    14.797030928    35.493920000    -865921  0.375637854554  0.375637854554  0.177385500000  0.086823687500  0.498298000000 19456.705   190.190     0.888758875     0.978928923  -52.46835
   0 10 0.9855854700000 0.6000000000000 0.0450000000000 0.6000000000000 0.0200000000000 0.7816115296764 0.2590864150485 24851.585500000  2298.068566489 12852.534000000   266.295700000    90.995656577    97.395857500    -596886  0.508000368066  0.508000368066  0.138843600000  0.137026375000  0.463462300000 21686.612   199.851     0.855977125     0.972328520  -51.12403
   0  9 0.9786809700000 0.6000000000000 0.0450000000000 0.6000000000000 0.0200000000000 0.9783079509366 0.3744989247539 23068.100500000  2339.403890095 12368.430000000   333.946200000    19.894901097    37.495920000    -683317  0.407193739771  0.407193739771  0.155742350000  0.145168187500  0.552154700000 20049.077   197.788     0.863380375     0.979598478  -53.40514
   0  7 0.9707110900000 0.6000000000000 0.0450000000000 0.6000000000000 0.0200000000000 0.7051828850671 0.3262742951859 20604.931000000  2707.746201183 13296.112000000   318.081500000    13.230360618    39.724607500    -570556  0.506238507048  0.506238507048  0.208564900000  0.051836562500  0.284778500000 18926.758   198.209     0.942367625     0.980934671  -51.25402
   0  9 0.9619940500000 0.6000000000000 0.0450000000000 0.6000000000000 0.0200000000000 0.9204418152974 0.4008891707411 21755.104000000  2601.972765068 13260.792000000   334.133900000    12.073851519    35.338212500    -475573  0.575886439331  0.575886439331  0.117307000000  0.087357500000  0.369164000000 19399.454   198.533     0.893545875     0.980889536  -54.67579
   0  6 0.9676425000000 0.6000000000000 0.0450000000000 0.6000000000000 0.0200000000000 0.6856158059298 0.3425757823113 23321.590000000  2538.383462015 12918.412000000   319.243500000    17.553522516    37.764987500    -533672  0.483580674793  0.483580674793  0.130636200000  0.119556500000  0.214577500000 19903.129   193.667     0.855559125     0.978522693  -54.86052
   0 11 0.9816464600000 0.6000000000000 0.0450000000000 0.6000000000000 0.0200000000000 0.9685897259681 0.3117432756723 25910.296000000  2377.084338242 13773.324000000   281.844400000    47.658078856    64.843207500    -425130  0.502172856680  0.502172856680  0.146329850000  0.066326500000  0.433152200000 22432.948   198.011     0.838089625     0.972805733  -53.01937
   0  7 0.9652470200000 0.6000000000000 0.0450000000000 0.6000000000000 0.0200000000000 0.8989672161000 0.4318429536139 23954.051500000  2688.600916025 14169.720000000   222.854400000   194.206390513   129.950360000    -377054  0.431871100215  0.431871100215  0.111774450000  0.062329500000  0.432179200000 20029.517   174.015     0.832271125     0.968422581  -51.24053
   0  9 0.9834519800000 0.6000000000000 0.0450000000000 0.6000000000000 0.0200000000000 0.9127862456808 0.3326532236510 24228.911500000  2374.880378943 12981.792000000   298.312500000    41.784849305    62.114897500    -579918  0.400670428365  0.400670428365  0.112086550000  0.205410562500  0.569414000000 20649.728   203.361     0.840058000     0.975949110  -50.77532
   0  8 0.9709545700000 0.6000000000000 0.0450000000000 0.6000000000000 0.0200000000000 0.8866921543215 0.3861478234324 22674.967000000  2364.315090296 12112.218000000   413.917700000    13.142969768    30.213970000    -814056  0.453164747589  0.453164747589  0.177783100000  0.118592187500  0.329176600000 18418.817   206.686     0.814162875     0.983875587  -53.11155
   0  6 0.9868632700000 0.6000000000000 0.0450000000000 0.6000000000000 0.0200000000000 0.5466615183760 0.2304417166885 24734.486500000  2507.604475982 13360.244000000   357.997500000     5.134320905    23.602560000    -518007  0.451298559570  0.451298559570  0.127597900000  0.084711000000  0.511640500000 22439.215   207.987     0.909498750     0.979496460  -54.00849
   0  8 0.9616453000000 0.6000000000000 0.0450000000000 0.6000000000000 0.0200000000000 0.8063479069073 0.3739411600489 22939.067500000  2624.340929070 13622.920000000   338.140900000    12.992212842    37.184570000    -589029  0.578653877871  0.578653877871  0.103140450000  0.194560312500  0.247712300000 19767.631   203.382     0.858256250     0.980090035  -52.32655
   0  8 0.9870381900000 0.6000000000000 0.0450000000000 0.6000000000000 0.0200000000000 0.6065595065175 0.2263823367821 21803.110000000  2508.344166557 13050.676000000   300.955200000    24.716220128    48.771080000    -549961  0.503425146508  0.503425146508  0.116691200000  0.083992687500  0.353562800000 18777.320   196.380     0.859968375     0.978498265  -55.10051
   0  7 0.9867413500000 0.6000000000000 0.0450000000000 0.6000000000000 0.0200000000000 0.5447381006632 0.2170140614051 26000.935000000  2282.555941547 12181.426000000   287.287100000    51.758135467    62.562065000    -684633  0.504646663482  0.504646663482  0.149969150000  0.124511000000  0.568338400000 21146.980   192.476     0.810659625     0.973143869  -52.05561
   0 11 0.9847640900000 0.6000000000000 0.0450000000000 0.6000000000000 0.0200000000000 0.8184397393612 0.2540058122993 22543.261000000  2089.007887452 11000.076000000   476.116100000    15.934808131    27.880470000    -779716  0.559781973285  0.559781973285  0.129513150000  0.275198312500  0.403353600000 18905.017   209.890     0.830433875     0.985967968  -48.31015
   0  7 0.9895714900000 0.6000000000000 0.0450000000000 0.6000000000000 0.0200000000000 0.4601069187731 0.1769486917508 22893.734500000  2727.988711159 14505.448000000   323.213500000     3.829297579    30.179455000    -762085  0.568944280390  0.568944280390  0.162915600000  0.055924750000  0.409214400000 19121.811   198.141     0.832380000     0.978940159  -54.25021
   0  8 0.9663846100000 0.6000000000000 0.0450000000000 0.6000000000000 0.0200000000000 0.8134542426718 0.3660110175672 21041.696500000  2816.698475297 13991.944000000   295.751100000    13.658770222    43.194600000     -38483  0.531969300112  0.531969300112  0.126040800000  0.083430937500  0.242469800000 18560.440   191.524     0.886527125     0.979091482  -53.71877
   0  7 0.9818395700000 0.6000000000000 0.0450000000000 0.6000000000000 0.0200000000000 0.8807267177927 0.3702081748133 24148.870000000  2406.788514953 12694.386000000   268.342200000    47.506652575    62.167742500    -446820  0.339001829348  0.339001829348  0.117368450000  0.078827812500  0.529208800000 20036.163   184.424     0.827684250     0.973376234  -53.93893
   0  7 0.9821482900000 0.6000000000000 0.0450000000000 0.6000000000000 0.0200000000000 0.8915441317292 0.3735817618225 24373.024000000  2338.129650314 12246.848000000   407.280200000    11.443771018    26.544265000    -312878  0.333176422859  0.333176422859  0.127483050000  0.078167812500  0.370109200000 19708.610   207.452     0.809745500     0.982292634  -55.12491
   0 10 0.9844199000000 0.6000000000000 0.0450000000000 0.6000000000000 0.0200000000000 0.9254678249920 0.3110696772908 26394.500500000  2203.264612037 12436.460000000   309.336700000    47.757290346    61.758307500    -395515  0.438556330240  0.438556330240  0.155262300000  0.073252937500  0.351123400000 21809.793   203.942     0.808224375     0.974718320  -52.01008
   0  7 0.9787918200000 0.6000000000000 0.0450000000000 0.6000000000000 0.0200000000000 0.7455078053986 0.3227255084069 22991.515000000  2428.782987600 12537.006000000   296.036600000    42.408717744    63.700572500    -821567  0.421059870529  0.421059870529  0.248672050000  0.106371937500  0.583710400000 18856.184   198.895     0.822417750     0.977061034  -48.36526
   0  6 0.9828556300000 0.6000000000000 0.0450000000000 0.6000000000000 0.0200000000000 0.5531818004349 0.2436899027840 25676.260000000  2490.308424200 13341.756000000   336.514400000    15.497192983    34.980712500    -340004  0.475832350998  0.475832350998  0.147584000000  0.081769250000  0.356774000000 21761.738   205.641     0.842253125     0.977413775  -54.33159
   0  6 0.9600897100000 0.6000000000000 0.0450000000000 0.6000000000000 0.0200000000000 0.7448400117964 0.3896970273612 23613.055000000  2332.513017411 11437.048000000   337.734000000    30.855976857    47.063790000     -94332  0.495488755143  0.495488755143  0.202810550000  0.053070875000  0.431984900000 20490.546   200.716     0.874913500     0.979488029  -51.22132
   0  9 0.9860716500000 0.6000000000000 0.0450000000000 0.6000000000000 0.0200000000000 0.6017218634363 0.2127559047467 24680.081500000  2522.812650948 14121.438000000   326.659400000     4.514196739    25.640375000    -793381  0.579445709503  0.579445709503  0.133704900000  0.137915937500  0.371340300000 21082.460   197.267     0.837802750     0.977590592  -54.45319
   0  6 0.9745115500000 0.6000000000000 0.0450000000000 0.6000000000000 0.0200000000000 0.7879224993378 0.3744049895602 25353.920500000  2531.648110738 13418.560000000   306.505900000    36.746901425    58.280645000    -320500  0.380180825807  0.380180825807  0.119995400000  0.116295187500  0.549124800000 19833.033   202.365     0.786485375     0.975617199  -51.98363
   0  6 0.9836316700000 0.6000000000000 0.0450000000000 0.6000000000000 0.0200000000000 0.4386061050994 0.1916615766746 20257.414000000  2539.633290014 12376.232000000   487.327000000     4.398268729    22.719437500    -536050  0.592736453032  0.592736453032  0.193570300000  0.131695500000  0.267520800000 17056.390   209.058     0.854194875     0.987689407  -51.44726
   0  6 0.9767895400000 0.6000000000000 0.0450000000000 0.6000000000000 0.0200000000000 0.6489224133223 0.3025949802172 21314.612500000  2379.966292417 11579.388000000   449.683900000    16.943330841    36.755602500    -442290  0.445916902168  0.445916902168  0.199284250000  0.207932812500  0.543065400000 18692.992   222.383     0.889276125     0.986013935  -47.89660
   0  6 0.9772358300000 0.6000000000000 0.0450000000000 0.6000000000000 0.0200000000000 0.9097003858722 0.4225706492006 23902.724500000  2359.485994614 11960.238000000   264.318700000    64.949447892    74.964195000    -545497  0.315921199348  0.315921199348  0.118642650000  0.102184062500  0.213126300000 19732.916   184.852     0.829563000     0.973310693  -52.99410
   0 11 0.9801251000000 0.6000000000000 0.0450000000000 0.6000000000000 0.0200000000000 0.8655353364399 0.2832256971601 22309.022500000  2492.374679084 13378.814000000   237.661000000    74.770534888    87.629575000     -64911  0.578491532376  0.578491532376  0.121858000000  0.098107125000  0.552116900000 19307.993   177.604     0.847297875     0.972255587  -52.90959
   0  8 0.9623139200000 0.6000000000000 0.0450000000000 0.6000000000000 0.0200000000000 0.8070116069031 0.3727326599292 22548.296500000  2648.408200146 13646.706000000   280.592400000    33.592280009    59.134160000    -214470  0.572115627178  0.572115627178  0.112676650000  0.084945062500  0.508264700000 20214.877   195.554     0.900540000     0.976411298  -54.35949
   0  9 0.9810475400000 0.6000000000000 0.0450000000000 0.6000000000000 0.0200000000000 0.8033688425721 0.3003871323933 22496.699500000  2520.656124750 13373.128000000   379.082400000     4.445543550    20.313235000    -890031  0.475392866634  0.475392866634  0.121049300000  0.115465250000  0.596448100000 20754.449   210.908     0.932918500     0.982450895  -54.13658
   0 10 0.9899603000000 0.6000000000000 0.0450000000000 0.6000000000000 0.0200000000000 0.7998691602829 0.2503792945641 23259.287500000  2254.109958053 12259.078000000   497.184300000     6.488245461    20.095550000    -387695  0.456721559127  0.456721559127  0.145791950000  0.141836562500  0.352824900000 20528.505   222.793     0.873004625     0.986086676  -53.88373
   0  8 0.9717461400000 0.6000000000000 0.0450000000000 0.6000000000000 0.0200000000000 0.7765251889940 0.3361296636831 22287.908500000  2523.642655621 13016.636000000   433.626000000     6.532199853    26.979440000    -637676  0.510775005998  0.510775005998  0.182819100000  0.144232000000  0.397832000000 19755.383   219.385     0.888789625     0.984866580  -52.50476
   0  9 0.9776015900000 0.6000000000000 0.0450000000000 0.6000000000000 0.0200000000000 0.9244947817839 0.3575253649857 20914.378000000  2474.956714121 12555.428000000   223.044500000   214.739641425   142.245467500    -347391  0.439195294581  0.439195294581  0.161474950000  0.088550125000  0.279198600000 19413.840   183.228     0.953249000     0.972321152  -50.67891
   0  9 0.9814878100000 0.6000000000000 0.0450000000000 0.6000000000000 0.0200000000000 0.8164152728774 0.3038769053047 22779.970000000  2516.675062598 13445.174000000   378.259000000    12.442444699    36.534992500    -839531  0.464117692326  0.464117692326  0.103552700000  0.050035875000  0.260008000000 18691.076   215.393     0.811792000     0.982186893  -52.64819
   0  6 0.9734381200000 0.6000000000000 0.0450000000000 0.6000000000000 0.0200000000000 0.8612013370090 0.4127086702868 25957.505500000  2537.541002790 13555.758000000   299.135100000    28.488287170    47.973237500    -358328  0.353489375042  0.353489375042  0.225958250000  0.166449750000  0.236313100000 21843.935   197.260     0.836395625     0.974433297  -48.37024
   0  7 0.9638588000000 0.6000000000000 0.0450000000000 0.6000000000000 0.0200000000000 0.9600225479824 0.4652267657837 28459.258000000  2348.422528642 12639.074000000   257.202200000   158.379668247   116.208937500    -699525  0.412971678653  0.412971678653  0.167768650000  0.153867187500  0.274436200000 19619.819   181.229     0.712356875     0.967506624  -46.61186
   0  9 0.9830850000000 0.6000000000000 0.0450000000000 0.6000000000000 0.0200000000000 0.7656452975678 0.2801592323253 21689.116000000  2377.638208558 12327.638000000   267.733100000    39.926836759    58.463067500    -145924  0.480854733029  0.480854733029  0.163304850000  0.076272375000  0.336926600000 19861.547   186.489     0.927676875     0.976016428  -52.12132
   0  6 0.9709749300000 0.6000000000000 0.0450000000000 0.6000000000000 0.0200000000000 0.8405573765208 0.4103508854113 25343.593000000  2276.780173608 11438.486000000   374.803600000    24.624492942    38.816655000    -395552  0.375683540637  0.375683540637  0.127342500000  0.064654500000  0.211636900000 20665.469   205.114     0.820509625     0.980096978  -52.92446
   0  6 0.9596808500000 0.6000000000000 0.0450000000000 0.6000000000000 0.0200000000000 0.7841158438513 0.4111758118454 25710.226000000  2593.776085066 13660.584000000   353.680200000    19.017906632    42.261850000     -92443  0.473352223137  0.473352223137  0.145523250000  0.056842750000  0.488395000000 19691.220   210.593     0.772741250     0.978675221  -51.91441
   0  6 0.9741812100000 0.6000000000000 0.0450000000000 0.6000000000000 0.0200000000000 0.5085737862182 0.2423017376262 26236.172500000  2447.298242396 12955.648000000   321.621000000    22.088117523    39.155370000    -859504  0.591944694392  0.591944694392  0.152282050000  0.052777187500  0.384603500000 22118.999   199.299     0.838676500     0.975957948  -53.81829
   0  6 0.9796863300000 0.6000000000000 0.0450000000000 0.6000000000000 0.0200000000000 0.5167398086555 0.2348080185871 22545.191500000  2472.329422184 12513.014000000   432.819500000     7.192508015    24.742692500    -351615  0.535482077172  0.535482077172  0.183644200000  0.062544062500  0.508601000000 19982.280   214.490     0.893200875     0.984607849  -53.74474
   0 11 0.9818553000000 0.6000000000000 0.0450000000000 0.6000000000000 0.0200000000000 0.9080544746616 0.2915792706832 23652.772000000  2478.323734771 13775.536000000   297.437100000    26.997747288    50.746267500    -452490  0.533517211292  0.533517211292  0.170038750000  0.050681937500  0.547717600000 20437.866   198.523     0.840769375     0.976473766  -53.99339
   0  8 0.9699018400000 0.6000000000000 0.0450000000000 0.6000000000000 0.0200000000000 0.7233271121495 0.3174896127410 25756.693000000  2388.786064481 12920.652000000   280.440800000    43.880611650    57.600322500    -796234  0.565155861024  0.565155861024  0.160422850000  0.100957187500  0.395503800000 19875.501   183.793     0.771391375     0.972977145  -52.19878
   0  7 0.9877272400000 0.6000000000000 0.0450000000000 0.6000000000000 0.0200000000000 0.6214941328894 0.2446661299198 25485.316000000  2347.988238583 12631.424000000   335.571800000    25.536596875    43.103177500    -355943  0.434894069417  0.434894069417  0.131919800000  0.101995812500  0.552941500000 21041.449   206.500     0.820788500     0.977449041  -53.69428
   0  9 0.9870351800000 0.6000000000000 0.0450000000000 0.6000000000000 0.0200000000000 0.7555311811833 0.2640087709618 24394.057000000  2783.347201380 15547.494000000   308.206200000     3.690066352    24.757285000    -684573  0.453373188183  0.453373188183  0.132894550000  0.085980437500  0.519768100000 21697.192   204.686     0.874915000     0.976509152  -53.12947
   0 11 0.9891111300000 0.6000000000000 0.0450000000000 0.6000000000000 0.0200000000000 0.8239034847710 0.2415136423177 20038.525000000  2352.480926421 12020.856000000   330.575400000    30.422219489    56.585867500    -311169  0.511029926618  0.511029926618  0.153849600000  0.106283875000  0.251577600000 17807.866   210.590     0.888648000     0.981983171  -51.17509
   0  7 0.9524442600000 0.6000000000000 0.0450000000000 0.6000000000000 0.0200000000000 0.9199666177236 0.4744676770827 21139.760500000  2852.191007225 13906.634000000   244.377200000    56.411517522    82.651582500     -86642  0.509528653673  0.509528653673  0.137333300000  0.162168437500  0.306797000000 18785.833   183.373     0.898701875     0.974657866  -51.11295
   0  6 0.9516504200000 0.6000000000000 0.0450000000000 0.6000000000000 0.0200000000000 0.6906568150986 0.3771509474832 25288.324000000  2781.086446634 14639.180000000   281.072900000    45.033502862    69.774205000    -617456  0.599508871523  0.599508871523  0.140946350000  0.104074250000  0.418541100000 21220.105   199.638     0.834640125     0.973645487  -52.06270
   0  6 0.9696945400000 0.6000000000000 0.0450000000000 0.6000000000000 0.0200000000000 0.6359420426588 0.3133178514780 20894.789500000  2735.774220235 13391.544000000   421.648000000     3.711836873    26.760877500    -136228  0.505999650660  0.505999650660  0.169237650000  0.070874500000  0.540092500000 17356.948   210.905     0.840126125     0.985420660  -53.68105
   0  6 0.9798198800000 0.6000000000000 0.0450000000000 0.6000000000000 0.0200000000000 0.8598782745933 0.3902442731998 22178.005000000  2693.733571674 13747.306000000   379.826700000     3.893074767    24.063572500     -15718  0.321125736269  0.321125736269  0.135065350000  0.051587062500  0.496597000000 19169.145   210.169     0.868010500     0.982744813  -55.88236
   0  6 0.9774897300000 0.6000000000000 0.0450000000000 0.6000000000000 0.0200000000000 0.5789764269736 0.2683509780569 24648.140500000  2421.186301067 12549.926000000   349.988900000    19.175983294    37.252722500    -215904  0.494450733374  0.494450733374  0.108941650000  0.126921687500  0.410529600000 20341.757   204.074     0.826073375     0.979212567  -53.85542
   0  8 0.9691132900000 0.6000000000000 0.0450000000000 0.6000000000000 0.0200000000000 0.9419393826420 0.4158293539222 21962.977000000  2547.088808419 13013.582000000   339.329000000    19.086067087    43.449010000    -709467  0.439597344869  0.439597344869  0.117606600000  0.068139500000  0.260513300000 19206.848   206.877     0.876074875     0.980961588  -55.25944
   0  6 0.9855268800000 0.6000000000000 0.0450000000000 0.6000000000000 0.0200000000000 0.7573495443366 0.3241925804491 21413.338000000  2716.017933969 13720.852000000   407.111200000     3.804074989    28.536482500    -204617  0.332936184186  0.332936184186  0.117152500000  0.059638812500  0.355997400000 16565.098   211.568     0.788951875     0.984404567  -51.48970
   0 10 0.9828058700000 0.6000000000000 0.0450000000000 0.6000000000000 0.0200000000000 0.7869675424499 0.2694421303771 20189.482000000  2689.330095005 13481.536000000   321.576200000    10.243149898    37.760925000    -503011  0.531559648515  0.531559648515  0.144238900000  0.157883437500  0.346125300000 18281.714   197.761     0.911600375     0.981415787  -52.05205
   0  7 0.9855703800000 0.6000000000000 0.0450000000000 0.6000000000000 0.0200000000000 0.4827613712463 0.1949596696205 22523.632000000  2657.976085383 13928.928000000   370.637100000     4.004636029    26.657495000    -417208  0.580918322100  0.580918322100  0.142973650000  0.090752750000  0.303644700000 18768.580   208.457     0.832699000     0.981981121  -55.09903
   0  9 0.9770574700000 0.6000000000000 0.0450000000000 0.6000000000000 0.0200000000000 0.9619281974637 0.3738744194865 22538.522500000  2547.014091117 13462.522000000   248.816400000    79.905391664    95.421547500    -684195  0.426168315857  0.426168315857  0.146053050000  0.084760937500  0.580426300000 21326.434   196.330     0.981639250     0.973268265  -50.87324
   0  6 0.9668126000000 0.6000000000000 0.0450000000000 0.6000000000000 0.0200000000000 0.7999665244255 0.4019098937541 26592.815500000  2279.588661911 11551.114000000   465.623000000    10.297150667    20.828620000    -555948  0.419455306608  0.419455306608  0.155633850000  0.163808812500  0.516475900000 18297.433   200.103     0.720559250     0.983213615  -49.93364
   0 10 0.9821096900000 0.6000000000000 0.0450000000000 0.6000000000000 0.0200000000000 0.8321824729607 0.2871195947911 25937.539000000  2205.050864133 12311.764000000   359.271000000    16.474805824    29.305465000    -458987  0.509240758541  0.509240758541  0.120460550000  0.113620562500  0.416651200000 21498.771   199.243     0.811961875     0.978638345  -53.29738
   0  9 0.9778082300000 0.6000000000000 0.0450000000000 0.6000000000000 0.0200000000000 0.7429117407597 0.2867494460195 21187.253500000  2560.368690141 13102.622000000   431.281200000     4.251921877    20.209690000    -926573  0.544555075144  0.544555075144  0.142539800000  0.113141562500  0.524581900000 17007.976   208.428     0.801268625     0.985497177  -53.25709
   0  6 0.9563632500000 0.6000000000000 0.0450000000000 0.6000000000000 0.0200000000000 0.7810282790067 0.4168354845904 23674.952500000  2642.874446997 13480.670000000   277.605400000    45.628245432    67.830542500    -354117  0.497438191956  0.497438191956  0.150084900000  0.158759250000  0.338885100000 21127.968   197.768     0.897272250     0.974999324  -52.04109
   0  7 0.9719897300000 0.6000000000000 0.0450000000000 0.6000000000000 0.0200000000000 0.7037058477732 0.3224892798930 23828.069500000  2684.593573485 14224.384000000   329.103900000     3.956711624    25.129605000    -994928  0.497267829564  0.497267829564  0.152286750000  0.164468312500  0.208827000000 18824.765   192.407     0.791474500     0.978680337  -52.51740
   0  8 0.9865625300000 0.6000000000000 0.0450000000000 0.6000000000000 0.0200000000000 0.8107645472619 0.3043405283304 23231.531500000  2629.288364509 14171.240000000   310.398900000     4.145863384    20.484607500    -519672  0.379832222188  0.379832222188  0.104275300000  0.159158187500  0.555315500000 19910.156   190.638     0.849256750     0.977793675  -53.06632
   0  7 0.9530533500000 0.6000000000000 0.0450000000000 0.6000000000000 0.0200000000000 0.8872042209208 0.4562251795719 23727.575500000  3002.017400365 15548.188000000   251.525900000    67.047744293    93.143460000    -718442  0.523749907815  0.523749907815  0.126791150000  0.241390875000  0.357502700000 20549.675   192.517     0.861916375     0.972361494  -47.40186
   0  7 0.9807756300000 0.6000000000000 0.0450000000000 0.6000000000000 0.0200000000000 0.9334489797968 0.3965433732785 21396.125500000  2558.200518806 12940.994000000   385.509300000     8.939319120    31.038982500     -67310  0.325530763558  0.325530763558  0.167797200000  0.119115187500  0.484779100000 19213.348   211.292     0.908454125     0.983590119  -53.72671
   0 10 0.9818301000000 0.6000000000000 0.0450000000000 0.6000000000000 0.0200000000000 0.7301639416414 0.2526879753627 25674.991000000  2259.366853680 12668.870000000   390.917700000     7.044454755    20.189345000    -357465  0.583417033696  0.583417033696  0.158894950000  0.181108000000  0.531402900000 20687.897   199.975     0.789327375     0.980569486  -52.76855
   0  6 0.9748825000000 0.6000000000000 0.0450000000000 0.6000000000000 0.0200000000000 0.8821745307349 0.4179408884443 25132.453000000  2402.519650792 12449.552000000   354.264100000    20.354945420    37.815070000    -537017  0.337665597332  0.337665597332  0.178510050000  0.114796937500  0.483031300000 21673.810   208.801     0.861101000     0.979085118  -52.55411
   0 10 0.9863565300000 0.6000000000000 0.0450000000000 0.6000000000000 0.0200000000000 0.9528038223160 0.3128483820903 24554.923000000  2265.995804513 12571.780000000   312.614100000    26.087701437    42.124472500    -222554  0.410695802069  0.410695802069  0.110491250000  0.114544000000  0.597380400000 19850.339   191.581     0.793814250     0.976698173  -53.19606
   0  7 0.9839598100000 0.6000000000000 0.0450000000000 0.6000000000000 0.0200000000000 0.6495519474616 0.2670493509686 20215.847500000  2704.800594648 13342.564000000   382.650100000     4.720943763    30.060115000    -840328  0.443663299566  0.443663299566  0.144200300000  0.069900000000  0.277754800000 17332.154   205.008     0.865432750     0.984350816  -54.04759
 
  COND2           1      419915  4.306026907000654E+043  4.571665926775080E+041
  1.061690051063674E-002         100
    419915   6216933    266805         0      8967         0         0         0         0         0   1310620     16079         0   1760681    419915
 PARAMETER FILE GI05B.PAR   
