  Aa Am            MSYL            MSYR           MORTJ           MORTA             K1+           PInit      ISEED   PTarget           CVADD              AR        PREG-MAX           GAMMA              P0   SSTILDA     LIKEL
   0  8 0.9821267300000 0.6000000000000 0.0450000000000 0.6000000000000 0.0450000000000 0.7428157193048 0.7428157193048 25424.593000000  2189.572826993 11548.946000000   223.947700000     7.411726494    24.700897500    -278967  0.448150500758  0.448150500758  0.106199300000  0.144485000000  0.522120400000 21027.234   193.680     0.823908000     0.966407687  -49.26465
   0 11 0.9842520300000 0.6000000000000 0.0450000000000 0.6000000000000 0.0450000000000 0.9164366825696 0.9164366825696 21686.807500000  2191.037215108 11483.142000000   217.932100000     6.889635884    31.045190000    -107121  0.504881482549  0.504881482549  0.157543600000  0.075321875000  0.467664100000 19130.385   193.606     0.877934000     0.970518234  -50.60602
   0  6 0.9724334000000 0.6000000000000 0.0450000000000 0.6000000000000 0.0450000000000 0.7906724275798 0.7906724275798 23561.593000000  2570.815467376 13261.130000000   217.689300000     5.530821790    35.924155000    -240839  0.390842534879  0.390842534879  0.127998450000  0.122148437500  0.355434100000 20133.464   193.177     0.855053500     0.968123653  -52.13330
   0  9 0.9828557400000 0.6000000000000 0.0450000000000 0.6000000000000 0.0450000000000 0.8865909983396 0.8865909983396 19806.932500000  2322.792252221 11440.586000000   204.394300000    21.469770429    87.693762500    -217231  0.416982677640  0.416982677640  0.175358950000  0.147171312500  0.500389500000 18076.230   186.433     0.934435250     0.971314396  -46.54864
   0  7 0.9849084500000 0.6000000000000 0.0450000000000 0.6000000000000 0.0450000000000 0.6528859986612 0.6528859986612 23209.688500000  2360.460687014 12227.992000000   192.751200000    16.103480109    56.951460000     -83275  0.434393228455  0.434393228455  0.127249850000  0.141075187500  0.323397900000 20730.328   172.077     0.897086625     0.964311512  -50.64783
   0  7 0.9893330300000 0.6000000000000 0.0450000000000 0.6000000000000 0.0450000000000 0.5769313441014 0.5769313441014 22945.696000000  2694.002282745 14332.062000000   196.553200000    78.740763064   147.813497500    -374482  0.455628235798  0.455628235798  0.116483100000  0.146825500000  0.583961800000 19474.616   174.564     0.845214000     0.965296459  -50.37393
   0  7 0.9882595200000 0.6000000000000 0.0450000000000 0.6000000000000 0.0450000000000 0.8535959047772 0.8535959047772 21731.033500000  2451.918979855 12540.212000000   211.162600000    10.668281684    52.033820000    -586566  0.313745052449  0.313745052449  0.140764950000  0.157722937500  0.304335100000 18114.809   187.834     0.837436750     0.969430791  -50.58250
   0  6 0.9828820700000 0.6000000000000 0.0450000000000 0.6000000000000 0.0450000000000 0.6172935742563 0.6172935742563 21179.140000000  2657.609409033 13292.476000000   202.660900000    26.321438396   103.436275000    -976824  0.426233025016  0.426233025016  0.124681900000  0.132045437500  0.227996400000 18805.663   183.168     0.898276500     0.969064252  -50.85180
   0  7 0.9696418200000 0.6000000000000 0.0450000000000 0.6000000000000 0.0450000000000 0.7366043049464 0.7366043049464 24469.630000000  2451.036891285 12853.600000000   188.122100000    13.125806433    49.030950000    -645462  0.492757473263  0.492757473263  0.150742150000  0.171828500000  0.390062600000 19782.143   161.970     0.808525000     0.961732569  -49.20516
   0  7 0.9588620400000 0.6000000000000 0.0450000000000 0.6000000000000 0.0450000000000 0.7232244685235 0.7232244685235 20922.667000000  2540.218444396 12368.536000000   188.325800000    46.544411444   121.264345000    -216312  0.590494888283  0.590494888283  0.148332800000  0.136993625000  0.320750300000 19598.658   171.667     0.976928500     0.967414993  -48.35217
   0  9 0.9881403100000 0.6000000000000 0.0450000000000 0.6000000000000 0.0450000000000 0.8671600677301 0.8671600677301 23561.282500000  2414.797858444 13174.944000000   191.125200000     9.520609952    46.063862500    -556002  0.387016689931  0.387016689931  0.136532050000  0.179556500000  0.572082900000 20406.582   168.650     0.855057875     0.963384443  -50.88587
   0  9 0.9848843200000 0.6000000000000 0.0450000000000 0.6000000000000 0.0450000000000 0.6829831640420 0.6829831640420 23753.941000000  2655.741837947 14603.704000000   188.650800000     4.558190777    43.195217500    -498521  0.521717922061  0.521717922061  0.161776900000  0.107589375000  0.226029300000 21577.509   168.831     0.903260750     0.962681310  -49.83780
   0  9 0.9795409600000 0.6000000000000 0.0450000000000 0.6000000000000 0.0450000000000 0.8042967034932 0.8042967034932 21699.538000000  2376.174181441 12257.964000000   202.214200000     6.613031988    34.978242500    -503759  0.487786814625  0.487786814625  0.127073350000  0.130798875000  0.556796300000 18076.717   177.347     0.830026625     0.968292791  -51.75316
   0  8 0.9750953400000 0.6000000000000 0.0450000000000 0.6000000000000 0.0450000000000 0.7337929711697 0.7337929711697 22687.414000000  2586.716412823 13553.136000000   210.492400000     3.634031908    27.356862500    -184425  0.511324859797  0.511324859797  0.129063900000  0.071633875000  0.527604700000 19278.191   186.367     0.845490500     0.968221229  -52.58344
   0  6 0.9755312100000 0.6000000000000 0.0450000000000 0.6000000000000 0.0450000000000 0.5443296972096 0.5443296972096 22529.801500000  2586.761571818 13157.182000000   202.527600000     3.750198192    26.867380000    -796407  0.541891137666  0.541891137666  0.145157900000  0.201852125000  0.354882500000 19015.809   177.945     0.847634625     0.967194525  -51.48589
   0  9 0.9828793300000 0.6000000000000 0.0450000000000 0.6000000000000 0.0450000000000 0.7989771999398 0.7989771999398 25283.126500000  2470.076830967 13868.920000000   214.753600000     6.999107316    43.308187500    -354917  0.462510762465  0.462510762465  0.157432050000  0.132436000000  0.346952200000 22278.780   191.869     0.866497375     0.965149269  -50.04266
   0  8 0.9800775900000 0.6000000000000 0.0450000000000 0.6000000000000 0.0450000000000 0.9641532177708 0.9641532177708 22638.854500000  2315.146415311 11926.934000000   202.839300000     8.600848804    35.888795000     -30042  0.357685527476  0.357685527476  0.179656000000  0.191286125000  0.337661400000 19303.006   178.487     0.852588625     0.967012889  -49.32628
   0  7 0.9746617400000 0.6000000000000 0.0450000000000 0.6000000000000 0.0450000000000 0.9550857475859 0.9550857475859 32309.647000000  2139.246864155 11352.338000000   207.980500000    10.714037228    22.905012500    -630672  0.351250541009  0.351250541009  0.138299750000  0.213697625000  0.539784300000 23009.075   165.802     0.733871875     0.954205294  -39.65683
   0  8 0.9612442700000 0.6000000000000 0.0450000000000 0.6000000000000 0.0450000000000 0.8335159099198 0.8335159099198 20900.432500000  2515.154295426 12397.674000000   205.183200000    23.658510639    95.031612500    -909746  0.563335639420  0.563335639420  0.183511450000  0.108205312500  0.450934000000 19016.143   186.629     0.928734375     0.970107459  -48.60652
   0  8 0.9846260000000 0.6000000000000 0.0450000000000 0.6000000000000 0.0450000000000 0.6200863120795 0.6200863120795 24613.810000000  2470.167103167 13525.770000000   210.754200000     5.359210764    34.766505000    -419963  0.513929941925  0.513929941925  0.101744250000  0.124851062500  0.474355000000 21521.818   187.396     0.865347000     0.965391565  -51.34834
   0 10 0.9827789700000 0.6000000000000 0.0450000000000 0.6000000000000 0.0450000000000 0.8656599816754 0.8656599816754 22954.120000000  2262.265240676 12088.080000000   215.809200000     5.172246541    24.196042500    -411960  0.483481020644  0.483481020644  0.178585650000  0.083328250000  0.212551100000 20932.007   192.866     0.915416750     0.968516228  -51.12315
   0  7 0.9860829500000 0.6000000000000 0.0450000000000 0.6000000000000 0.0450000000000 0.8607982304460 0.8607982304460 20887.162000000  2757.160697408 13878.246000000   202.602500000     4.930518256    47.274357500    -218311  0.322967131165  0.322967131165  0.149249550000  0.125316375000  0.380695000000 19159.760   184.282     0.935292000     0.969421457  -51.00727
   0  8 0.9861286400000 0.6000000000000 0.0450000000000 0.6000000000000 0.0450000000000 0.5697375931290 0.5697375931290 22983.239500000  2423.023991449 12841.444000000   199.756200000    38.011906192   112.335392500    -947018  0.544700660062  0.544700660062  0.140251400000  0.141255312500  0.331531800000 20210.586   179.169     0.876668375     0.965872374  -51.27898
   0  7 0.9791571500000 0.6000000000000 0.0450000000000 0.6000000000000 0.0450000000000 0.6910916818674 0.6910916818674 21845.743000000  2699.765828929 13821.196000000   208.277800000    12.191857583    69.530487500    -265572  0.451516753330  0.451516753330  0.150764050000  0.129466000000  0.483321900000 19367.392   188.149     0.891317125     0.969014634  -50.61591
   0  6 0.9715396200000 0.6000000000000 0.0450000000000 0.6000000000000 0.0450000000000 0.9219088650037 0.9219088650037 24755.479000000  2184.342513682 10617.616000000   227.928300000    10.838228121    31.046717500    -889483  0.339684038628  0.339684038628  0.114564500000  0.053862812500  0.507361000000 19770.103   195.707     0.811196500     0.968024203  -47.50484
   0  6 0.9651945100000 0.6000000000000 0.0450000000000 0.6000000000000 0.0450000000000 0.6234273230450 0.6234273230450 23911.351000000  2368.556605009 11829.568000000   205.635000000     6.037563659    23.971435000    -807511  0.550880121701  0.550880121701  0.157601300000  0.234642375000  0.276281700000 22046.464   182.939     0.941033250     0.965839895  -47.40799
   0  8 0.9562396400000 0.6000000000000 0.0450000000000 0.6000000000000 0.0450000000000 0.8610299523335 0.8610299523335 22716.452500000  2846.215741060 14613.696000000   183.072100000     3.046018576    36.433040000    -371510  0.589516602993  0.589516602993  0.129580950000  0.098497000000  0.481339600000 20968.955   164.231     0.938099000     0.963625354  -48.33668
   0  7 0.9578453300000 0.6000000000000 0.0450000000000 0.6000000000000 0.0450000000000 0.9388442484845 0.9388442484845 23649.046000000  2579.749019544 13320.876000000   196.738400000    26.126814084    88.814817500    -364669  0.461718790916  0.461718790916  0.113893800000  0.178088312500  0.438135400000 19729.786   173.070     0.833285500     0.964751398  -50.50730
   0  8 0.9753186600000 0.6000000000000 0.0450000000000 0.6000000000000 0.0450000000000 0.7308177078747 0.7308177078747 23219.125000000  2653.181737425 14092.676000000   198.794400000    56.095165018   135.852002500    -289477  0.511492782897  0.511492782897  0.110049450000  0.092750500000  0.493741700000 20773.909   179.068     0.893382750     0.965559184  -51.02743
   0  9 0.9866347200000 0.6000000000000 0.0450000000000 0.6000000000000 0.0450000000000 0.9013306459050 0.9013306459050 25753.250500000  2581.587502593 14797.144000000   191.295700000    47.556244175   114.789597500    -685238  0.382850392225  0.382850392225  0.141092750000  0.055842687500  0.235790500000 22261.728   168.849     0.844496250     0.960054611  -47.82374
   0  9 0.9751357400000 0.6000000000000 0.0450000000000 0.6000000000000 0.0450000000000 0.7345416599168 0.7345416599168 25094.491000000  2465.831835524 13638.468000000   192.984000000    10.276867643    48.667080000     -20615  0.577200482400  0.577200482400  0.131560650000  0.063358187500  0.555936400000 20454.809   166.943     0.801320875     0.961659886  -48.95682
   0  6 0.9878904800000 0.6000000000000 0.0450000000000 0.6000000000000 0.0450000000000 0.5397107504755 0.5397107504755 26180.134000000  2286.373811535 11936.932000000   214.137100000     7.158925578    24.557085000    -765289  0.449442124099  0.449442124099  0.271654650000  0.188818437500  0.283070600000 22898.811   187.858     0.871619375     0.963693090  -44.61916
   0  8 0.9834045000000 0.6000000000000 0.0450000000000 0.6000000000000 0.0450000000000 0.6297348646381 0.6297348646381 24118.522000000  2207.935715097 11501.458000000   202.981800000    15.770344074    51.571767500    -701115  0.517002564634  0.517002564634  0.155410300000  0.069773625000  0.509706800000 20064.014   177.644     0.830498125     0.964815614  -50.29485
   0  7 0.9596388100000 0.6000000000000 0.0450000000000 0.6000000000000 0.0450000000000 0.9336751216728 0.9336751216728 25609.529500000  2324.142305782 11966.832000000   227.136200000    58.900456604   139.924285000    -599520  0.452190918579  0.452190918579  0.152350800000  0.144438750000  0.417692300000 20901.179   201.353     0.817298250     0.966924951  -46.09191
   0  6 0.9710767100000 0.6000000000000 0.0450000000000 0.6000000000000 0.0450000000000 0.8465850427591 0.8465850427591 24911.107000000  2553.102457999 13416.862000000   185.295700000    20.195080732    65.973687500    -759065  0.372448480838  0.372448480838  0.135015550000  0.110505312500  0.517949900000 20771.334   160.778     0.831746375     0.960426996  -49.17588
   0  9 0.9815594500000 0.6000000000000 0.0450000000000 0.6000000000000 0.0450000000000 0.7777528935820 0.7777528935820 24855.662500000  2274.548475714 12367.332000000   203.646700000    51.105227077   119.948322500    -785161  0.486562985425  0.486562985425  0.150142450000  0.157208125000  0.559207500000 20974.103   180.098     0.832817500     0.963897177  -49.87509
   0  8 0.9855736600000 0.6000000000000 0.0450000000000 0.6000000000000 0.0450000000000 0.5456903813019 0.5456903813019 24326.030500000  2307.328582358 12335.628000000   193.066500000    80.005264716   131.710560000    -521982  0.574320294788  0.574320294788  0.196303500000  0.144444062500  0.212418300000 20326.940   169.512     0.829927625     0.962640293  -48.08038
   0  6 0.9594818100000 0.6000000000000 0.0450000000000 0.6000000000000 0.0450000000000 0.8952936661430 0.8952936661430 24202.316500000  2399.651125722 12016.842000000   196.988300000    62.825445759   125.099377500    -506246  0.415717871854  0.415717871854  0.186099500000  0.169041687500  0.486105200000 19628.626   171.758     0.816913500     0.963959864  -47.97276
   0  6 0.9784699100000 0.6000000000000 0.0450000000000 0.6000000000000 0.0450000000000 0.5019106766947 0.5019106766947 25809.977500000  2406.639226000 12657.120000000   224.467700000     4.799609983    22.193652500    -942666  0.561816410527  0.561816410527  0.128655700000  0.181479500000  0.247409200000 22371.074   197.702     0.863270625     0.966044135  -50.02494
   0 11 0.9819363500000 0.6000000000000 0.0450000000000 0.6000000000000 0.0450000000000 0.8664619985358 0.8664619985358 28255.894000000  2079.445421057 11951.662000000   221.705500000     8.736883359    29.152780000    -209195  0.558261957779  0.558261957779  0.149907700000  0.066582250000  0.323714300000 22677.944   188.838     0.783826250     0.962293343  -49.08540
   0  7 0.9787507600000 0.6000000000000 0.0450000000000 0.6000000000000 0.0450000000000 0.8547559491235 0.8547559491235 25578.034000000  2434.873827398 13122.386000000   199.372200000    10.369604406    42.969440000    -248411  0.367488941370  0.367488941370  0.160078500000  0.104430687500  0.314905400000 22758.924   176.981     0.885795000     0.962108207  -50.53681
   0  6 0.9853463000000 0.6000000000000 0.0450000000000 0.6000000000000 0.0450000000000 0.7125283937119 0.7125283937119 21665.086000000  2556.200291152 12909.802000000   196.193300000    12.497829094    57.676405000    -597447  0.354918253090  0.354918253090  0.131383400000  0.071696875000  0.552490500000 18991.354   175.418     0.883535875     0.967261987  -52.05474
   0  7 0.9861742700000 0.6000000000000 0.0450000000000 0.6000000000000 0.0450000000000 0.6700535726448 0.6700535726448 21209.731000000  2395.117629840 12010.712000000   208.214700000     4.643752318    23.307265000    -535762  0.414260913848  0.414260913848  0.118134150000  0.089249312500  0.468032600000 17373.582   181.626     0.827313750     0.969784358  -52.23150
   0  9 0.9774321400000 0.6000000000000 0.0450000000000 0.6000000000000 0.0450000000000 0.7390092913901 0.7390092913901 24719.744500000  2593.987496269 14393.530000000   233.635200000    13.571124084    77.005682500    -406356  0.551073263764  0.551073263764  0.109759900000  0.187076062500  0.448237700000 21402.167   210.947     0.849869750     0.968770533  -45.46165
   0  6 0.9637609300000 0.6000000000000 0.0450000000000 0.6000000000000 0.0450000000000 0.9620030126193 0.9620030126193 19935.898000000  2906.866294592 13709.874000000   191.865100000     2.907995079    38.528347500    -936523  0.364357984456  0.364357984456  0.218598700000  0.132365875000  0.321012200000 18223.655   173.134     0.940458375     0.969487768  -47.42356
   0  8 0.9811283000000 0.6000000000000 0.0450000000000 0.6000000000000 0.0450000000000 0.9063430035038 0.9063430035038 20677.129000000  2597.094154115 13055.860000000   185.970900000     7.325400654    46.533422500    -174487  0.373687998922  0.373687998922  0.117853100000  0.149000625000  0.263790100000 18041.522   165.165     0.877113375     0.967119806  -49.54398
   0  7 0.9531051200000 0.6000000000000 0.0450000000000 0.6000000000000 0.0450000000000 0.8059975639415 0.8059975639415 21469.255000000  2598.523549625 12773.220000000   206.242600000    45.500835541   132.814552500    -110309  0.576090880056  0.576090880056  0.123459600000  0.123622562500  0.421590000000 17743.698   183.570     0.833057375     0.969500973  -49.94739
   0  7 0.9888000900000 0.6000000000000 0.0450000000000 0.6000000000000 0.0450000000000 0.5624642883937 0.5624642883937 23042.801500000  2728.054599965 14539.236000000   194.600300000     4.141379640    42.284275000    -174572  0.471699922666  0.471699922666  0.138157700000  0.121108312500  0.239835800000 20783.796   174.689     0.903575625     0.964813321  -51.66951
   0  7 0.9735782900000 0.6000000000000 0.0450000000000 0.6000000000000 0.0450000000000 0.7229590789534 0.7229590789534 25622.165500000  2606.641930984 14226.342000000   205.071800000     3.685891473    33.046605000    -499445  0.472070662869  0.472070662869  0.106862900000  0.063035500000  0.532414600000 20162.075   176.552     0.785015500     0.963185878  -49.03811
   0  7 0.9882460300000 0.6000000000000 0.0450000000000 0.6000000000000 0.0450000000000 0.5445244093201 0.5445244093201 21600.974500000  2560.462612248 13146.474000000   205.655400000     3.770617262    23.094682500    -717716  0.491941197980  0.491941197980  0.109678150000  0.132769687500  0.531526700000 19369.321   184.794     0.904124000     0.968800334  -52.35118
   0  6 0.9817596600000 0.6000000000000 0.0450000000000 0.6000000000000 0.0450000000000 0.5545066945773 0.5545066945773 22708.204000000  2546.162230420 13060.418000000   218.825700000     3.861158521    25.533710000    -337666  0.483026522973  0.483026522973  0.159338700000  0.149340250000  0.292184700000 18772.829   192.753     0.830721500     0.969300839  -51.41401
   0  7 0.9700057300000 0.6000000000000 0.0450000000000 0.6000000000000 0.0450000000000 0.7786078146858 0.7786078146858 22065.995500000  2234.654206251 10850.442000000   215.063200000    14.250676996    50.063085000    -777064  0.463552785134  0.463552785134  0.171359500000  0.104252625000  0.523800500000 19335.768   192.191     0.888319500     0.969810487  -47.81589
   0  8 0.9640881900000 0.6000000000000 0.0450000000000 0.6000000000000 0.0450000000000 0.8694573516088 0.8694573516088 23344.135000000  2446.899994503 12701.558000000   200.121900000    16.392543658    65.019650000    -128270  0.516305901352  0.516305901352  0.175095400000  0.079220125000  0.590966800000 18851.940   174.786     0.806921500     0.965742401  -50.05301
   0  8 0.9595327300000 0.6000000000000 0.0450000000000 0.6000000000000 0.0450000000000 0.9500985791137 0.9500985791137 26246.257000000  2540.331456548 13909.058000000   245.991900000    24.127005360   100.771177500    -995754  0.507640959692  0.507640959692  0.139900100000  0.238005187500  0.229249800000 21491.429   219.931     0.808637750     0.968701649  -43.21734
   0  7 0.9739228000000 0.6000000000000 0.0450000000000 0.6000000000000 0.0450000000000 0.7314530187165 0.7314530187165 20119.889500000  2779.749497774 13487.058000000   201.631300000    28.673040804   116.965732500     -16727  0.464051915933  0.464051915933  0.165387150000  0.164444937500  0.394800400000 18895.085   185.578     0.982514125     0.970594048  -47.54878
   0  8 0.9714483300000 0.6000000000000 0.0450000000000 0.6000000000000 0.0450000000000 0.7656981591103 0.7656981591103 20072.423500000  2558.708724423 12499.738000000   197.253400000    25.705729645   101.448152500    -772505  0.520539109216  0.520539109216  0.151464800000  0.073223062500  0.223979200000 17949.328   178.438     0.908521250     0.970042310  -49.72204
   0  6 0.9704954900000 0.6000000000000 0.0450000000000 0.6000000000000 0.0450000000000 0.9567487694609 0.9567487694609 22566.670000000  2655.005230918 13486.774000000   200.116200000     8.116538924    47.447517500    -903237  0.332400065238  0.332400065238  0.102539100000  0.106002875000  0.324381900000 19817.728   178.496     0.882857000     0.966813463  -52.06375
   0  8 0.9869621200000 0.6000000000000 0.0450000000000 0.6000000000000 0.0450000000000 0.6475597744170 0.6475597744170 22362.118000000  2495.756203702 13141.294000000   201.542300000    26.169036985    97.346750000    -653147  0.472190656529  0.472190656529  0.113054350000  0.100087812500  0.435229700000 20456.692   183.217     0.923378750     0.967070781  -50.73055
   0  8 0.9890742100000 0.6000000000000 0.0450000000000 0.6000000000000 0.0450000000000 0.8844620496710 0.8844620496710 21270.737500000  2757.969591872 14191.252000000   196.716300000     3.192335106    40.017985000    -402791  0.332862813672  0.332862813672  0.112529600000  0.069286875000  0.533407300000 19302.755   177.705     0.915096875     0.967862371  -51.04667
   0  6 0.9658339100000 0.6000000000000 0.0450000000000 0.6000000000000 0.0450000000000 0.7706971993581 0.7706971993581 21556.222000000  2351.414234200 11274.700000000   207.981400000     5.407996857    20.653412500    -481467  0.441554666439  0.441554666439  0.126249100000  0.088068312500  0.477903100000 18882.259   181.661     0.889354500     0.969546063  -51.60163
   0  8 0.9686457300000 0.6000000000000 0.0450000000000 0.6000000000000 0.0450000000000 0.7468987772961 0.7468987772961 24174.965500000  2587.157317770 13866.468000000   207.778600000    13.954757461    67.027435000    -940563  0.558614987803  0.558614987803  0.128897400000  0.119101562500  0.474064000000 22327.850   188.762     0.933415125     0.965781957  -49.71716
   0  7 0.9862664200000 0.6000000000000 0.0450000000000 0.6000000000000 0.0450000000000 0.8839423429787 0.8839423429787 24592.007500000  2296.506179562 12050.122000000   205.595600000     8.231199915    30.764910000    -702953  0.313528323712  0.313528323712  0.128930700000  0.235488625000  0.398754800000 20547.274   179.034     0.833501250     0.964517482  -49.58815
   0  6 0.9890898300000 0.6000000000000 0.0450000000000 0.6000000000000 0.0450000000000 0.4495674221784 0.4495674221784 22281.631000000  2421.927960470 12286.462000000   209.782800000     5.155866339    26.572280000    -169712  0.528917402000  0.528917402000  0.140295650000  0.069485875000  0.298297500000 19628.925   186.561     0.886730250     0.968431525  -53.55784
   0  6 0.9888489200000 0.6000000000000 0.0450000000000 0.6000000000000 0.0450000000000 0.4836305837028 0.4836305837028 23036.254000000  2867.695612732 15108.356000000   199.915100000    51.030615259   138.871545000    -441066  0.493643361688  0.493643361688  0.130617500000  0.145575312500  0.384054500000 20916.210   181.065     0.913533625     0.965757310  -49.56961
   0  6 0.9854333500000 0.6000000000000 0.0450000000000 0.6000000000000 0.0450000000000 0.4604673532312 0.4604673532312 24216.545500000  2446.256578827 12795.826000000   195.970900000    54.367526775   121.509850000    -541763  0.548426148136  0.548426148136  0.151879050000  0.077713062500  0.450085100000 21704.585   175.738     0.898556000     0.963362927  -50.43615
   0  8 0.9721821800000 0.6000000000000 0.0450000000000 0.6000000000000 0.0450000000000 0.7726162746756 0.7726162746756 21478.259500000  2768.006518543 14030.456000000   194.059300000     9.515996527    63.097470000    -433489  0.509686956198  0.509686956198  0.127033300000  0.088732250000  0.319322300000 19242.321   174.522     0.901608875     0.967407165  -51.40746
   0  7 0.9828297800000 0.6000000000000 0.0450000000000 0.6000000000000 0.0450000000000 0.6172770277794 0.6172770277794 26963.795500000  2486.066355696 13841.306000000   200.700500000    37.201198723    98.621985000     -26452  0.475781697742  0.475781697742  0.188112850000  0.092725875000  0.562312800000 22508.356   175.611     0.824058750     0.960231287  -47.83796
   0  6 0.9565018700000 0.6000000000000 0.0450000000000 0.6000000000000 0.0450000000000 0.8800802980109 0.8800802980109 19823.483500000  2666.068343243 12503.778000000   207.846200000    33.208732656   121.969790000    -424514  0.440616699111  0.440616699111  0.114941600000  0.191366000000  0.422789800000 17545.554   188.517     0.903602750     0.972039828  -46.66197
   0  8 0.9850632800000 0.6000000000000 0.0450000000000 0.6000000000000 0.0450000000000 0.8362094701019 0.8362094701019 22882.570000000  2618.171647836 13970.932000000   201.209500000     5.085133567    41.950630000    -227187  0.378179475888  0.378179475888  0.113145050000  0.145289812500  0.444866900000 19559.973   178.367     0.848484375     0.966290327  -51.90319
   0  6 0.9727329100000 0.6000000000000 0.0450000000000 0.6000000000000 0.0450000000000 0.7618310561523 0.7618310561523 26609.906500000  2301.957096363 11838.726000000   205.036600000    14.236382322    42.419507500    -514923  0.403832282368  0.403832282368  0.130535000000  0.134693000000  0.517559000000 19751.915   172.710     0.758223750     0.961773431  -48.47694
   0  7 0.9825253000000 0.6000000000000 0.0450000000000 0.6000000000000 0.0450000000000 0.6971797881718 0.6971797881718 22414.727500000  2469.825129532 12728.348000000   174.897600000    30.816236099    86.828287500    -915058  0.423397192561  0.423397192561  0.157650300000  0.192685625000  0.252969100000 19196.384   153.257     0.857786000     0.962070105  -47.05705
   0  8 0.9808174300000 0.6000000000000 0.0450000000000 0.6000000000000 0.0450000000000 0.5681833783066 0.5681833783066 21915.268000000  2955.009534465 15166.218000000   202.313500000     4.189827283    57.264467500    -363605  0.599292862230  0.599292862230  0.117352150000  0.248910812500  0.498456100000 18653.402   180.371     0.846745750     0.967971473  -46.47882
   0  7 0.9846151000000 0.6000000000000 0.0450000000000 0.6000000000000 0.0450000000000 0.7520095149813 0.7520095149813 23366.167000000  2222.515150820 11236.374000000   193.638700000    28.265142933    79.035405000    -943644  0.379009284125  0.379009284125  0.117994050000  0.076786687500  0.201737800000 21492.150   174.749     0.936430375     0.964242122  -46.09270
   0  7 0.9827340500000 0.6000000000000 0.0450000000000 0.6000000000000 0.0450000000000 0.9414520846279 0.9414520846279 24642.754000000  2592.026546692 14071.068000000   195.041200000     3.751402044    32.641947500    -413961  0.312452003218  0.312452003218  0.132772750000  0.197779562500  0.236463300000 20780.361   170.404     0.836354875     0.962602069  -50.58321
   0  7 0.9777487200000 0.6000000000000 0.0450000000000 0.6000000000000 0.0450000000000 0.6477904653450 0.6477904653450 22758.343000000  2435.269931230 12507.318000000   199.970600000     6.956007225    34.236235000    -767462  0.492851475109  0.492851475109  0.134179850000  0.163149062500  0.545091400000 19303.746   175.669     0.849582500     0.966403019  -52.10341
   0  9 0.9846155700000 0.6000000000000 0.0450000000000 0.6000000000000 0.0450000000000 0.7276319214562 0.7276319214562 24530.420500000  2557.610949420 14264.664000000   201.158900000     7.613521421    49.066895000    -502755  0.492110149349  0.492110149349  0.129449200000  0.051442562500  0.360760200000 21880.079   179.909     0.880066375     0.963863817  -50.99768
   0  7 0.9576681300000 0.6000000000000 0.0450000000000 0.6000000000000 0.0450000000000 0.8000515701386 0.8000515701386 24191.503000000  2693.408758217 14141.864000000   198.664300000     3.398556818    33.332475000     -17050  0.543225188758  0.543225188758  0.142912200000  0.063791750000  0.283490000000 20693.636   174.441     0.851230625     0.964293712  -51.60232
   0  8 0.9737772100000 0.6000000000000 0.0450000000000 0.6000000000000 0.0450000000000 0.6574009044719 0.6574009044719 22909.732000000  2536.189195719 13300.988000000   199.369300000     5.333744004    36.542922500    -639697  0.583414480993  0.583414480993  0.145021150000  0.067533687500  0.426961400000 20153.492   177.092     0.877941375     0.966138781  -52.56408
   0 11 0.9798453500000 0.6000000000000 0.0450000000000 0.6000000000000 0.0450000000000 0.8486723380289 0.8486723380289 22759.126000000  2523.513183982 13693.528000000   186.907100000    64.503720414   130.376272500    -225113  0.593130342135  0.593130342135  0.114019850000  0.092033500000  0.431469700000 20669.335   168.153     0.900501250     0.964015265  -50.37927
   0  6 0.9644092300000 0.6000000000000 0.0450000000000 0.6000000000000 0.0450000000000 0.7316403523379 0.7316403523379 22446.601000000  2613.069373325 13114.126000000   197.250600000    16.615737137    69.176172500    -575071  0.474687697513  0.474687697513  0.130010500000  0.117999062500  0.560692500000 18490.950   173.394     0.829366250     0.966576999  -51.62449
   0  7 0.9643352200000 0.6000000000000 0.0450000000000 0.6000000000000 0.0450000000000 0.9175836322458 0.9175836322458 23644.213000000  2636.509021339 13764.218000000   204.278200000     3.547887167    30.672675000    -866967  0.428981472445  0.428981472445  0.137477400000  0.285828250000  0.384408800000 19841.291   179.163     0.836662750     0.966005639  -49.08299
   0  8 0.9822154200000 0.6000000000000 0.0450000000000 0.6000000000000 0.0450000000000 0.9459984919648 0.9459984919648 25590.413500000  2512.312317166 13991.614000000   209.284500000     3.940892572    28.555657500    -973543  0.351355387097  0.351355387097  0.149720400000  0.052751187500  0.362301100000 22303.291   185.312     0.859333000     0.963817816  -50.86401
   0  6 0.9725048200000 0.6000000000000 0.0450000000000 0.6000000000000 0.0450000000000 0.6477767578959 0.6477767578959 22546.109500000  2517.368184674 12682.520000000   207.449800000     5.468790219    31.803155000    -226733  0.476552849735  0.476552849735  0.151654450000  0.245934437500  0.561034300000 20172.802   185.334     0.903890500     0.967991008  -49.61067
   0 12 0.9897684800000 0.6000000000000 0.0450000000000 0.6000000000000 0.0450000000000 0.9383930514081 0.9383930514081 24538.588000000  2339.331858920 13523.100000000   193.560800000     6.030467463    38.362857500    -482733  0.506036136911  0.506036136911  0.185627350000  0.105366000000  0.206190900000 22015.561   171.915     0.875435375     0.962301618  -49.71901
   0  6 0.9879150500000 0.6000000000000 0.0450000000000 0.6000000000000 0.0450000000000 0.5699977036151 0.5699977036151 24063.752500000  2706.807889533 14514.168000000   195.780400000    33.882358757   107.066070000    -453278  0.425388057984  0.425388057984  0.165777600000  0.199389812500  0.265198800000 20115.918   172.374     0.833024750     0.963498487  -48.19704
   0  6 0.9753238600000 0.6000000000000 0.0450000000000 0.6000000000000 0.0450000000000 0.4942818499726 0.4942818499726 22507.243000000  2623.633445017 13367.266000000   217.760300000     5.994191770    41.264555000      -4647  0.598639346714  0.598639346714  0.167034800000  0.077413937500  0.310485900000 18677.519   193.046     0.834020250     0.969522711  -49.43561
   0  6 0.9751808200000 0.6000000000000 0.0450000000000 0.6000000000000 0.0450000000000 0.8092069134167 0.8092069134167 22816.987000000  2671.412001478 13728.612000000   202.766900000     3.483751217    24.412037500    -841233  0.366455739158  0.366455739158  0.138788100000  0.158676500000  0.397244800000 21525.466   184.769     0.977601625     0.966820774  -49.93444
   0 11 0.9807746500000 0.6000000000000 0.0450000000000 0.6000000000000 0.0450000000000 0.8851414057997 0.8851414057997 22070.734000000  2371.413663747 12638.662000000   192.751900000    11.015708300    54.630570000    -340655  0.558729555326  0.558729555326  0.139584750000  0.083755125000  0.339622700000 19403.640   171.335     0.867205625     0.966144984  -51.35330
   0  6 0.9893263000000 0.6000000000000 0.0450000000000 0.6000000000000 0.0450000000000 0.5797321664907 0.5797321664907 23239.024000000  2515.988348031 13135.404000000   208.402200000    26.136793538    94.050827500    -869445  0.408544989459  0.408544989459  0.138862900000  0.241623812500  0.590711700000 20000.915   186.520     0.860617875     0.966851327  -48.68429
   0  7 0.9798001900000 0.6000000000000 0.0450000000000 0.6000000000000 0.0450000000000 0.5345839412314 0.5345839412314 20727.592000000  3149.778675307 15261.998000000   199.006300000     6.817720698    73.176337500    -624690  0.577600118956  0.577600118956  0.165362300000  0.082923812500  0.216817200000 18454.911   179.802     0.899011125     0.969220595  -48.91755
   0  6 0.9647221300000 0.6000000000000 0.0450000000000 0.6000000000000 0.0450000000000 0.5767861488321 0.5767861488321 27112.444000000  2527.795666411 13530.580000000   181.169700000    27.825241024    70.482510000    -354876  0.599453769123  0.599453769123  0.126399150000  0.296688750000  0.501396500000 20814.050   151.909     0.772134250     0.956042267  -43.37080
   0  6 0.9738288200000 0.6000000000000 0.0450000000000 0.6000000000000 0.0450000000000 0.7005489806066 0.7005489806066 25806.926500000  2151.117341455 10492.758000000   228.022900000    13.901400770    38.295550000    -495125  0.432013590549  0.432013590549  0.152414900000  0.144299375000  0.561318900000 21482.206   198.267     0.840530375     0.966649055  -45.84848
   0  9 0.9895536400000 0.6000000000000 0.0450000000000 0.6000000000000 0.0450000000000 0.9398465199146 0.9398465199146 23545.676500000  2331.572082960 12647.226000000   195.297000000    10.335061856    44.772865000    -798532  0.347809100510  0.347809100510  0.163263750000  0.074864437500  0.592960300000 20801.594   173.541     0.875876875     0.964154232  -51.01320
   0 11 0.9839283300000 0.6000000000000 0.0450000000000 0.6000000000000 0.0450000000000 0.8926962990620 0.8926962990620 26821.397500000  2392.269407248 14159.632000000   210.836900000    48.000754301   122.355012500     -57285  0.521547752487  0.521547752487  0.145815000000  0.182108812500  0.294608500000 24790.477   191.634     0.912917000     0.962318512  -45.40615
   0  6 0.9578439600000 0.6000000000000 0.0450000000000 0.6000000000000 0.0450000000000 0.6574520476200 0.6574520476200 22821.806500000  2747.234775306 13881.312000000   194.028600000     3.290497333    27.879820000    -574783  0.579063353820  0.579063353820  0.117469450000  0.120325000000  0.215997900000 20287.535   172.278     0.894768375     0.965509336  -52.08454
   0  8 0.9891682700000 0.6000000000000 0.0450000000000 0.6000000000000 0.0450000000000 0.7343521477859 0.7343521477859 25164.218500000  2459.186464933 13674.768000000   194.202700000     8.684823571    42.876750000    -737225  0.400223382416  0.400223382416  0.116782950000  0.191767375000  0.343611300000 21794.503   171.039     0.854115625     0.961485063  -49.99349
   0  8 0.9743323800000 0.6000000000000 0.0450000000000 0.6000000000000 0.0450000000000 0.9499380962272 0.9499380962272 22457.198500000  2367.845709805 12139.414000000   203.469900000    54.147384657   132.507232500     -51582  0.400039468982  0.400039468982  0.187574650000  0.171961125000  0.247599500000 20249.941   184.210     0.910280375     0.967468876  -47.60260
   0  8 0.9841093800000 0.6000000000000 0.0450000000000 0.6000000000000 0.0450000000000 0.8782850927048 0.8782850927048 20785.399000000  2476.178438268 12500.578000000   214.501100000     3.983337026    27.411917500    -842445  0.366150273095  0.366150273095  0.130417050000  0.171585375000  0.227548500000 18386.106   192.071     0.891494125     0.971294178  -51.17565
   0  7 0.9834087100000 0.6000000000000 0.0450000000000 0.6000000000000 0.0450000000000 0.7069629191582 0.7069629191582 24246.232000000  2584.755091610 13938.204000000   191.435300000    10.318622085    51.208417500    -713477  0.411421636294  0.411421636294  0.147932850000  0.233986750000  0.320953100000 21813.210   170.964     0.898690500     0.962495817  -48.45150
   0  8 0.9827130300000 0.6000000000000 0.0450000000000 0.6000000000000 0.0450000000000 0.7761998145194 0.7761998145194 24918.424000000  2396.546629924 13047.780000000   213.936100000    11.364392405    50.634305000    -948253  0.424531565802  0.424531565802  0.136394050000  0.137908125000  0.592860800000 22059.562   191.625     0.878528250     0.965524080  -50.36348
 
  COND2           1      252722  2.536966294129979E+042  4.282073442591131E+040
  1.687871633335836E-002         100
    252722   7896125    338149         0     11384         0         0         0         0         0   1020239     87318         0   3094063    252722
 PARAMETER FILE GI05A.PAR   
