  Aa Am            MSYL            MSYR           MORTJ           MORTA             K1+           PInit      ISEED   PTarget           CVADD              AR        PREG-MAX           GAMMA              P0   SSTILDA     LIKEL
   0 10 0.9887670100000 0.6000000000000 0.0450000000000 0.6000000000000 0.0200000000000 0.6416193195116 0.2041841944941 21629.041000000  2419.505592942 12851.728000000   616.651300000    26.021606554    40.806857500    -177369  0.582529474387  0.582529474387  0.124996100000  0.051178187500  0.236189200000 19369.044   211.047     0.891037500     0.993051635  -55.02718
   0  9 0.9872974200000 0.6000000000000 0.0450000000000 0.6000000000000 0.0200000000000 0.8955228310758 0.3119037100156 23412.080500000  2239.655027425 11968.152000000   580.374325000    32.407084184    47.188817500    -233999  0.380652945975  0.380652945975  0.130935950000  0.084417937500  0.468642800000 19044.720   214.319     0.807357500     0.992016864  -54.94427
   0  8 0.9704065800000 0.6000000000000 0.0450000000000 0.6000000000000 0.0200000000000 0.6996376769772 0.3059445183196 19958.497000000  2644.009417227 12894.260000000   558.210475000    28.567642284    49.317762500    -965380  0.579496495219  0.579496495219  0.122702650000  0.106285750000  0.232062400000 18256.351   214.640     0.936637375     0.992985431  -52.69103
   0  9 0.9634798400000 0.6000000000000 0.0450000000000 0.6000000000000 0.0200000000000 0.8787168512868 0.3791215255701 24648.451000000  2686.913967435 14706.624000000   547.653025000    21.838241964    35.957012500    -942371  0.588515288817  0.588515288817  0.103265250000  0.165665750000  0.545297600000 20910.035   208.688     0.830950125     0.991189643  -52.77750
   0  6 0.9521219500000 0.6000000000000 0.0450000000000 0.6000000000000 0.0200000000000 0.7190913371970 0.3918188252441 24867.448000000  2650.877391464 13790.764000000   263.362600000    74.142680684    90.849350000    -623972  0.572181913754  0.572181913754  0.150989350000  0.107096875000  0.513183400000 22400.576   191.012     0.903336875     0.981559653  -52.78973
   0  7 0.9691676400000 0.6000000000000 0.0450000000000 0.6000000000000 0.0200000000000 0.8618428324063 0.4032228770598 22652.719000000  2819.634765940 14584.306000000   499.058875000    25.069440975    44.784337500    -985883  0.424252408732  0.424252408732  0.154615050000  0.053473062500  0.520059000000 20668.057   216.139     0.921316500     0.991098851  -54.72643
   0  7 0.9750275100000 0.6000000000000 0.0450000000000 0.6000000000000 0.0200000000000 0.9279047467634 0.4151051141085 23650.477000000  2533.573013836 13358.080000000   556.601500000    28.000284260    43.989257500    -413026  0.359440445555  0.359440445555  0.202599850000  0.146050500000  0.303015900000 19379.325   213.351     0.817695875     0.991648206  -51.83964
   0  6 0.9733182400000 0.6000000000000 0.0450000000000 0.6000000000000 0.0200000000000 0.8771573876990 0.4207467334052 21459.251500000  3075.822847883 15208.040000000   867.280600000    15.915136834    35.935887500    -741157  0.347682837353  0.347682837353  0.151537300000  0.055678750000  0.578901300000 18987.616   223.353     0.891518500     0.995140169  -53.71129
   0  6 0.9845959700000 0.6000000000000 0.0450000000000 0.6000000000000 0.0200000000000 0.7866999136059 0.3402387648818 21637.667500000  2847.109503424 14477.018000000   935.637625000    14.784226456    27.452607500    -378183  0.325381993446  0.325381993446  0.136379200000  0.161266125000  0.560662500000 18966.154   202.478     0.880942500     0.995431404  -52.17268
   0  7 0.9841878000000 0.6000000000000 0.0450000000000 0.6000000000000 0.0200000000000 0.6159054041755 0.2525905214684 22620.062500000  2475.031876554 12889.836000000   446.999500000    31.621969121    47.027260000    -816009  0.466109196348  0.466109196348  0.116481150000  0.206482812500  0.440288100000 19997.730   202.404     0.885523625     0.990005583  -52.32918
   0  9 0.9829424800000 0.6000000000000 0.0450000000000 0.6000000000000 0.0200000000000 0.7168602264252 0.2627168066688 23223.566500000  2479.418828083 13428.070000000   605.275525000    24.642949977    38.228990000    -470460  0.514903831374  0.514903831374  0.126436300000  0.069701625000  0.262435500000 20203.758   211.012     0.859071375     0.992427798  -56.00275
   0  8 0.9819879800000 0.6000000000000 0.0450000000000 0.6000000000000 0.0200000000000 0.9138718811495 0.3609714408757 24541.882000000  2458.251659084 13424.784000000   270.624475000    65.329466619    81.601930000    -234904  0.365143794011  0.365143794011  0.174546650000  0.083230875000  0.208092100000 20754.584   187.522     0.835502375     0.982112580  -53.52626
   0  7 0.9817847700000 0.6000000000000 0.0450000000000 0.6000000000000 0.0200000000000 0.4987351114178 0.2097563789473 25581.908500000  2271.294201295 11978.812000000   781.421950000    28.106311681    39.583362500    -772237  0.599194714038  0.599194714038  0.122288450000  0.121016062500  0.339580400000 23022.508   225.321     0.900254250     0.993543394  -50.10867
   0 11 0.9838293200000 0.6000000000000 0.0450000000000 0.6000000000000 0.0200000000000 0.8948285024400 0.2808621723047 22035.404500000  2351.567500183 12615.098000000   659.506375000    26.548412326    40.673900000    -443394  0.521296838838  0.521296838838  0.111153950000  0.067567562500  0.503997300000 19172.894   211.614     0.855283500     0.993402522  -54.94914
   0  6 0.9765215900000 0.6000000000000 0.0450000000000 0.6000000000000 0.0200000000000 0.5732993884824 0.2679424770890 20571.856000000  3016.474087796 14635.042000000   265.152025000    41.897028899    65.941837500    -100047  0.506808702354  0.506808702354  0.131346950000  0.076982062500  0.403295600000 18920.789   178.066     0.942807125     0.984739878  -49.50028
   0  6 0.9533651000000 0.6000000000000 0.0450000000000 0.6000000000000 0.0200000000000 0.7718231431630 0.4180847449511 23295.562000000  2529.952575193 12686.686000000   322.815925000    50.397696809    69.273575000    -972986  0.524262899204  0.524262899204  0.118186050000  0.185202437500  0.454573600000 20497.543   196.541     0.884385375     0.985904125  -51.92583
   0 11 0.9767520600000 0.6000000000000 0.0450000000000 0.6000000000000 0.0200000000000 0.8947110292859 0.3029714861548 22784.654500000  2802.494596474 15037.068000000   273.941875000    50.459490759    74.868970000    -672485  0.596479124094  0.596479124094  0.109982150000  0.088495750000  0.475427000000 21327.720   192.749     0.945376750     0.983638974  -51.83049
   0  8 0.9782820500000 0.6000000000000 0.0450000000000 0.6000000000000 0.0200000000000 0.8815588118975 0.3610706616664 22384.676500000  2957.029003519 15372.218000000   663.977800000    14.915034656    30.619960000    -454779  0.403369208223  0.403369208223  0.149395950000  0.101697500000  0.251234400000 20740.030   210.929     0.939355625     0.993363391  -52.55388
   0  6 0.9798307500000 0.6000000000000 0.0450000000000 0.6000000000000 0.0200000000000 0.8710018647233 0.3952523683211 24189.640000000  2722.903246491 14538.898000000   350.414650000    42.576564370    66.164917500    -484575  0.316970851971  0.316970851971  0.113147300000  0.132394437500  0.421464600000 20640.324   213.560     0.848943750     0.986399932  -52.29423
   0  9 0.9889721100000 0.6000000000000 0.0450000000000 0.6000000000000 0.0200000000000 0.8041706984506 0.2740986392640 24257.882500000  2731.715944208 15317.728000000   487.245925000    22.054082679    38.840802500    -154650  0.410925876542  0.410925876542  0.140143550000  0.078876687500  0.514078500000 23018.706   220.704     0.969420875     0.990135996  -51.28831
   0  7 0.9889757400000 0.6000000000000 0.0450000000000 0.6000000000000 0.0200000000000 0.6600299771721 0.2558014982562 23482.105000000  2593.639003667 13948.180000000   673.047775000    22.249298009    36.596645000    -803370  0.400748434554  0.400748434554  0.126397550000  0.050402812500  0.264430800000 20947.061   220.281     0.889445250     0.993087409  -55.77564
   0  9 0.9860346000000 0.6000000000000 0.0450000000000 0.6000000000000 0.0200000000000 0.9678239330419 0.3423543360785 23072.056000000  2630.588147168 14310.868000000   588.787750000    22.964778705    39.374680000    -246010  0.360501870686  0.360501870686  0.138068000000  0.152259375000  0.340675800000 19617.534   216.744     0.836739625     0.992251730  -54.16004
   0  8 0.9762641500000 0.6000000000000 0.0450000000000 0.6000000000000 0.0200000000000 0.6669959721631 0.2781943643545 22749.500500000  2594.590821198 13682.118000000   937.507375000    21.007763726    35.797665000    -443183  0.551618383268  0.551618383268  0.118862900000  0.082780000000  0.221750300000 18147.010   220.201     0.796130250     0.995227734  -54.41482
   0  8 0.9860008700000 0.6000000000000 0.0450000000000 0.6000000000000 0.0200000000000 0.5525755570636 0.2088109008871 23173.400500000  2498.662352549 13415.230000000   376.565275000    34.201647661    49.898440000    -330477  0.562891721422  0.562891721422  0.158114150000  0.150532125000  0.501462200000 20454.522   196.533     0.877583625     0.987832057  -53.34404
   0  6 0.9756530300000 0.6000000000000 0.0450000000000 0.6000000000000 0.0200000000000 0.9330922778505 0.4392841187679 23475.841000000  2388.026678740 12109.882000000   956.984500000    26.226357754    39.952075000     -18397  0.315534026001  0.315534026001  0.129720500000  0.084460875000  0.556998900000 19399.624   221.325     0.830055500     0.995176946  -55.25039
   0  7 0.9660157700000 0.6000000000000 0.0450000000000 0.6000000000000 0.0200000000000 0.7273803795742 0.3476824331850 28107.097000000  2324.296050032 12483.716000000   451.811575000    34.615618046    44.041452500    -594124  0.527556469095  0.527556469095  0.150630500000  0.072492625000  0.356102900000 21815.880   196.510     0.777246500     0.987813282  -51.37904
   0  9 0.9841198600000 0.6000000000000 0.0450000000000 0.6000000000000 0.0200000000000 0.9325292558207 0.3373179666514 24993.254500000  2367.132771036 13168.644000000   316.654300000    56.492907987    75.863437500    -322218  0.387462661817  0.387462661817  0.146116550000  0.052783937500  0.503171400000 21807.732   206.205     0.858177625     0.984412011  -54.08191
   0  8 0.9842126700000 0.6000000000000 0.0450000000000 0.6000000000000 0.0200000000000 0.7756827892772 0.2991705286920 26425.739500000  2367.847718752 13220.032000000   894.586825000    21.073838535    28.948907500    -128467  0.413832059161  0.413832059161  0.156062050000  0.107640937500  0.227726700000 21626.498   215.998     0.806952750     0.994165791  -53.79982
   0  7 0.9563113200000 0.6000000000000 0.0450000000000 0.6000000000000 0.0200000000000 0.9498917796873 0.4805077049008 22332.148000000  2946.918259706 14873.886000000   285.642775000    49.853371115    76.309695000    -940323  0.466684257242  0.466684257242  0.133001800000  0.078580750000  0.563563000000 18843.980   192.423     0.842631750     0.984720742  -53.87851
   0  6 0.9693889200000 0.6000000000000 0.0450000000000 0.6000000000000 0.0200000000000 0.5496948312831 0.2714060801073 21999.994000000  2563.548282616 12825.316000000   506.004625000    31.673195839    50.327407500    -487529  0.588016122315  0.588016122315  0.131578050000  0.101730500000  0.335294500000 17296.612   207.572     0.797927000     0.991473330  -54.18734
   0  6 0.9699813200000 0.6000000000000 0.0450000000000 0.6000000000000 0.0200000000000 0.9673649429260 0.4756397974016 23837.924500000  2647.726259301 13816.726000000   907.167475000    20.174005539    33.529360000    -741005  0.331246243529  0.331246243529  0.149282050000  0.127783687500  0.289597300000 19954.118   218.570     0.835781000     0.994845524  -55.13947
   0  9 0.9881368800000 0.6000000000000 0.0450000000000 0.6000000000000 0.0200000000000 0.5815081679563 0.2003835956400 20531.950000000  2468.853337398 12620.636000000   261.677575000    66.631016253    90.005455000    -460922  0.577166059256  0.577166059256  0.147885350000  0.150087875000  0.584798000000 18237.517   188.664     0.891039875     0.984463397  -51.59179
   0  6 0.9741226700000 0.6000000000000 0.0450000000000 0.6000000000000 0.0200000000000 0.6216406968425 0.2963082198647 23571.245500000  2309.184936397 11523.752000000   665.327125000    33.923049440    50.978675000     -77400  0.484705820415  0.484705820415  0.174829050000  0.124773312500  0.458754400000 18483.878   222.456     0.795749625     0.993039177  -51.45915
   0  9 0.9884941900000 0.6000000000000 0.0450000000000 0.6000000000000 0.0200000000000 0.8172051329397 0.2802999538261 22588.499500000  2122.781528359 10949.476000000   332.205850000    55.285725943    72.531082500    -948186  0.407984550230  0.407984550230  0.104819350000  0.066289062500  0.474810200000 18864.304   196.185     0.833911875     0.986532678  -51.68862
   0  6 0.9567892000000 0.6000000000000 0.0450000000000 0.6000000000000 0.0200000000000 0.9548335247977 0.5084810224372 26116.940500000  2555.501596594 13475.242000000   911.781325000    21.217876466    32.240800000    -989032  0.404528106493  0.404528106493  0.118927700000  0.133029000000  0.480804400000 20711.340   217.284     0.793579000     0.994401570  -54.03906
   0  9 0.9824634500000 0.6000000000000 0.0450000000000 0.6000000000000 0.0200000000000 0.9669746320360 0.3562205748456 20549.837500000  2703.782136892 13667.034000000   356.376025000    39.719068971    66.384455000    -497930  0.385035982603  0.385035982603  0.180463950000  0.056333250000  0.459054000000 17806.723   208.701     0.863915375     0.988623068  -52.76978
   0  7 0.9760223800000 0.6000000000000 0.0450000000000 0.6000000000000 0.0200000000000 0.5570974890407 0.2471505823894 22868.084500000  2512.398978443 13044.634000000   323.467300000    50.202285279    71.678412500    -262603  0.589242627196  0.589242627196  0.125391200000  0.078906562500  0.543332900000 20816.612   205.261     0.919146250     0.986097964  -54.55949
   0  7 0.9659668300000 0.6000000000000 0.0450000000000 0.6000000000000 0.0200000000000 0.7422343235703 0.3548958981306 21919.561000000  2686.257267169 13608.324000000   594.229600000    25.947507863    44.637145000    -536874  0.517383609269  0.517383609269  0.156780050000  0.080506375000  0.506617900000 19418.105   217.077     0.890856125     0.992773979  -55.14845
   0  7 0.9837628700000 0.6000000000000 0.0450000000000 0.6000000000000 0.0200000000000 0.8442048523342 0.3478142377061 23085.583000000  2792.416291400 14846.028000000   405.285850000    30.763390626    52.924157500    -560637  0.342496752911  0.342496752911  0.151055350000  0.101461875000  0.592949400000 19304.260   211.780     0.831981625     0.988752968  -53.75106
   0  9 0.9754405900000 0.6000000000000 0.0450000000000 0.6000000000000 0.0200000000000 0.8957879197871 0.3532443718136 23282.750500000  2823.817636623 15165.516000000   686.512225000    16.873950295    31.940305000    -124548  0.470789651226  0.470789651226  0.113089150000  0.252116000000  0.229771700000 21555.990   219.096     0.931524750     0.993332697  -49.57341
   0  6 0.9664640500000 0.6000000000000 0.0450000000000 0.6000000000000 0.0200000000000 0.8088081242300 0.4072749536928 21586.961500000  2395.028305202 11625.080000000   675.400150000    31.830005203    49.426247500    -844456  0.416957758107  0.416957758107  0.116200150000  0.055616625000  0.355778500000 18946.003   218.288     0.888900500     0.993737918  -53.85812
   0  6 0.9841877500000 0.6000000000000 0.0450000000000 0.6000000000000 0.0200000000000 0.6412240219093 0.2785484391825 23207.866000000  2536.570841444 13213.246000000   366.570325000    40.219455418    59.185120000    -650120  0.401836251242  0.401836251242  0.138817450000  0.156419750000  0.531681900000 20868.525   206.645     0.903582125     0.987496010  -53.28930
   0 10 0.9816023000000 0.6000000000000 0.0450000000000 0.6000000000000 0.0200000000000 0.8377668398910 0.2906394594859 24564.454000000  2316.725896821 12877.214000000   572.077000000    29.392258381    43.058945000    -425558  0.510639058142  0.510639058142  0.132220750000  0.135450062500  0.496818700000 19074.423   211.874     0.764232250     0.991532309  -53.45992
   0  9 0.9898994800000 0.6000000000000 0.0450000000000 0.6000000000000 0.0200000000000 0.7750553471708 0.2608893946298 22217.830000000  2858.952259112 15177.146000000   805.285000000    15.455331669    31.543057500    -866361  0.419039338331  0.419039338331  0.124375700000  0.141398750000  0.470171100000 20592.260   223.584     0.934269375     0.994529926  -52.67580
   0  9 0.9629971300000 0.6000000000000 0.0450000000000 0.6000000000000 0.0200000000000 0.9377374749307 0.4058428140520 24312.395500000  2556.082153476 13838.428000000   354.782575000    41.485265097    60.782722500    -884163  0.555925359467  0.555925359467  0.165281200000  0.093698812500  0.402263300000 21848.264   206.252     0.892332000     0.986587236  -54.00565
   0 12 0.9817015700000 0.6000000000000 0.0450000000000 0.6000000000000 0.0200000000000 0.9614642945024 0.2852318837333 26062.211500000  2112.848017028 12134.324000000   585.827200000    31.258966361    41.685982500    -439531  0.578984149805  0.578984149805  0.146034900000  0.087978000000  0.341883600000 22145.875   211.939     0.824129750     0.991226390  -53.74799
   0  8 0.9773328400000 0.6000000000000 0.0450000000000 0.6000000000000 0.0200000000000 0.7522721039331 0.3108002082101 24464.297500000  2733.484438591 15009.030000000   317.493325000    39.860392652    59.978315000    -797705  0.480356410046  0.480356410046  0.121155450000  0.051335062500  0.597869700000 22188.927   199.319     0.902807250     0.984838403  -54.19490
   0  8 0.9812949500000 0.6000000000000 0.0450000000000 0.6000000000000 0.0200000000000 0.6680745691414 0.2657625223068 23016.193000000  2593.310624399 13845.868000000   252.829675000    70.700999886    90.029407500    -112067  0.505508346027  0.505508346027  0.125794250000  0.051228250000  0.499245600000 19450.185   183.630     0.837993625     0.982050872  -54.53162
   0  6 0.9627636700000 0.6000000000000 0.0450000000000 0.6000000000000 0.0200000000000 0.7811598802801 0.4024743338629 25677.893500000  2479.321712636 12950.358000000   269.525800000    94.311182828   109.136060000    -240903  0.455082067824  0.455082067824  0.159185100000  0.119943312500  0.212024300000 20727.823   197.831     0.807292750     0.981354031  -51.26246
   0  7 0.9696058700000 0.6000000000000 0.0450000000000 0.6000000000000 0.0200000000000 0.7615237402474 0.3551788159353 23532.109000000  2470.549162904 12828.828000000   705.067750000    28.820557588    46.409370000    -903864  0.476898282115  0.476898282115  0.140480150000  0.084073875000  0.418912400000 19005.117   227.525     0.809030500     0.993454017  -53.98591
   0  6 0.9736824600000 0.6000000000000 0.0450000000000 0.6000000000000 0.0200000000000 0.8987625276126 0.4298882802602 25732.447000000  2397.344985231 12536.850000000   318.778300000    58.874555592    75.795252500    -909769  0.337477722173  0.337477722173  0.215891450000  0.121660937500  0.328301500000 17574.320   194.559     0.713842375     0.984142869  -48.59582
   0  8 0.9637036400000 0.6000000000000 0.0450000000000 0.6000000000000 0.0200000000000 0.8501801414198 0.3892912720180 24848.359000000  2591.334987555 14032.242000000   979.870600000    19.199585574    31.004337500    -202159  0.531248796159  0.531248796159  0.120880700000  0.054810625000  0.311503900000 20861.140   222.106     0.829011375     0.995035620  -55.36398
   0  7 0.9848708700000 0.6000000000000 0.0450000000000 0.6000000000000 0.0200000000000 0.6868967421709 0.2795933657683 23637.841000000  2656.197214812 14286.490000000   670.723975000    20.375642290    34.051017500    -822189  0.413147337230  0.413147337230  0.129612050000  0.128224687500  0.436419800000 20323.130   214.086     0.853813750     0.993036647  -55.27460
   0  6 0.9598119800000 0.6000000000000 0.0450000000000 0.6000000000000 0.0200000000000 0.8025609631945 0.4205435921815 23292.889000000  2700.454145868 13825.610000000   768.727225000    19.693438574    32.277070000    -380971  0.461631760574  0.461631760574  0.138993850000  0.115187937500  0.511399800000 20173.054   206.147     0.866470875     0.994073993  -54.36878
   0 10 0.9703040400000 0.6000000000000 0.0450000000000 0.6000000000000 0.0200000000000 0.9263976894223 0.3565848137113 23846.254000000  2541.577401908 13891.362000000   926.155450000    19.032103312    30.062487500    -133466  0.567072280016  0.567072280016  0.155837450000  0.095511187500  0.339766500000 19408.210   212.493     0.794243875     0.994948841  -54.09563
   0  8 0.9870381900000 0.6000000000000 0.0450000000000 0.6000000000000 0.0200000000000 0.6065595065175 0.2263823367821 21803.110000000  2500.668097784 13050.676000000   552.149200000    29.757768908    48.771080000    -549961  0.503425146508  0.503425146508  0.116691200000  0.083992687500  0.353562800000 18797.477   219.940     0.859968375     0.992186823  -55.19571
   0  6 0.9884444300000 0.6000000000000 0.0450000000000 0.6000000000000 0.0200000000000 0.7609262218404 0.3146972941469 22393.735000000  2791.112090412 14536.092000000   379.718875000    32.294579418    54.133060000    -476521  0.315868271460  0.315868271460  0.147791700000  0.079513562500  0.328419000000 18556.512   204.308     0.830407250     0.988319800  -54.76676
   0  6 0.9836957900000 0.6000000000000 0.0450000000000 0.6000000000000 0.0200000000000 0.6916817305110 0.3020457894737 20167.126000000  2543.477128858 12413.056000000   610.909300000    28.245975755    46.231822500    -906275  0.375477306470  0.375477306470  0.137897050000  0.079867375000  0.361494600000 16667.709   206.703     0.839076250     0.993482092  -53.29109
   0  6 0.9690505200000 0.6000000000000 0.0450000000000 0.6000000000000 0.0200000000000 0.6125782336892 0.3031663796491 21738.674500000  2649.517352611 13241.686000000   610.226650000    23.570625439    37.988197500    -601346  0.530269792412  0.530269792412  0.139054950000  0.112163687500  0.525949600000 18679.775   198.960     0.864646750     0.993014434  -53.40166
   0  6 0.9549983300000 0.6000000000000 0.0450000000000 0.6000000000000 0.0200000000000 0.9534951895859 0.5123941148859 22475.086000000  2802.964385635 14077.516000000   920.785150000    19.729722972    36.264625000    -958039  0.415105500007  0.415105500007  0.110770500000  0.180235437500  0.428187500000 19778.492   221.083     0.884148375     0.995230920  -53.55598
   0  8 0.9663846100000 0.6000000000000 0.0450000000000 0.6000000000000 0.0200000000000 0.8134542426718 0.3660110175672 21041.696500000  2807.311590528 13991.944000000   540.439975000    23.930063104    43.194600000     -38483  0.531969300112  0.531969300112  0.126040800000  0.083430937500  0.242469800000 18578.803   207.576     0.886527125     0.992371996  -54.49145
   0  7 0.9863558700000 0.6000000000000 0.0450000000000 0.6000000000000 0.0200000000000 0.6124595293382 0.2451035343789 21642.014500000  2246.436486251 11162.062000000   365.704300000    47.687362329    66.135407500    -712010  0.451814499070  0.451814499070  0.132407850000  0.084320812500  0.458616200000 17369.314   198.047     0.813280750     0.988295951  -52.67184
   0  6 0.9735693800000 0.6000000000000 0.0450000000000 0.6000000000000 0.0200000000000 0.8284684579980 0.3966163759646 24410.513500000  2601.806218443 13725.798000000   421.996375000    31.269831251    46.756925000    -139177  0.366733582731  0.366733582731  0.123056100000  0.125177187500  0.422248900000 18436.648   197.014     0.766088250     0.988637344  -52.65657
   0  7 0.9755539300000 0.6000000000000 0.0450000000000 0.6000000000000 0.0200000000000 0.9502497747808 0.4232406594859 24754.804000000  2494.313717725 13364.534000000   812.425150000    20.361685744    29.403062500    -365308  0.348051655833  0.348051655833  0.128494550000  0.062084625000  0.523100400000 20907.581   206.724     0.838440375     0.994009508  -53.06387
   0  6 0.9775938000000 0.6000000000000 0.0450000000000 0.6000000000000 0.0200000000000 0.5809006916906 0.2689980880282 23446.303000000  2623.118208265 13698.302000000   347.784175000    37.295648092    54.497385000    -891043  0.492025003529  0.492025003529  0.147468150000  0.068925437500  0.452719800000 20640.245   195.110     0.880646000     0.986733199  -55.10515
   0  8 0.9879685700000 0.6000000000000 0.0450000000000 0.6000000000000 0.0200000000000 0.7296413340953 0.2692022975440 24007.133500000  2313.142151233 12408.018000000   754.391800000    27.203461932    40.349062500    -266991  0.411598731279  0.411598731279  0.171549200000  0.152692312500  0.446178400000 18342.017   217.446     0.768351625     0.993699356  -52.38055
   0  9 0.9734344100000 0.6000000000000 0.0450000000000 0.6000000000000 0.0200000000000 0.9711852580944 0.3895777003724 20408.668000000  2546.929629634 12730.322000000   284.680000000    53.729036737    76.925505000    -101236  0.449659536948  0.449659536948  0.148028500000  0.117805125000  0.431860900000 18842.530   191.135     0.945531625     0.985918630  -52.11335
   0  6 0.9678945900000 0.6000000000000 0.0450000000000 0.6000000000000 0.0200000000000 0.7876097237037 0.3928743686169 30697.207000000  2263.950757289 11905.112000000   625.777525000    32.051934731    41.185775000    -753915  0.419422761025  0.419422761025  0.183100800000  0.063584250000  0.501490500000 23935.429   215.728     0.783590500     0.990384595  -49.45220
   0  6 0.9761385300000 0.6000000000000 0.0450000000000 0.6000000000000 0.0200000000000 0.9287503532405 0.4354745535186 20765.419000000  2787.671139783 13735.836000000   607.801825000    24.053312298    43.689510000    -995570  0.314676474498  0.314676474498  0.118452000000  0.066997687500  0.297789100000 18630.513   214.053     0.910726000     0.993281367  -54.59273
   0  6 0.9818578400000 0.6000000000000 0.0450000000000 0.6000000000000 0.0200000000000 0.7922560152630 0.3525503532785 25432.031500000  2198.532242034 11042.598000000   750.538450000    29.464610437    38.507970000    -402634  0.337549675916  0.337549675916  0.161413400000  0.063094437500  0.507400000000 20325.941   203.216     0.806568625     0.993316823  -49.35931
   0 10 0.9769321300000 0.6000000000000 0.0450000000000 0.6000000000000 0.0200000000000 0.8990033656746 0.3268681763684 26230.907500000  2474.541619406 14261.978000000   658.441225000    23.839048032    37.404465000    -104200  0.518555103753  0.518555103753  0.148588450000  0.149571250000  0.368864800000 22983.540   230.639     0.851942875     0.992162820  -51.60081
   0  6 0.9808928500000 0.6000000000000 0.0450000000000 0.6000000000000 0.0200000000000 0.4778973369901 0.2146856435400 21250.757500000  2573.492522017 12861.162000000   508.132675000    33.433549599    55.526757500    -466658  0.568170514026  0.568170514026  0.116496900000  0.080369250000  0.229618400000 18663.758   223.000     0.886631875     0.991755981  -53.86028
   0  8 0.9805511500000 0.6000000000000 0.0450000000000 0.6000000000000 0.0200000000000 0.6631274130996 0.2657670154223 24400.685500000  2433.996311494 13199.446000000   375.083650000    43.692810817    63.478467500    -247405  0.515845716478  0.515845716478  0.133234950000  0.072381125000  0.231382600000 18115.277   207.225     0.749080375     0.987178617  -52.65959
   0  9 0.9590033500000 0.6000000000000 0.0450000000000 0.6000000000000 0.0200000000000 0.9399948950020 0.4168620176720 25830.200500000  2303.956787181 12413.408000000   609.230575000    30.369908908    42.598485000    -246952  0.592422917298  0.592422917298  0.103766750000  0.073023437500  0.275999600000 21051.417   212.471     0.804873500     0.991709537  -53.54653
   0  7 0.9548281700000 0.6000000000000 0.0450000000000 0.6000000000000 0.0200000000000 0.8989470011749 0.4582133832265 22038.617500000  2560.210568827 12786.178000000   409.781125000    37.921193928    58.135175000     -74476  0.503856764081  0.503856764081  0.145731100000  0.067499812500  0.585570200000 19722.497   207.770     0.904501875     0.989492216  -55.39310
   0  6 0.9765858300000 0.6000000000000 0.0450000000000 0.6000000000000 0.0200000000000 0.5625799000086 0.2627891159626 26108.530000000  2317.378468801 12016.760000000   369.130600000    47.576094718    61.808357500    -472022  0.515958938811  0.515958938811  0.150164900000  0.236215000000  0.560732000000 19895.044   198.315     0.772184000     0.986087828  -48.52279
   0  8 0.9794362600000 0.6000000000000 0.0450000000000 0.6000000000000 0.0200000000000 0.7586479991265 0.3073691414524 25178.798500000  2291.547633873 12310.132000000   454.275100000    35.529200217    48.406365000    -678086  0.459594014607  0.459594014607  0.127604650000  0.123547937500  0.521915200000 20321.998   202.368     0.802510750     0.989082573  -53.93748
   0  7 0.9783957600000 0.6000000000000 0.0450000000000 0.6000000000000 0.0200000000000 0.6230087163983 0.2706769503353 23757.140500000  2438.695739185 12817.014000000   982.872550000    22.712557783    34.497502500    -623553  0.507107138995  0.507107138995  0.167546000000  0.125505687500  0.296457500000 20218.388   218.809     0.848054625     0.995241494  -54.35910
   0  6 0.9815896500000 0.6000000000000 0.0450000000000 0.6000000000000 0.0200000000000 0.4971139577797 0.2218028170161 23258.923000000  2727.044339928 14333.788000000   861.576625000    16.486748894    27.740265000    -398469  0.540242518369  0.540242518369  0.117119050000  0.052142000000  0.401407300000 20950.012   209.772     0.904294250     0.994676405  -52.25521
   0 10 0.9886783800000 0.6000000000000 0.0450000000000 0.6000000000000 0.0200000000000 0.6250256306316 0.1991414687663 20174.686000000  2564.466317476 13070.000000000   889.507000000    23.365632452    41.938767500    -126201  0.599009875803  0.599009875803  0.138317900000  0.145054812500  0.413659400000 17610.479   225.458     0.868406875     0.995507220  -52.50661
   0  6 0.9845838700000 0.6000000000000 0.0450000000000 0.6000000000000 0.0200000000000 0.7244276345685 0.3133479621184 23909.852500000  2730.780890359 14598.200000000   921.369025000    17.920215207    32.073197500    -837788  0.353421030338  0.353421030338  0.136266250000  0.097631937500  0.576843600000 18800.877   222.346     0.790323375     0.994873511  -53.90233
   0  7 0.9843354100000 0.6000000000000 0.0450000000000 0.6000000000000 0.0200000000000 0.6815639338975 0.2790677550966 22291.364500000  2828.264355897 14755.346000000   275.004325000    49.057997317    72.955272500    -771164  0.420160599931  0.420160599931  0.158613850000  0.101534500000  0.458390600000 18660.868   186.691     0.835379250     0.983989415  -52.91869
   0  6 0.9871272400000 0.6000000000000 0.0450000000000 0.6000000000000 0.0200000000000 0.4589693506878 0.1928739295626 24322.453000000  2651.803539299 14278.516000000   988.649650000    17.745817184    29.602677500    -353510  0.535199916758  0.535199916758  0.100691100000  0.164140812500  0.391492400000 19965.874   220.966     0.818380250     0.995131932  -53.26409
   0  8 0.9887983000000 0.6000000000000 0.0450000000000 0.6000000000000 0.0200000000000 0.7575369122914 0.2765523003646 20276.408500000  2421.164619270 12154.712000000   476.421625000    34.459311320    54.467907500    -305620  0.390572796048  0.390572796048  0.149062600000  0.127819875000  0.253660200000 18365.789   212.854     0.919635375     0.991568705  -52.54668
   0  8 0.9760275300000 0.6000000000000 0.0450000000000 0.6000000000000 0.0200000000000 0.7280054831262 0.3042671070662 22544.921500000  2477.087299964 12927.488000000   547.485850000    25.730795655    38.064507500    -476388  0.507403889173  0.507403889173  0.103408600000  0.156461250000  0.409118600000 20052.685   198.261     0.890304875     0.991902409  -52.14908
   0  7 0.9686716800000 0.6000000000000 0.0450000000000 0.6000000000000 0.0200000000000 0.6212631123274 0.2916796982803 24512.290000000  2657.596661290 14240.170000000   971.879050000    17.002092616    27.457157500    -551634  0.593061604564  0.593061604564  0.106514400000  0.092549812500  0.421218200000 20687.094   213.259     0.837214125     0.995054908  -54.19308
   0  8 0.9756210700000 0.6000000000000 0.0450000000000 0.6000000000000 0.0200000000000 0.6711409296897 0.2814868346201 21535.999000000  2459.140000618 12529.412000000   542.445625000    28.015556908    42.397440000    -194666  0.554160691057  0.554160691057  0.159567500000  0.108686000000  0.448526400000 17652.962   196.390     0.821488625     0.992194363  -52.11278
   0  6 0.9844435700000 0.6000000000000 0.0450000000000 0.6000000000000 0.0200000000000 0.8372988821896 0.3627217508195 23909.029000000  2326.879804471 11894.410000000   890.758900000    25.805960880    36.725117500    -249419  0.306471030312  0.306471030312  0.158930500000  0.246856937500  0.321758800000 18728.015   209.722     0.792545875     0.994697987  -50.72523
   0 10 0.9816304800000 0.6000000000000 0.0450000000000 0.6000000000000 0.0200000000000 0.9680382071981 0.3357316525490 19520.408500000  2740.897734639 13407.760000000   720.561025000    21.405877914    39.756522500    -557801  0.441689881989  0.441689881989  0.131515950000  0.125754687500  0.498403600000 17241.962   208.955     0.883518500     0.994657588  -51.82086
   0  9 0.9814878100000 0.6000000000000 0.0450000000000 0.6000000000000 0.0200000000000 0.8164152728774 0.3038769053047 22779.970000000  2508.929447094 13445.174000000   726.082750000    22.790227813    36.534992500    -839531  0.464117692326  0.464117692326  0.103552700000  0.050035875000  0.260008000000 18713.236   212.203     0.811792000     0.993813407  -54.24570
   0  7 0.9836958000000 0.6000000000000 0.0450000000000 0.6000000000000 0.0200000000000 0.8219214067651 0.3388772668519 23779.388500000  2487.856110999 13250.014000000   919.759150000    22.312560442    35.213672500    -384644  0.352178585032  0.352178585032  0.214307600000  0.109035625000  0.233905000000 19721.963   222.066     0.825989500     0.994895332  -52.07508
   0  7 0.9831944600000 0.6000000000000 0.0450000000000 0.6000000000000 0.0200000000000 0.5248330382427 0.2175449285239 22683.229000000  2683.731742551 14123.692000000   543.594700000    21.052889469    34.271595000    -617682  0.556186234872  0.556186234872  0.172099950000  0.116475875000  0.568000200000 19666.212   197.753     0.864592125     0.991763540  -52.24005
   0 10 0.9702925800000 0.6000000000000 0.0450000000000 0.6000000000000 0.0200000000000 0.8910664478304 0.3430162206770 25586.404000000  2815.159443159 15950.770000000   516.611350000    18.114048743    32.763920000    -616824  0.589677372940  0.589677372940  0.166199150000  0.145889437500  0.381905400000 20585.832   207.634     0.777554875     0.990283760  -50.90593
   0  9 0.9775213400000 0.6000000000000 0.0450000000000 0.6000000000000 0.0200000000000 0.8177059714629 0.3164632697478 24211.294000000  2412.081903826 13158.212000000   804.667375000    22.999722234    34.426977500    -196577  0.497255260557  0.497255260557  0.166351350000  0.199651812500  0.260613400000 19496.367   213.549     0.794726500     0.994079096  -52.57641
   0 12 0.9830411200000 0.6000000000000 0.0450000000000 0.6000000000000 0.0200000000000 0.9265860348090 0.2705600008787 21834.376000000  2583.117027895 13836.012000000   478.656100000    29.573973506    50.661865000    -175921  0.585243813360  0.585243813360  0.136734400000  0.093681250000  0.595864300000 19287.377   218.702     0.862516375     0.990996968  -54.56257
   0  8 0.9808138400000 0.6000000000000 0.0450000000000 0.6000000000000 0.0200000000000 0.6968953801310 0.2785719470829 22738.484500000  2371.454545699 12389.120000000   606.576025000    30.007940152    45.703892500     -26542  0.488637594262  0.488637594262  0.132385150000  0.061778062500  0.518985700000 20049.903   217.913     0.881275000     0.992610770  -55.57827
   0  6 0.9596808500000 0.6000000000000 0.0450000000000 0.6000000000000 0.0200000000000 0.7841158438513 0.4111758118454 25710.226000000  2586.368549360 13660.584000000   670.780450000    26.370761360    42.261850000     -92443  0.473352223137  0.473352223137  0.145523250000  0.056842750000  0.488395000000 19715.431   224.161     0.772741250     0.992504103  -53.49214
   0  7 0.9574272100000 0.6000000000000 0.0450000000000 0.6000000000000 0.0200000000000 0.8240847399312 0.4144175410585 24483.197500000  2494.321872044 13002.712000000   836.222500000    23.326002703    35.292452500    -872947  0.529244786598  0.529244786598  0.178143700000  0.074092937500  0.590359500000 20767.438   214.843     0.845021375     0.994276844  -53.92211
   0  8 0.9845778600000 0.6000000000000 0.0450000000000 0.6000000000000 0.0200000000000 0.7044195222832 0.2705799409521 23338.559500000  2224.197383241 11548.830000000   452.536300000    42.911411879    62.133357500    -341731  0.452785168161  0.452785168161  0.148966100000  0.108011937500  0.579451100000 20060.304   220.718     0.857835000     0.989811840  -52.02644
   0  6 0.9741812100000 0.6000000000000 0.0450000000000 0.6000000000000 0.0200000000000 0.5085737862182 0.2423017376262 26236.172500000  2440.523917508 12955.648000000   598.647250000    27.460613966    39.155370000    -859504  0.591944694392  0.591944694392  0.152282050000  0.052777187500  0.384603500000 22143.597   213.831     0.838676500     0.991388998  -54.33641
 
  COND2           1      284934  4.576099046060770E+043  4.937031857465090E+041
  1.078873470126268E-002         100
    284934   4538800    194635         0      6385         0         0         0         0         0    320856       766         0   1953624    284934
 PARAMETER FILE GI92B.PAR   
