  Aa Am            MSYL            MSYR           MORTJ           MORTA             K1+           PInit      ISEED   PTarget           CVADD              AR        PREG-MAX           GAMMA              P0   SSTILDA     LIKEL
   0  8 0.9833410200000 0.6000000000000 0.0200000000000 0.6000000000000 0.0200000000000 0.4107992762015 0.4107992762015 36486.088000000 13042.891404662 24535.148000000   275.076600000    33.610185809    77.017675000    -234992  0.308943956059  0.308943956059  0.136013100000  0.074711125000  0.382491300000 19351.109   185.088     0.736994750     0.986908411  -52.89202
   0 12 0.9835181900000 0.6000000000000 0.0200000000000 0.6000000000000 0.0200000000000 0.2680782534477 0.2680782534477 32867.048500000 18357.423708929 27432.856000000   382.077400000     0.024145207    43.694905000    -227389  0.581779679698  0.581779679698  0.180302050000  0.084053062500  0.306458700000 20963.558   199.622     0.787588375     0.991508704  -54.51073
   0 11 0.9702064600000 0.6000000000000 0.0200000000000 0.6000000000000 0.0200000000000 0.4212148277855 0.4212148277855 39100.727500000 15648.073499253 28313.248000000   211.253800000    62.584322940   109.974072500     -97680  0.513705983346  0.513705983346  0.158952450000  0.206427125000  0.522981600000 24381.268   169.353     0.784656125     0.981845281  -44.88612
   0  8 0.9713022400000 0.6000000000000 0.0200000000000 0.6000000000000 0.0200000000000 0.4632729135676 0.4632729135676 35613.988000000 13610.307630979 24804.276000000   362.514300000    19.065878027    60.930597500    -246883  0.374583234332  0.374583234332  0.146718400000  0.072965687500  0.459202600000 21230.459   198.112     0.782414250     0.990359871  -54.52633
   0  9 0.9663285200000 0.6000000000000 0.0200000000000 0.6000000000000 0.0200000000000 0.3943545657202 0.3943545657202 30557.603500000 22053.240825998 27118.476000000   307.240500000     7.740944342    74.993705000    -938882  0.529238484674  0.529238484674  0.115768000000  0.109770687500  0.247064900000 20539.033   207.040     0.816547125     0.990257265  -52.61389
   0 11 0.9827022900000 0.6000000000000 0.0200000000000 0.6000000000000 0.0200000000000 0.4711491661034 0.4711491661034 36948.247000000 16055.787851729 27996.132000000   463.633300000     2.304330376    46.250997500    -272879  0.321762631091  0.321762631091  0.161709900000  0.070621562500  0.385041100000 22708.347   209.457     0.775795250     0.992137247  -53.75943
   0  7 0.9656318400000 0.6000000000000 0.0200000000000 0.6000000000000 0.0200000000000 0.4858527118176 0.4858527118176 32936.168500000 17231.171993587 26780.816000000   261.864000000    23.153609424    79.240317500    -653451  0.380683858537  0.380683858537  0.119627250000  0.064183062500  0.274806900000 23139.923   189.606     0.845172625     0.987681870  -54.00243
   0 12 0.9671313000000 0.6000000000000 0.0200000000000 0.6000000000000 0.0200000000000 0.6517324105720 0.6517324105720 29214.205000000 16632.465771373 24050.080000000   317.910200000    21.524541654    80.914977500    -719434  0.385452140585  0.385452140585  0.166335700000  0.127856250000  0.548492300000 20571.908   214.325     0.846890250     0.990995909  -48.99064
   0  6 0.9582045400000 0.6000000000000 0.0200000000000 0.6000000000000 0.0200000000000 0.4727798359035 0.4727798359035 33205.291000000 14361.959097494 24581.528000000   267.937900000    29.786893678    75.984597500    -114783  0.423542590847  0.423542590847  0.130123050000  0.083289937500  0.567400100000 17912.009   180.349     0.741804375     0.987885608  -52.70608
   0  7 0.9824149100000 0.6000000000000 0.0200000000000 0.6000000000000 0.0200000000000 0.2825169060329 0.2825169060329 44072.629000000 13882.048440608 27847.192000000   294.498600000    32.459184097    78.848530000    -776842  0.437423989166  0.437423989166  0.249054700000  0.070373875000  0.569799000000 26465.247   200.287     0.784835625     0.985237198  -45.63745
   0 10 0.9650666300000 0.6000000000000 0.0200000000000 0.6000000000000 0.0200000000000 0.5450964522312 0.5450964522312 51876.533500000  9712.207181880 20594.332000000   277.938000000    79.413496054   104.875732500    -763045  0.422965621104  0.422965621104  0.196826800000  0.070339000000  0.501940700000 20476.880   177.506     0.717615125     0.981723311  -46.71446
   0  9 0.9502101900000 0.6000000000000 0.0200000000000 0.6000000000000 0.0200000000000 0.6482791642654 0.6482791642654 33722.044000000 19299.668712238 28251.644000000   253.446400000    21.508649787    85.025025000    -692210  0.460214777370  0.460214777370  0.185430750000  0.082620687500  0.234677200000 21484.312   188.793     0.789917000     0.987010973  -52.85222
   0  7 0.9577866800000 0.6000000000000 0.0200000000000 0.6000000000000 0.0200000000000 0.7063644253557 0.7063644253557 28629.533500000 14587.639063850 22525.316000000   219.694900000    69.109669016   123.782705000    -449667  0.308278606549  0.308278606549  0.222320950000  0.062837562500  0.211886200000 19272.566   183.185     0.840940000     0.987262470  -48.38535
   0  8 0.9847227400000 0.6000000000000 0.0200000000000 0.6000000000000 0.0200000000000 0.3802403459087 0.3802403459087 33364.105000000 16177.520504375 26461.980000000   253.200600000    19.541208202    68.702647500    -618017  0.320859612791  0.320859612791  0.136370450000  0.062402687500  0.452251800000 18254.109   173.207     0.734404750     0.986983357  -51.56425
   0 10 0.9716099400000 0.6000000000000 0.0200000000000 0.6000000000000 0.0200000000000 0.6154551529535 0.6154551529535 31127.425000000 14199.149945741 23523.460000000   426.941600000    13.764436314    55.826017500    -395892  0.317640953926  0.317640953926  0.137480900000  0.071745437500  0.469447800000 18730.865   200.610     0.782503750     0.992844935  -54.58237
   0 11 0.9844227800000 0.6000000000000 0.0200000000000 0.6000000000000 0.0200000000000 0.3197865399439 0.3197865399439 37839.220000000 12389.609483633 23979.128000000   248.219900000    56.815438060   102.133122500    -383093  0.449432529772  0.449432529772  0.186190750000  0.106115250000  0.475807300000 23204.564   188.512     0.801395625     0.984944020  -49.53817
   0  8 0.9870297200000 0.6000000000000 0.0200000000000 0.6000000000000 0.0200000000000 0.2712112087180 0.2712112087180 32391.322000000 19805.672103354 27926.288000000   271.291400000    10.373835830    70.584657500    -888847  0.420320123983  0.420320123983  0.148868450000  0.067721812500  0.298474900000 17519.956   186.133     0.724046750     0.988187935  -53.79657
   0 11 0.9695352000000 0.6000000000000 0.0200000000000 0.6000000000000 0.0200000000000 0.4662203303595 0.4662203303595 32109.320500000 18703.303182245 27005.320000000   214.522100000    53.137083019   117.995787500    -702931  0.472455843249  0.472455843249  0.126763700000  0.112464375000  0.528726500000 21757.717   178.973     0.818320375     0.985322131  -52.22590
   0  9 0.9835890500000 0.6000000000000 0.0200000000000 0.6000000000000 0.0200000000000 0.3074834877139 0.3074834877139 29730.917500000 23530.482748203 26844.284000000   262.821100000    13.777874662    86.953477500     -77209  0.431735460306  0.431735460306  0.152603450000  0.102544000000  0.216689600000 17893.879   196.510     0.767570750     0.988833138  -52.45851
   0 11 0.9695447200000 0.6000000000000 0.0200000000000 0.6000000000000 0.0200000000000 0.5337761340325 0.5337761340325 29840.983000000 19480.264548484 25777.384000000   389.814000000     0.055940208    50.556435000    -584345  0.412556975686  0.412556975686  0.113207900000  0.109671250000  0.321723400000 20124.161   196.116     0.818835625     0.992493092  -53.89642
   0 11 0.9850401900000 0.6000000000000 0.0200000000000 0.6000000000000 0.0200000000000 0.3939204321006 0.3939204321006 32368.804000000 16530.003836368 26088.096000000   193.957500000   103.151144868   138.831537500    -976404  0.357821295450  0.357821295450  0.137691200000  0.105513375000  0.458679100000 21178.231   165.950     0.806113000     0.983511137  -51.52264
   0  9 0.9746177200000 0.6000000000000 0.0200000000000 0.6000000000000 0.0200000000000 0.4120404075177 0.4120404075177 32280.635500000 20054.663060461 27818.800000000   358.501400000     4.095352099    64.293080000    -645834  0.412369702809  0.412369702809  0.128395300000  0.082198000000  0.444491800000 21037.775   212.767     0.800810750     0.991152363  -53.57016
   0  7 0.9642582400000 0.6000000000000 0.0200000000000 0.6000000000000 0.0200000000000 0.5151079083460 0.5151079083460 29851.351000000 19864.620891176 25958.732000000   497.136500000     0.112377132    46.716430000    -844114  0.369821948685  0.369821948685  0.133449550000  0.151074875000  0.346900100000 17925.736   206.376     0.773774750     0.994121566  -52.80417
   0 10 0.9824310200000 0.6000000000000 0.0200000000000 0.6000000000000 0.0200000000000 0.2650502478193 0.2650502478193 33566.267500000 18949.583949140 28233.848000000   228.767200000    24.841269855    86.807650000    -144976  0.546423041236  0.546423041236  0.142210100000  0.127945125000  0.583736800000 22861.202   178.381     0.819202250     0.985525739  -51.65666
   0 12 0.9747793600000 0.6000000000000 0.0200000000000 0.6000000000000 0.0200000000000 0.5416763423006 0.5416763423006 29993.195500000 17840.776838026 25224.748000000   360.108200000     7.017098714    59.640087500    -540385  0.375023906855  0.375023906855  0.160105800000  0.083226625000  0.401605000000 18499.079   201.017     0.778569750     0.991815418  -54.92498
   0 10 0.9764148100000 0.6000000000000 0.0200000000000 0.6000000000000 0.0200000000000 0.3536529964564 0.3536529964564 28792.262500000 15725.218819171 23427.996000000   326.046700000    14.861858551    62.021492500    -386145  0.486159589919  0.486159589919  0.158181850000  0.107726687500  0.552958100000 18253.129   189.064     0.802337250     0.991315920  -52.11889
   0 10 0.9831981400000 0.6000000000000 0.0200000000000 0.6000000000000 0.0200000000000 0.4117216662888 0.4117216662888 30599.494000000 17008.012880895 25333.884000000   262.192100000    18.647755165    72.223665000     -51816  0.343812707574  0.343812707574  0.134257850000  0.083103187500  0.537289300000 21729.400   184.258     0.849065125     0.988482015  -54.04205
   0  7 0.9516207700000 0.6000000000000 0.0200000000000 0.6000000000000 0.0200000000000 0.5320499231402 0.5320499231402 33441.041500000 13227.500404351 23385.808000000   449.785800000    20.858547880    64.180467500    -480761  0.461572456652  0.461572456652  0.157175450000  0.091682625000  0.517452800000 20055.945   214.498     0.792039000     0.992740530  -52.44965
   0  6 0.9705841600000 0.6000000000000 0.0200000000000 0.6000000000000 0.0200000000000 0.3033984354370 0.3033984354370 33504.653500000 13374.920468575 23786.404000000   450.382900000    18.743210557    61.023417500    -754845  0.512501876199  0.512501876199  0.144104750000  0.058572000000  0.253899300000 19798.346   210.984     0.782922125     0.992702183  -54.53857
   0  7 0.9604613400000 0.6000000000000 0.0200000000000 0.6000000000000 0.0200000000000 0.4279744174964 0.4279744174964 32661.565000000 21718.310718488 28633.872000000   307.891500000     0.058737145    55.450870000    -472852  0.481938181293  0.481938181293  0.141464550000  0.051427375000  0.387659400000 22346.434   190.214     0.824906375     0.989625057  -55.44573
   0  9 0.9672865600000 0.6000000000000 0.0200000000000 0.6000000000000 0.0200000000000 0.5286197228847 0.5286197228847 33888.836500000 15097.757420621 25595.632000000   269.452300000    25.966180861    75.500802500    -384643  0.385889858599  0.385889858599  0.135022150000  0.050058000000  0.442497800000 20828.074   185.863     0.786535000     0.987676139  -55.37377
   0  9 0.9532887200000 0.6000000000000 0.0200000000000 0.6000000000000 0.0200000000000 0.5842031425463 0.5842031425463 31799.900500000 14949.208913174 24345.800000000   328.395200000    18.464130207    65.075550000    -954923  0.478664483627  0.478664483627  0.114882000000  0.065626250000  0.548620200000 21919.284   195.503     0.844109250     0.990542692  -53.72759
   0 10 0.9508767500000 0.6000000000000 0.0200000000000 0.6000000000000 0.0200000000000 0.9386691243389 0.9386691243389 34965.353500000 13952.912978334 24689.716000000   445.213800000    15.624122008    59.306735000    -632713  0.340859494044  0.340859494044  0.181876500000  0.080625187500  0.551094300000 20101.217   212.840     0.763497875     0.992332463  -53.00170
   0  6 0.9549866400000 0.6000000000000 0.0200000000000 0.6000000000000 0.0200000000000 0.5571022564185 0.5571022564185 32118.473500000 18527.792451786 26951.492000000   284.825800000    10.933787564    64.095642500    -882774  0.381875512953  0.381875512953  0.114406250000  0.063874625000  0.371682900000 20081.976   181.576     0.790570500     0.988983687  -53.87387
   0  9 0.9893264400000 0.6000000000000 0.0200000000000 0.6000000000000 0.0200000000000 0.2861601489279 0.2861601489279 32660.714500000 14898.250090890 25107.568000000   452.225800000     8.185957797    49.219385000    -659279  0.389166050529  0.389166050529  0.131060300000  0.075339625000  0.570593500000 18414.799   197.465     0.749384125     0.992843516  -54.24915
   0  9 0.9750422000000 0.6000000000000 0.0200000000000 0.6000000000000 0.0200000000000 0.3932318180595 0.3932318180595 30343.642000000 21577.318292751 26875.632000000   278.952500000     3.789597145    63.721210000    -873511  0.427345682252  0.427345682252  0.155709950000  0.136331375000  0.593074900000 19851.544   182.984     0.804632375     0.989309587  -52.67258
   0  6 0.9846339800000 0.6000000000000 0.0200000000000 0.6000000000000 0.0200000000000 0.1903165692696 0.1903165692696 34593.968500000 19965.878403433 29511.636000000   317.683900000     4.575574626    64.223400000    -910941  0.581104965213  0.581104965213  0.146533600000  0.052053437500  0.243693500000 22602.068   202.596     0.801393375     0.989243637  -54.24344
   0  7 0.9511092900000 0.6000000000000 0.0200000000000 0.6000000000000 0.0200000000000 0.6385717195796 0.6385717195796 35716.561000000 15155.823104651 26345.948000000   240.979700000    27.925599520    73.085207500    -833879  0.388323577112  0.388323577112  0.184400850000  0.059690125000  0.315763100000 21235.945   168.123     0.775043375     0.985529306  -48.72992
   0  7 0.9758216900000 0.6000000000000 0.0200000000000 0.6000000000000 0.0200000000000 0.2497443211565 0.2497443211565 35127.029500000 16622.342240849 27644.356000000   319.328600000     8.693323288    55.905610000    -681909  0.585997132688  0.585997132688  0.133849650000  0.069138937500  0.594079600000 21207.436   186.428     0.773559750     0.989185344  -53.66583
   0  8 0.9523545600000 0.6000000000000 0.0200000000000 0.6000000000000 0.0200000000000 0.6279588487771 0.6279588487771 33187.997500000 19831.318900118 28206.624000000   351.985100000     0.094618587    51.961735000    -991939  0.418461285218  0.418461285218  0.120725350000  0.120867312500  0.427977500000 19398.954   191.869     0.754887625     0.990792673  -52.81953
   0  6 0.9570710300000 0.6000000000000 0.0200000000000 0.6000000000000 0.0200000000000 0.5632769236934 0.5632769236934 31426.153000000 18126.629630694 26317.848000000   340.545600000    13.167499548    69.543097500    -126696  0.363237698744  0.363237698744  0.116973450000  0.054436812500  0.307978000000 20859.934   207.203     0.819506375     0.990981288  -55.00216
   0  8 0.9739498000000 0.6000000000000 0.0200000000000 0.6000000000000 0.0200000000000 0.3822700759677 0.3822700759677 31294.838500000 14101.720727104 23597.044000000   307.971700000    23.915281830    69.887565000    -792512  0.425525245537  0.425525245537  0.179147150000  0.062353812500  0.382859800000 18880.218   192.025     0.786533500     0.990018100  -53.99025
   0 11 0.9713607500000 0.6000000000000 0.0200000000000 0.6000000000000 0.0200000000000 0.6934410751875 0.6934410751875 34896.895000000 12747.084122174 23420.176000000   357.137300000    19.905913556    58.063837500    -177426  0.302546317161  0.302546317161  0.146031100000  0.068732062500  0.345501900000 15830.889   186.115     0.680381875     0.990411543  -49.54495
   0  8 0.9751142200000 0.6000000000000 0.0200000000000 0.6000000000000 0.0200000000000 0.4854176987234 0.4854176987234 33209.219500000 16593.033368294 26571.920000000   415.284400000     5.601970224    51.957640000    -166386  0.325490678010  0.325490678010  0.151956550000  0.079792937500  0.391885800000 18764.289   198.989     0.747199750     0.992140698  -54.95567
   0  8 0.9746320000000 0.6000000000000 0.0200000000000 0.6000000000000 0.0200000000000 0.3169299557203 0.3169299557203 33033.409000000 19512.166080872 28128.528000000   358.184800000     0.064462929    47.343420000     -53916  0.504601147458  0.504601147458  0.154394100000  0.076858937500  0.396179600000 20167.712   195.023     0.773211000     0.990937980  -55.20038
   0  8 0.9892843500000 0.6000000000000 0.0200000000000 0.6000000000000 0.0200000000000 0.1846585064111 0.1846585064111 31797.902500000 14351.375121225 24235.300000000   345.150500000    16.515301583    59.746460000    -892109  0.576163070267  0.576163070267  0.171161750000  0.077334625000  0.520230400000 20425.565   193.456     0.809291000     0.990871360  -53.99879
   0  6 0.9825706600000 0.6000000000000 0.0200000000000 0.6000000000000 0.0200000000000 0.2951377171947 0.2951377171947 28421.971000000 22588.647697408 25560.560000000   391.897600000     0.642930904    60.225477500    -878302  0.395825592373  0.395825592373  0.120896350000  0.062680437500  0.326410600000 18333.618   204.632     0.805931000     0.992845097  -55.63956
   0  6 0.9748969000000 0.6000000000000 0.0200000000000 0.6000000000000 0.0200000000000 0.4213967493461 0.4213967493461 34693.936000000 13751.528115342 24712.216000000   492.362800000    11.774117995    49.707600000    -219876  0.334784473070  0.334784473070  0.148907700000  0.107205125000  0.467357900000 19433.319   197.782     0.757129500     0.993075355  -53.19726
   0 12 0.9567341000000 0.6000000000000 0.0200000000000 0.6000000000000 0.0200000000000 0.7658395652344 0.7658395652344 30371.411500000 16530.834379154 24607.228000000   242.595600000    36.889928430    97.298682500    -972849  0.428798989169  0.428798989169  0.134609550000  0.054176125000  0.341436600000 19269.920   187.204     0.793677875     0.987765616  -54.39556
   0  9 0.9569882500000 0.6000000000000 0.0200000000000 0.6000000000000 0.0200000000000 0.6472562597718 0.6472562597718 30792.746500000 21201.812900577 27014.392000000   212.598500000    36.934941763   105.333917500    -102172  0.398893314767  0.398893314767  0.146637400000  0.094252875000  0.204550000000 18494.280   172.212     0.766292125     0.985845005  -52.79121
   0  7 0.9780984900000 0.6000000000000 0.0200000000000 0.6000000000000 0.0200000000000 0.4582506712267 0.4582506712267 32413.043500000 20133.886114805 28008.884000000   359.035500000     2.099059032    59.575640000    -497066  0.301796712703  0.301796712703  0.172815150000  0.082215375000  0.347077500000 18854.724   202.866     0.754479000     0.991114912  -54.26320
   0  7 0.9852734400000 0.6000000000000 0.0200000000000 0.6000000000000 0.0200000000000 0.1919645087469 0.1919645087469 27874.114000000 16770.735228916 23506.688000000   466.515900000     9.470297177    57.896235000    -766474  0.594963389680  0.594963389680  0.229426650000  0.052210375000  0.532547900000 16277.030   206.198     0.769517250     0.994095688  -50.95930
   0 11 0.9640035400000 0.6000000000000 0.0200000000000 0.6000000000000 0.0200000000000 0.6624038358597 0.6624038358597 32018.222500000 19810.485742293 27396.556000000   360.848000000     1.377431973    58.047425000    -879612  0.383533212753  0.383533212753  0.191574150000  0.057002062500  0.565574100000 24651.857   207.994     0.884631625     0.991314094  -53.18503
   0  8 0.9744331800000 0.6000000000000 0.0200000000000 0.6000000000000 0.0200000000000 0.4826676336241 0.4826676336241 32781.296500000 21783.682937657 28816.668000000   268.583800000     4.818690932    67.888522500    -269163  0.332982790562  0.332982790562  0.144643000000  0.052780812500  0.368156600000 20588.719   184.922     0.783091250     0.988008111  -55.40410
   0 12 0.9521984400000 0.6000000000000 0.0200000000000 0.6000000000000 0.0200000000000 0.8405414942918 0.8405414942918 39077.831500000 13733.748712865 25761.904000000   429.582400000    12.244681541    51.688605000    -795568  0.436522841717  0.436522841717  0.176578950000  0.095820687500  0.425730500000 18875.320   199.959     0.693963250     0.991117181  -51.93156
   0 11 0.9740549500000 0.6000000000000 0.0200000000000 0.6000000000000 0.0200000000000 0.4904907325203 0.4904907325203 31840.589500000 15125.062036577 24639.464000000   395.044000000    12.532809223    58.689592500    -983183  0.397417156744  0.397417156744  0.176748150000  0.089135812500  0.388889800000 21866.738   207.377     0.836926000     0.992082166  -53.48475
   0 10 0.9606758100000 0.6000000000000 0.0200000000000 0.6000000000000 0.0200000000000 0.7140978599531 0.7140978599531 31219.765000000 23607.059322742 27978.876000000   267.374700000     0.042122353    63.712825000    -856924  0.358721263712  0.358721263712  0.139029400000  0.102084625000  0.217139400000 18858.086   179.525     0.763010375     0.988579693  -53.27910
   0 11 0.9526964900000 0.6000000000000 0.0200000000000 0.6000000000000 0.0200000000000 0.9071400771224 0.9071400771224 30888.988000000 15601.832670625 24300.692000000   482.472200000     6.115400281    47.629907500    -582234  0.367916567265  0.367916567265  0.242647450000  0.060402312500  0.415302800000 15789.490   192.732     0.709257750     0.993747836  -47.96183
   0  6 0.9843558100000 0.6000000000000 0.0200000000000 0.6000000000000 0.0200000000000 0.2234128296524 0.2234128296524 35344.879000000 18784.029215750 29365.644000000   222.862000000    44.050490571   108.791397500    -343762  0.498747880989  0.498747880989  0.166449400000  0.104153187500  0.264945500000 23637.299   183.593     0.813117500     0.984336962  -50.15661
   0 11 0.9640517300000 0.6000000000000 0.0200000000000 0.6000000000000 0.0200000000000 0.5323632051943 0.5323632051943 33534.070000000 15683.134783761 25823.888000000   465.801500000     6.214650468    50.203745000    -382390  0.476640107475  0.476640107475  0.153657200000  0.056439562500  0.381705500000 18132.144   204.251     0.727561875     0.992952527  -55.09950
   0 12 0.9654597100000 0.6000000000000 0.0200000000000 0.6000000000000 0.0200000000000 0.6952431312517 0.6952431312517 29299.336000000 16885.307145811 24222.444000000   351.157200000    13.524319077    67.705970000     -36455  0.377783384872  0.377783384872  0.121479650000  0.080231937500  0.581236300000 22919.430   211.787     0.905659625     0.991828886  -50.11983
   0 10 0.9676803700000 0.6000000000000 0.0200000000000 0.6000000000000 0.0200000000000 0.3722257316669 0.3722257316669 38875.250500000 11978.050682909 23385.592000000   262.266000000    46.110300147    86.410077500    -693309  0.580619970464  0.580619970464  0.132626850000  0.058193000000  0.283768000000 21493.986   181.794     0.767289875     0.985473563  -51.61659
   0  9 0.9610194200000 0.6000000000000 0.0200000000000 0.6000000000000 0.0200000000000 0.4633381769896 0.4633381769896 32412.341500000 17416.507346620 26488.984000000   464.225600000     5.099103304    55.751072500    -297383  0.509427318125  0.509427318125  0.115091750000  0.088021750000  0.460278400000 18425.839   214.013     0.747347125     0.993170552  -53.07989
   0  9 0.9502538900000 0.6000000000000 0.0200000000000 0.6000000000000 0.0200000000000 0.6386547337026 0.6386547337026 28751.479000000 18646.795079382 24620.476000000   331.614400000    11.060954628    66.712542500    -165134  0.466725458634  0.466725458634  0.177038100000  0.072176250000  0.421886100000 20062.186   199.386     0.843786250     0.991535953  -54.18090
   0  9 0.9570300400000 0.6000000000000 0.0200000000000 0.6000000000000 0.0200000000000 0.6323133711246 0.6323133711246 35904.467500000 15107.042722543 26376.920000000   465.106300000     9.377142678    53.599052500    -198864  0.407946687567  0.407946687567  0.139753000000  0.151499250000  0.323865000000 19299.328   209.788     0.730684875     0.992455659  -51.19336
   0  6 0.9736059300000 0.6000000000000 0.0200000000000 0.6000000000000 0.0200000000000 0.3430139812193 0.3430139812193 36712.132000000 15921.922649551 27790.100000000   355.512400000    10.501380958    57.176912500    -374888  0.423689285728  0.423689285728  0.128050200000  0.058327062500  0.344622500000 18957.464   195.321     0.714352125     0.989857543  -52.84417
   0  8 0.9559872200000 0.6000000000000 0.0200000000000 0.6000000000000 0.0200000000000 0.6938470989911 0.6938470989911 32639.573500000 17108.658209137 26421.940000000   262.550000000    17.654524544    69.373642500    -713717  0.351656543827  0.351656543827  0.136895250000  0.094910687500  0.338322500000 19373.247   177.367     0.767769875     0.987852939  -53.17572
   0  7 0.9541010800000 0.6000000000000 0.0200000000000 0.6000000000000 0.0200000000000 0.6363812396419 0.6363812396419 29226.733000000 16794.587543829 24191.400000000   330.232300000    17.935784536    71.327867500    -707006  0.367959830253  0.367959830253  0.175952350000  0.059995750000  0.417722000000 21687.907   204.132     0.882228375     0.991355177  -53.27021
   0  7 0.9731761500000 0.6000000000000 0.0200000000000 0.6000000000000 0.0200000000000 0.3163699906584 0.3163699906584 30084.833500000 18004.219413403 25466.836000000   456.545900000     3.070065778    50.988522500     -81941  0.492971331394  0.492971331394  0.109904450000  0.056760250000  0.339427500000 17259.180   196.634     0.756688500     0.993528962  -53.29278
   0  8 0.9847476000000 0.6000000000000 0.0200000000000 0.6000000000000 0.0200000000000 0.2847655300772 0.2847655300772 32675.645500000 21529.878503856 28734.796000000   312.636100000     4.377620254    69.345952500     -58935  0.428128409791  0.428128409791  0.120083350000  0.067420750000  0.432941100000 18720.136   204.069     0.744369250     0.989675334  -52.52458
   0  7 0.9789299400000 0.6000000000000 0.0200000000000 0.6000000000000 0.0200000000000 0.2963179769648 0.2963179769648 31604.569000000 22613.142891453 28177.044000000   231.863300000    32.755070413   108.921560000    -464970  0.456970259747  0.456970259747  0.171804150000  0.061053500000  0.310887500000 21793.993   191.399     0.828765375     0.986579188  -51.75797
   0 10 0.9818803900000 0.6000000000000 0.0200000000000 0.6000000000000 0.0200000000000 0.3664326097827 0.3664326097827 31559.209000000 13503.090383802 23185.736000000   395.614400000    16.494256656    57.076942500    -932756  0.401723324125  0.401723324125  0.134725750000  0.105172750000  0.535144000000 17690.712   195.773     0.755250000     0.992133085  -52.43710
   0  8 0.9604766400000 0.6000000000000 0.0200000000000 0.6000000000000 0.0200000000000 0.4617445247713 0.4617445247713 35220.166000000 18341.395122887 28730.616000000   363.830300000     0.052713172    41.467095000    -371004  0.480628540709  0.480628540709  0.154714350000  0.053571187500  0.331008400000 22818.458   191.798     0.799676125     0.990532387  -53.60332
   0  6 0.9805825700000 0.6000000000000 0.0200000000000 0.6000000000000 0.0200000000000 0.2670351578580 0.2670351578580 33697.082500000 11660.346966311 21773.816000000   468.882400000    25.667360175    65.665685000    -391382  0.460389923047  0.460389923047  0.268063500000  0.059358062500  0.494671000000 20773.064   217.842     0.815009375     0.992917824  -46.93730
   0 10 0.9877976200000 0.6000000000000 0.0200000000000 0.6000000000000 0.0200000000000 0.2935081324838 0.2935081324838 33745.223500000 16710.912852468 27045.688000000   392.717300000     8.897411620    61.121730000    -383613  0.418171544848  0.418171544848  0.198618000000  0.105900875000  0.539249000000 27389.551   223.111     0.919964000     0.991494643  -46.35922
   0 12 0.9623173800000 0.6000000000000 0.0200000000000 0.6000000000000 0.0200000000000 0.7894417783579 0.7894417783579 33527.279500000 15393.013256923 25516.996000000   495.799700000     6.942210966    51.071852500    -129541  0.361177554311  0.361177554311  0.135580000000  0.163689250000  0.598095400000 19072.740   211.581     0.747271000     0.993383362  -51.66441
   0  8 0.9814345000000 0.6000000000000 0.0200000000000 0.6000000000000 0.0200000000000 0.3757639241267 0.3757639241267 35618.443000000 12985.981391753 24157.156000000   456.890300000    15.567548108    53.469995000    -898729  0.356160265178  0.356160265178  0.157106600000  0.070206312500  0.278059000000 19203.167   201.406     0.744241250     0.992313925  -54.11430
   0  6 0.9642294100000 0.6000000000000 0.0200000000000 0.6000000000000 0.0200000000000 0.5838172806935 0.5838172806935 31099.723000000 14736.421447987 23998.740000000   416.190900000    14.394145792    57.742705000    -831998  0.304579512557  0.304579512557  0.146028150000  0.100153937500  0.355192800000 18238.396   197.841     0.775098750     0.992684674  -53.79065
   0  7 0.9511614000000 0.6000000000000 0.0200000000000 0.6000000000000 0.0200000000000 0.7494590859416 0.7494590859416 29856.265000000 15084.036134374 23494.596000000   371.589000000    17.708784129    64.494417500    -253488  0.330542472963  0.330542472963  0.137932750000  0.128973062500  0.365803000000 19350.694   200.411     0.819197250     0.992155308  -52.30286
   0 12 0.9582083200000 0.6000000000000 0.0200000000000 0.6000000000000 0.0200000000000 0.6062995431751 0.6062995431751 32430.850000000 15519.804015112 25044.572000000   348.811000000    13.451879341    61.335417500    -846886  0.522080738912  0.522080738912  0.164703300000  0.078612250000  0.469649900000 22660.117   201.450     0.842678750     0.990911400  -54.27371
   0  9 0.9841742600000 0.6000000000000 0.0200000000000 0.6000000000000 0.0200000000000 0.2765401238429 0.2765401238429 29464.616500000 18964.819124663 25471.076000000   470.139500000     1.911113294    53.919600000    -683628  0.471861191718  0.471861191718  0.100718000000  0.086561187500  0.584168200000 18753.370   209.954     0.796458125     0.993811133  -53.69426
   0  7 0.9884662500000 0.6000000000000 0.0200000000000 0.6000000000000 0.0200000000000 0.2492541076287 0.2492541076287 30670.193500000 29932.877206301 28404.792000000   266.096500000     0.076075489    71.420070000    -147325  0.417620805007  0.417620805007  0.120290700000  0.058381500000  0.535692100000 21039.422   195.704     0.824204000     0.988585945  -55.07325
   0  9 0.9542751600000 0.6000000000000 0.0200000000000 0.6000000000000 0.0200000000000 0.6113796230230 0.6113796230230 31745.239000000 13467.705697327 22968.300000000   249.125400000    42.070366920    90.047250000    -538464  0.447854721654  0.447854721654  0.164966150000  0.060438500000  0.232513300000 17499.715   181.088     0.752900750     0.987552889  -52.55771
   0  8 0.9503776300000 0.6000000000000 0.0200000000000 0.6000000000000 0.0200000000000 0.6081628598605 0.6081628598605 31365.389500000 17999.654881826 26122.464000000   216.675800000    79.441405806   140.041025000    -677980  0.449482104871  0.449482104871  0.171649750000  0.070402062500  0.450956400000 20389.291   184.741     0.807596875     0.985868169  -51.20848
   0 12 0.9526034700000 0.6000000000000 0.0200000000000 0.6000000000000 0.0200000000000 0.6180872773319 0.6180872773319 34210.555000000 16093.250437394 26332.148000000   334.132500000    11.965111749    61.310815000    -315695  0.587854241051  0.587854241051  0.172666500000  0.071945875000  0.313861300000 22895.084   199.236     0.816368875     0.990001513  -54.53553
   0 11 0.9709629600000 0.6000000000000 0.0200000000000 0.6000000000000 0.0200000000000 0.4478597167507 0.4478597167507 34291.919500000 14054.289108421 24717.476000000   492.069900000    10.759630622    51.294640000    -660666  0.473478380125  0.473478380125  0.129997600000  0.127737625000  0.532410100000 19369.799   207.572     0.752907500     0.993162515  -52.76480
   0  7 0.9755596700000 0.6000000000000 0.0200000000000 0.6000000000000 0.0200000000000 0.3599091041170 0.3599091041170 29524.327000000 15785.924891323 23965.028000000   207.754200000    81.593206013   134.125212500    -577623  0.409239438449  0.409239438449  0.162995150000  0.074188437500  0.261117800000 20651.745   178.332     0.851527875     0.986030280  -51.56079
   0  9 0.9588059400000 0.6000000000000 0.0200000000000 0.6000000000000 0.0200000000000 0.5635574107141 0.5635574107141 36388.456000000 13265.040084556 24469.584000000   395.273200000    18.728557019    59.452010000    -906112  0.440140854040  0.440140854040  0.196394950000  0.054942000000  0.318684200000 19680.746   200.443     0.745312875     0.990999838  -53.66905
   0 11 0.9844898600000 0.6000000000000 0.0200000000000 0.6000000000000 0.0200000000000 0.3304985727635 0.3304985727635 28730.446000000 22983.276521000 25903.156000000   307.256100000     0.028756940    60.718892500    -807785  0.433950886983  0.433950886983  0.132227000000  0.108287750000  0.302346900000 23347.451   195.177     0.920037875     0.990764439  -51.30628
   0  6 0.9617629400000 0.6000000000000 0.0200000000000 0.6000000000000 0.0200000000000 0.6078379654987 0.6078379654987 30941.003500000 25942.057005446 28185.964000000   227.500200000    46.535218171   130.898190000    -543242  0.307395840318  0.307395840318  0.111478600000  0.084421000000  0.209278000000 21996.435   194.972     0.845711500     0.986694334  -48.97526
   0 11 0.9837937200000 0.6000000000000 0.0200000000000 0.6000000000000 0.0200000000000 0.3617756608237 0.3617756608237 31179.089500000 15854.575016710 24946.248000000   263.743100000    21.457735373    72.535730000    -215344  0.405153891542  0.405153891542  0.190905650000  0.063110812500  0.268080100000 18368.314   181.515     0.763691750     0.988328708  -53.06501
   0 10 0.9766406500000 0.6000000000000 0.0200000000000 0.6000000000000 0.0200000000000 0.5014168243890 0.5014168243890 33323.429500000 15495.771853694 25745.208000000   450.529700000     5.961132803    48.049840000    -171751  0.340769139217  0.340769139217  0.140663750000  0.091669875000  0.585098600000 26924.329   205.414     0.925483500     0.992725553  -48.61040
   0  6 0.9532052400000 0.6000000000000 0.0200000000000 0.6000000000000 0.0200000000000 0.4859928359680 0.4859928359680 34321.363000000 14620.908336295 25263.976000000   465.354800000    14.144154052    58.634407500    -173822  0.452325055581  0.452325055581  0.147254450000  0.071017250000  0.449968300000 22126.091   213.497     0.815242625     0.992797003  -54.16263
   0  8 0.9669905800000 0.6000000000000 0.0200000000000 0.6000000000000 0.0200000000000 0.4707164468766 0.4707164468766 32607.875500000 18217.314341000 27145.032000000   300.635700000    15.214999158    73.995532500    -442919  0.407945439467  0.407945439467  0.214909950000  0.058252687500  0.509689200000 21867.736   202.614     0.819060125     0.989372953  -52.11295
   0  7 0.9513752900000 0.6000000000000 0.0200000000000 0.6000000000000 0.0200000000000 0.6325857388603 0.6325857388603 35114.029000000 16398.024659913 27208.820000000   245.065400000    28.373249748    80.586662500    -572834  0.390028349067  0.390028349067  0.114138850000  0.064356375000  0.565282800000 21815.801   178.227     0.788876250     0.986010099  -52.89829
   0 10 0.9651654100000 0.6000000000000 0.0200000000000 0.6000000000000 0.0200000000000 0.4275964547206 0.4275964547206 35962.585000000 15196.705798257 26543.820000000   460.679900000     4.656184603    44.340322500    -152910  0.537892205486  0.537892205486  0.149682400000  0.065238875000  0.588872700000 21817.200   196.178     0.777600000     0.992355682  -53.50379
   0 11 0.9608287200000 0.6000000000000 0.0200000000000 0.6000000000000 0.0200000000000 0.6429075830213 0.6429075830213 34648.076500000 17339.886225624 27624.840000000   454.870900000     0.621234671    47.692275000    -170606  0.427623669116  0.427623669116  0.160630800000  0.097851375000  0.583608900000 20153.053   205.616     0.749784125     0.992549673  -54.18606
   0  7 0.9616170800000 0.6000000000000 0.0200000000000 0.6000000000000 0.0200000000000 0.5153060135940 0.5153060135940 28995.923500000 22599.401006130 25971.464000000   290.221400000     9.614898534    75.216232500    -914541  0.390818159761  0.390818159761  0.199719900000  0.156755562500  0.220624100000 19670.459   197.115     0.828040125     0.990225926  -49.86149
   0  9 0.9724020500000 0.6000000000000 0.0200000000000 0.6000000000000 0.0200000000000 0.3942675010987 0.3942675010987 32099.870500000 14688.419718567 24451.076000000   199.893600000    77.437761851   121.083710000    -927402  0.456143638345  0.456143638345  0.146668600000  0.066908375000  0.469992700000 21821.184   166.834     0.836437375     0.984235556  -51.35474
   0 11 0.9704416300000 0.6000000000000 0.0200000000000 0.6000000000000 0.0200000000000 0.4834970947623 0.4834970947623 27869.902000000 25663.988570677 25481.624000000   249.014600000    10.085947426    83.865197500    -298069  0.444736805941  0.444736805941  0.126406650000  0.089164375000  0.302463600000 18708.746   186.583     0.816257000     0.989021136  -54.04520
 
  COND2           1      924996  5.965668666495263E+043  6.443125605504938E+041
  1.080034102747140E-002         100
    924996     66077     35578         0    870216         0         0         0         0         0    476756     59356         0   2267021    924996
 PARAMETER FILE GP01D.PAR   
