  Aa Am            MSYL            MSYR           MORTJ           MORTA             K1+           PInit      ISEED   PTarget           CVADD              AR        PREG-MAX           GAMMA              P0   SSTILDA     LIKEL
   0  6 0.9725432400000 0.6000000000000 0.0450000000000 0.6000000000000 0.0200000000000 0.5756478560300 0.2777680346604 24375.319000000  2487.048066896 12978.222000000   325.039300000    60.185434542    79.641952500    -100692  0.535958232368  0.535958232368  0.123935750000  0.104669187500  0.501432400000 20620.188   199.256     0.843927750     0.992637704  -56.50337
   0 10 0.9889426000000 0.6000000000000 0.0450000000000 0.6000000000000 0.0200000000000 0.6822363994764 0.2165939292657 24480.322000000  2411.045778119 13698.906000000   273.899300000    68.505701641    90.257687500     -41998  0.546009963964  0.546009963964  0.100417300000  0.109389312500  0.256753900000 20645.078   196.642     0.821325250     0.991146080  -54.62224
   0  7 0.9519537700000 0.6000000000000 0.0450000000000 0.6000000000000 0.0200000000000 0.8995530893130 0.4650283833684 23752.807000000  2594.479007523 13443.722000000   205.503700000   127.813643921   132.083855000    -828155  0.524761177360  0.524761177360  0.126813650000  0.099396562500  0.205230200000 20793.227   177.276     0.874332125     0.988713827  -55.13454
   0 10 0.9894412500000 0.6000000000000 0.0450000000000 0.6000000000000 0.0200000000000 0.8818829488364 0.2780577974560 24894.974500000  2367.031645894 13527.246000000   266.819900000    65.832223310    83.286145000    -173436  0.418399570569  0.418399570569  0.144975400000  0.079008937500  0.393081700000 21958.989   187.185     0.862101375     0.990753892  -56.29972
   0  9 0.9837358600000 0.6000000000000 0.0450000000000 0.6000000000000 0.0200000000000 0.8216150058355 0.2984831375878 21097.235500000  2410.075981435 12441.068000000   243.787300000    79.087623704   104.249067500    -681415  0.442845916559  0.442845916559  0.125099850000  0.069802812500  0.422818100000 17376.971   190.714     0.820984000     0.991456498  -55.16017
   0  6 0.9745607200000 0.6000000000000 0.0450000000000 0.6000000000000 0.0200000000000 0.8592330256386 0.4081293602543 28523.977000000  2237.789876153 11642.654000000   308.173200000    68.780770181    85.416032500    -885227  0.348369926267  0.348369926267  0.164022450000  0.054246187500  0.220327100000 21600.983   195.491     0.767529000     0.990905464  -53.69836
   0  6 0.9721758000000 0.6000000000000 0.0450000000000 0.6000000000000 0.0200000000000 0.9302038925812 0.4500998610725 23306.456500000  2608.372338068 13525.972000000   245.851700000    70.809049739    89.964180000    -648519  0.333491596645  0.333491596645  0.129293300000  0.107900625000  0.254949700000 20819.797   183.364     0.896556625     0.990694533  -55.49127
   0 10 0.9850085800000 0.6000000000000 0.0450000000000 0.6000000000000 0.0200000000000 0.8941101843652 0.2984444338495 24787.028500000  2364.275301593 13379.618000000   228.242500000   122.591252517   139.264730000    -314312  0.448939059060  0.448939059060  0.182571500000  0.134308312500  0.326302600000 21694.950   197.528     0.855427500     0.989270241  -49.81341
   0  7 0.9825914400000 0.6000000000000 0.0450000000000 0.6000000000000 0.0200000000000 0.8790759261484 0.3666831473609 23359.849000000  2477.337272235 13107.040000000   242.038700000    83.341740442   106.669732500    -149593  0.335419090875  0.335419090875  0.120706900000  0.053451687500  0.559490700000 18912.499   191.890     0.809603500     0.990478341  -56.65440
   0  8 0.9693861600000 0.6000000000000 0.0450000000000 0.6000000000000 0.0200000000000 0.9392144946985 0.4138075912701 21473.251000000  2732.560497650 13903.124000000   463.573500000    49.578137504    72.193147500    -692685  0.438920926735  0.438920926735  0.129940750000  0.061828125000  0.382355200000 16064.948   211.593     0.759037250     0.995457864  -52.15593
   0 11 0.9749902700000 0.6000000000000 0.0450000000000 0.6000000000000 0.0200000000000 0.9474010018305 0.3261860749084 22561.715500000  2953.764252004 15568.920000000   246.750700000    68.474407995    93.743215000    -985370  0.582262235630  0.582262235630  0.149984150000  0.054070375000  0.464290700000 20200.843   188.839     0.875815125     0.991014116  -55.86791
   0 10 0.9710306500000 0.6000000000000 0.0450000000000 0.6000000000000 0.0200000000000 0.9483498672300 0.3629325291463 21414.404500000  2772.008665813 14230.684000000   465.749100000    45.996348992    65.410852500    -118779  0.546812076087  0.546812076087  0.117598950000  0.104130375000  0.542001700000 19637.751   204.186     0.921546625     0.995488754  -54.65325
   0  9 0.9716582000000 0.6000000000000 0.0450000000000 0.6000000000000 0.0200000000000 0.9503268874479 0.3867331853955 20484.538000000  2613.804131030 13095.394000000   389.654800000    52.337474013    74.550015000    -162727  0.473831902871  0.473831902871  0.123614700000  0.082393687500  0.224312200000 17944.362   204.792     0.876405625     0.994840672  -55.78072
   0  8 0.9831427200000 0.6000000000000 0.0450000000000 0.6000000000000 0.0200000000000 0.5557070142048 0.2168453965445 23208.082000000  2441.799656308 13056.440000000   351.623000000    54.803512387    73.100482500    -515911  0.588556419138  0.588556419138  0.111154800000  0.067738250000  0.294267400000 20116.341   197.490     0.860605125     0.993486272  -57.76137
   0  6 0.9584569200000 0.6000000000000 0.0450000000000 0.6000000000000 0.0200000000000 0.8216965840295 0.4337584264016 20614.745500000  2585.701696254 12448.552000000   242.316600000    91.185019329   121.156997500    -312606  0.459420792980  0.459420792980  0.138670050000  0.064507062500  0.405645100000 17418.416   199.747     0.855359625     0.991683389  -52.16648
   0  7 0.9576078100000 0.6000000000000 0.0450000000000 0.6000000000000 0.0200000000000 0.7542152810244 0.3789145767695 23716.762000000  2571.518077776 13376.962000000   424.888300000    51.867024792    70.932505000    -527076  0.576747757755  0.576747757755  0.178855700000  0.099173625000  0.423401700000 20349.097   205.142     0.855250000     0.994544234  -55.37726
   0  6 0.9688587800000 0.6000000000000 0.0450000000000 0.6000000000000 0.0200000000000 0.8942791026429 0.4431670149332 21558.584500000  2698.440399368 13492.836000000   471.603400000    47.454448005    65.449917500    -744272  0.364250653363  0.364250653363  0.199599400000  0.076056375000  0.452178800000 18695.038   197.932     0.872838750     0.995518287  -53.67358
   0  7 0.9690002800000 0.6000000000000 0.0450000000000 0.6000000000000 0.0200000000000 0.9105470489243 0.4265130967849 22351.615000000  2822.345907123 14534.362000000   233.649000000    74.456333870    97.103487500    -549050  0.402598602934  0.402598602934  0.168811850000  0.052247875000  0.382437600000 21172.728   185.369     0.984641875     0.990620772  -54.50494
   0  6 0.9862118500000 0.6000000000000 0.0450000000000 0.6000000000000 0.0200000000000 0.7504392564905 0.3187457517566 25559.431000000  2393.632830437 12766.692000000   311.436700000    60.011046659    75.790670000    -273125  0.332274619616  0.332274619616  0.107485600000  0.097476562500  0.427292800000 21781.238   191.293     0.846463875     0.991885180  -54.50868
   0  7 0.9772569800000 0.6000000000000 0.0450000000000 0.6000000000000 0.0200000000000 0.6095383946834 0.2675403763878 22379.006500000  2448.112661833 12581.550000000   377.501700000    54.718633776    74.436330000    -107331  0.527960203681  0.527960203681  0.153998950000  0.059330875000  0.528868000000 18554.739   201.274     0.831023500     0.994167929  -57.49085
   0  6 0.9753057300000 0.6000000000000 0.0450000000000 0.6000000000000 0.0200000000000 0.8793633413396 0.4151751951072 21070.357000000  3028.748419580 14925.482000000   238.505000000    71.135344162    97.373757500    -921218  0.336582014619  0.336582014619  0.178619850000  0.095578062500  0.205260000000 18424.448   186.963     0.880891125     0.991316749  -53.39735
   0  8 0.9873643900000 0.6000000000000 0.0450000000000 0.6000000000000 0.0200000000000 0.9511579274628 0.3535792645729 20396.396500000  2727.477200524 13754.140000000   230.725300000    71.731942308    94.920397500    -508078  0.319173756133  0.319173756133  0.161333050000  0.071644500000  0.589532400000 18299.290   180.816     0.904479125     0.991252385  -54.88299
   0  7 0.9868210200000 0.6000000000000 0.0450000000000 0.6000000000000 0.0200000000000 0.6882468166863 0.2739261718965 22788.907000000  2458.629816664 12922.842000000   321.837100000    62.413964818    86.284432500     -72814  0.398876476388  0.398876476388  0.115524750000  0.126619750000  0.259733200000 18448.553   208.128     0.811108125     0.992995779  -53.90076
   0 10 0.9897286200000 0.6000000000000 0.0450000000000 0.6000000000000 0.0200000000000 0.7766869415772 0.2439136495861 21452.636500000  2883.345803977 15037.868000000   486.139100000    43.596188617    63.147292500    -922863  0.472453611203  0.472453611203  0.172075300000  0.066676500000  0.383020100000 19004.699   205.384     0.874402875     0.995626021  -55.25532
   0 12 0.9822073600000 0.6000000000000 0.0450000000000 0.6000000000000 0.0200000000000 0.9398133189721 0.2771649106519 20650.250500000  3183.003986393 15454.232000000   310.595400000    52.115494043    77.762575000    -127336  0.586497748601  0.586497748601  0.169934000000  0.090070125000  0.561069400000 18444.524   198.366     0.875440750     0.993442148  -53.53286
   0  7 0.9787968900000 0.6000000000000 0.0450000000000 0.6000000000000 0.0200000000000 0.7499545326814 0.3246352972140 22817.945500000  2507.809591960 13097.480000000   291.188600000    61.726412892    81.608592500    -879730  0.418528710675  0.418528710675  0.138136850000  0.060146375000  0.585634000000 20191.993   192.808     0.885797250     0.992285040  -57.99463
   0  8 0.9831352100000 0.6000000000000 0.0450000000000 0.6000000000000 0.0200000000000 0.7771199523268 0.3032685524886 22044.490000000  2388.420275167 12410.434000000   275.477700000    66.434145329    87.918695000    -599372  0.420923110560  0.420923110560  0.164434850000  0.053548562500  0.233537000000 19108.398   192.551     0.865727000     0.992102688  -57.08704
   0  7 0.9540419000000 0.6000000000000 0.0450000000000 0.6000000000000 0.0200000000000 0.9473909894397 0.4848126456610 22361.186500000  2597.726824298 13125.050000000   364.756600000    54.163380578    73.618727500     -25013  0.483550861915  0.483550861915  0.123070650000  0.096515187500  0.223907600000 17549.688   195.008     0.792017125     0.994011985  -54.87218
   0  8 0.9869874100000 0.6000000000000 0.0450000000000 0.6000000000000 0.0200000000000 0.5959777585973 0.2225704710372 23312.140000000  2222.317426094 11621.668000000   374.335500000    57.276529087    76.573075000    -973567  0.512827656825  0.512827656825  0.179668650000  0.071086875000  0.466366100000 19263.234   203.265     0.824607500     0.993839131  -55.24481
   0  8 0.9845545600000 0.6000000000000 0.0450000000000 0.6000000000000 0.0200000000000 0.8465502577939 0.3252599172842 25476.689500000  2326.530477952 12782.822000000   454.821000000    49.754534329    64.426427500    -286574  0.376919562807  0.376919562807  0.104614500000  0.053590187500  0.331204500000 21032.339   198.577     0.815824125     0.994467246  -55.37837
   0  6 0.9739398200000 0.6000000000000 0.0450000000000 0.6000000000000 0.0200000000000 0.5350708252807 0.2554132834342 27830.752000000  2479.651639940 13555.260000000   366.564800000    55.783580702    71.425172500    -168483  0.564677449948  0.564677449948  0.142990000000  0.075455000000  0.461566800000 23562.768   200.351     0.836684375     0.992541978  -54.56932
   0  8 0.9708502600000 0.6000000000000 0.0450000000000 0.6000000000000 0.0200000000000 0.8916753390416 0.3886242862222 24788.392000000  2401.046256224 12926.954000000   292.387200000    61.006149519    76.963465000    -544715  0.451402960616  0.451402960616  0.115618600000  0.059922250000  0.250946100000 21425.079   185.589     0.856046500     0.991682306  -55.68770
   0 11 0.9764361200000 0.6000000000000 0.0450000000000 0.6000000000000 0.0200000000000 0.9219636782964 0.3131520093988 25654.039000000  2536.897298223 14708.000000000   445.661600000    46.276760109    61.072427500    -528741  0.582296421725  0.582296421725  0.141004650000  0.088269875000  0.266794600000 22623.819   199.641     0.852178500     0.994339136  -54.99168
   0  7 0.9712368500000 0.6000000000000 0.0450000000000 0.6000000000000 0.0200000000000 0.6356829016755 0.2929741701411 20009.486500000  2951.376087769 14170.996000000   435.830600000    47.727508095    69.947787500    -135657  0.557001354270  0.557001354270  0.147431550000  0.060210437500  0.375823400000 17515.938   204.159     0.884568375     0.995495000  -55.39344
   0  6 0.9781851600000 0.6000000000000 0.0450000000000 0.6000000000000 0.0200000000000 0.5399452443015 0.2487307092855 19831.057000000  2559.103140237 12346.236000000   226.040100000    76.996784304    98.980362500    -319874  0.524544189071  0.524544189071  0.162676550000  0.051889875000  0.537018100000 16967.109   177.929     0.868704875     0.991365079  -53.76249
   0 12 0.9868997900000 0.6000000000000 0.0450000000000 0.6000000000000 0.0200000000000 0.9022479332416 0.2507363414509 21471.442000000  2278.321876208 12230.488000000   369.056200000    55.418207990    77.065872500    -603254  0.557100130911  0.557100130911  0.110303000000  0.083037250000  0.492959400000 20026.146   207.679     0.948178500     0.994244752  -53.45543
   0  7 0.9727818100000 0.6000000000000 0.0450000000000 0.6000000000000 0.0200000000000 0.6919033648856 0.3151537865115 22718.005000000  2699.858287763 14087.372000000   451.346700000    50.241377281    71.763335000    -969140  0.499496361116  0.499496361116  0.117550300000  0.065407500000  0.442475700000 18235.168   212.394     0.804138000     0.995058024  -55.91281
   0 11 0.9868439700000 0.6000000000000 0.0450000000000 0.6000000000000 0.0200000000000 0.9439167770567 0.2853414398353 23909.164000000  2390.680593810 13528.790000000   349.007200000    53.719127574    71.405770000    -335450  0.466216306655  0.466216306655  0.121924000000  0.123345000000  0.480098600000 20065.669   195.728     0.813544875     0.993223443  -55.39577
   0  6 0.9813946400000 0.6000000000000 0.0450000000000 0.6000000000000 0.0200000000000 0.6154751209468 0.2751412555746 21710.648500000  2823.019765962 14377.680000000   375.556000000    49.920673605    69.472897500    -703344  0.437694492644  0.437694492644  0.176299050000  0.087451625000  0.206482500000 18196.360   196.445     0.841735500     0.994300588  -54.64776
   0  8 0.9580024400000 0.6000000000000 0.0450000000000 0.6000000000000 0.0200000000000 0.8578034614563 0.4062711796653 24025.439500000  2603.040296538 13843.332000000   302.660500000    59.698625238    78.926855000    -514687  0.575815285440  0.575815285440  0.146824700000  0.069243312500  0.438161800000 21556.586   193.576     0.895581500     0.992240642  -56.88264
   0  7 0.9753962600000 0.6000000000000 0.0450000000000 0.6000000000000 0.0200000000000 0.7566431723670 0.3374537683775 23453.282500000  2865.560328865 15241.212000000   219.202300000    86.688383369   108.155892500    -366949  0.438212100347  0.438212100347  0.120692700000  0.088251062500  0.382008300000 19493.585   180.355     0.825935875     0.989483188  -54.09912
   0 12 0.9891592700000 0.6000000000000 0.0450000000000 0.6000000000000 0.0200000000000 0.8027812181784 0.2160861370275 23201.332000000  2868.633084171 15839.510000000   335.954600000    47.317252644    64.942820000    -899186  0.598723721281  0.598723721281  0.168172700000  0.114132625000  0.554759800000 22126.544   192.536     0.978422125     0.993157587  -50.69511
   0  6 0.9743349400000 0.6000000000000 0.0450000000000 0.6000000000000 0.0200000000000 0.7647031157786 0.3638849996473 24463.474000000  2802.631344138 15029.654000000   420.018700000    49.015478008    67.663200000    -266822  0.392768761743  0.392768761743  0.174099350000  0.076950750000  0.552930500000 21300.343   206.002     0.865469000     0.994277677  -55.33968
   0  9 0.9845427900000 0.6000000000000 0.0450000000000 0.6000000000000 0.0200000000000 0.8569959734644 0.3085068306454 18700.729000000  2817.799608606 13346.392000000   246.208000000    70.587051202    99.831017500    -317716  0.418380242892  0.418380242892  0.208782250000  0.060940062500  0.217214200000 17298.916   192.819     0.954136125     0.992497741  -51.72494
   0  6 0.9804647400000 0.6000000000000 0.0450000000000 0.6000000000000 0.0200000000000 0.8027501664846 0.3621048354407 21745.289500000  3057.887728991 15416.736000000   211.417100000   105.159871210   128.251812500    -797116  0.340526913188  0.340526913188  0.130282600000  0.075583625000  0.505261600000 19974.547   185.567     0.933572500     0.989864719  -52.97582
   0  6 0.9706582900000 0.6000000000000 0.0450000000000 0.6000000000000 0.0200000000000 0.8028888622371 0.3928620890599 22793.956000000  2662.480467280 13688.458000000   437.368500000    52.746722906    75.449485000    -441757  0.395150251527  0.395150251527  0.155825850000  0.090319125000  0.515697100000 20347.872   218.455     0.897332000     0.994887257  -55.10173
   0  7 0.9853913100000 0.6000000000000 0.0450000000000 0.6000000000000 0.0200000000000 0.9333668655184 0.3777013227889 23799.706000000  2568.624374556 13857.006000000   238.283000000    71.660361091    89.544832500    -813235  0.301380758506  0.301380758506  0.138315300000  0.050872625000  0.459937400000 20693.147   180.061     0.863511500     0.990129349  -56.83636
   0  6 0.9609857700000 0.6000000000000 0.0450000000000 0.6000000000000 0.0200000000000 0.8323394767067 0.4332883471406 23393.936500000  2857.864309668 14787.310000000   400.779300000    50.230204231    70.163782500    -400609  0.437894933436  0.437894933436  0.164109650000  0.124205562500  0.242374400000 20797.608   204.409     0.890183750     0.994290491  -54.20913
   0  7 0.9867563400000 0.6000000000000 0.0450000000000 0.6000000000000 0.0200000000000 0.8806347447947 0.3507670035743 25831.091500000  2527.855972182 14100.220000000   248.953600000    74.839718964    93.618935000     -14452  0.312081397045  0.312081397045  0.191472600000  0.065642812500  0.387315100000 21384.721   188.190     0.817856250     0.989736912  -54.51651
   0  6 0.9781178800000 0.6000000000000 0.0450000000000 0.6000000000000 0.0200000000000 0.5101342686494 0.2351387285608 24194.621500000  2644.670109322 14079.384000000   331.779500000    58.527048896    79.945047500    -948561  0.555774099486  0.555774099486  0.126503700000  0.056805437500  0.461513700000 20378.196   205.143     0.838639000     0.992822838  -57.84717
   0  6 0.9647736600000 0.6000000000000 0.0450000000000 0.6000000000000 0.0200000000000 0.6538179506602 0.3327810789169 25078.601500000  2761.390400554 14783.762000000   329.769100000    55.654113216    74.350855000    -308775  0.528438776600  0.528438776600  0.207842100000  0.053384937500  0.258783500000 23437.182   200.001     0.949174375     0.992553868  -52.86482
   0  9 0.9691726800000 0.6000000000000 0.0450000000000 0.6000000000000 0.0200000000000 0.8818721306422 0.3657752479501 22779.794500000  2617.465343347 13879.478000000   354.870800000    56.895925109    80.744320000    -360635  0.532794285194  0.532794285194  0.147565050000  0.052916000000  0.313104700000 20694.097   212.709     0.908741000     0.993705984  -56.30706
   0  8 0.9870815000000 0.6000000000000 0.0450000000000 0.6000000000000 0.0200000000000 0.7247107182129 0.2703364173502 22666.448500000  2312.817950397 12137.176000000   207.121100000   125.223864512   131.846702500     -74285  0.421025302924  0.421025302924  0.159386550000  0.096695625000  0.251393500000 19025.131   178.767     0.836483750     0.989173017  -54.16235
   0  8 0.9792236500000 0.6000000000000 0.0450000000000 0.6000000000000 0.0200000000000 0.7915988812486 0.3213710900945 25348.129000000  2410.892786354 13271.416000000   458.640100000    51.171961491    69.187157500    -900854  0.442065246146  0.442065246146  0.164138450000  0.059445937500  0.251497100000 22700.112   212.672     0.888216750     0.994557477  -55.84458
   0  7 0.9822720100000 0.6000000000000 0.0450000000000 0.6000000000000 0.0200000000000 0.8096992184734 0.3388574305522 20834.795500000  2812.473955765 14129.180000000   245.195300000    66.824955521    90.145985000    -997098  0.366100286466  0.366100286466  0.106503250000  0.063529437500  0.499924600000 18284.754   184.242     0.882697125     0.991618447  -54.93159
   0  8 0.9817730100000 0.6000000000000 0.0450000000000 0.6000000000000 0.0200000000000 0.7801952617751 0.3088542882440 26020.726000000  2312.966465930 12723.648000000   395.596500000    55.883701284    74.295247500    -856403  0.429301364966  0.429301364966  0.123182400000  0.073709312500  0.521260000000 22630.552   209.820     0.858558000     0.993513790  -55.40233
   0  7 0.9899269300000 0.6000000000000 0.0450000000000 0.6000000000000 0.0200000000000 0.8401002642756 0.3215778503789 23867.449000000  2289.991762758 12036.628000000   353.842800000    62.070066888    85.166205000    -545437  0.309670187459  0.309670187459  0.123036750000  0.078000562500  0.334476800000 19143.431   214.218     0.803917250     0.993313242  -54.41908
   0  9 0.9848997900000 0.6000000000000 0.0450000000000 0.6000000000000 0.0200000000000 0.6911617565168 0.2477870390120 21357.502000000  2531.682965623 13221.034000000   490.905900000    46.854525812    64.911685000    -662448  0.515398857426  0.515398857426  0.121407800000  0.148039937500  0.467054800000 18293.869   201.515     0.850436000     0.995701821  -53.95775
   0  6 0.9820937100000 0.6000000000000 0.0450000000000 0.6000000000000 0.0200000000000 0.7739087121579 0.3435745814894 23580.088000000  2533.766222456 13292.748000000   255.668200000    74.154994582    96.410652500    -789079  0.344263600204  0.344263600204  0.157765550000  0.061940500000  0.557222400000 20394.887   193.650     0.863409125     0.990903553  -57.13092
   0  7 0.9743683000000 0.6000000000000 0.0450000000000 0.6000000000000 0.0200000000000 0.6137030483841 0.2760320364671 20968.526500000  2517.405041378 12565.264000000   282.862600000    62.517065062    83.837377500     -74949  0.549194660798  0.549194660798  0.108851400000  0.058157250000  0.450997600000 17158.334   188.703     0.825677750     0.992716812  -55.23184
   0  7 0.9813743700000 0.6000000000000 0.0450000000000 0.6000000000000 0.0200000000000 0.5731774433678 0.2420592887982 20531.882500000  2387.478928539 11788.288000000   355.563500000    58.768103387    82.380987500    -392484  0.524928973127  0.524928973127  0.128956950000  0.083162187500  0.574387300000 16182.630   206.375     0.802699125     0.994307033  -53.08838
   0  6 0.9747522600000 0.6000000000000 0.0450000000000 0.6000000000000 0.0200000000000 0.9276182370365 0.4399332745158 23837.614000000  2521.621032613 13139.054000000   223.912700000    92.158295868   110.928727500    -235974  0.321756031377  0.321756031377  0.124398400000  0.084472000000  0.522905600000 21669.030   184.946     0.915479625     0.989538700  -55.19777
   0 11 0.9834437100000 0.6000000000000 0.0450000000000 0.6000000000000 0.0200000000000 0.8056889661337 0.2540387420248 24067.411000000  2454.062141483 13886.404000000   320.375400000    56.945234161    76.175860000    -145072  0.583278794469  0.583278794469  0.126428000000  0.098614062500  0.566811700000 21771.222   198.187     0.888033500     0.992584926  -56.22426
   0 12 0.9879020100000 0.6000000000000 0.0450000000000 0.6000000000000 0.0200000000000 0.8587198184282 0.2353534333874 24170.416000000  2275.519827126 13048.492000000   423.472800000    51.277756694    69.488432500    -746497  0.573850944911  0.573850944911  0.154577400000  0.095629500000  0.376389500000 21028.574   207.097     0.842809500     0.994349978  -56.38908
   0  7 0.9761406000000 0.6000000000000 0.0450000000000 0.6000000000000 0.0200000000000 0.9282615658248 0.4113990991409 20859.257500000  2434.024953865 12076.106000000   199.980000000   139.982914330   138.738165000    -612535  0.352965208354  0.352965208354  0.119715150000  0.054814187500  0.432286700000 17095.339   174.711     0.828213375     0.989743837  -53.74092
   0  8 0.9737879200000 0.6000000000000 0.0450000000000 0.6000000000000 0.0200000000000 0.7723793447126 0.3289570227856 23251.255000000  2774.637930600 14816.886000000   476.591400000    46.931671361    66.613482500    -578492  0.496477529203  0.496477529203  0.141954150000  0.054605687500  0.473846800000 21122.873   211.791     0.908916875     0.995207945  -56.93840
   0  7 0.9864205900000 0.6000000000000 0.0450000000000 0.6000000000000 0.0200000000000 0.8406754349538 0.3361795048044 21166.423000000  3093.593845285 15469.224000000   302.664000000    55.483645869    80.948550000    -185536  0.328797975108  0.328797975108  0.190683000000  0.057328125000  0.444117200000 19951.926   202.604     0.975760375     0.993084179  -53.70199
   0 10 0.9867035800000 0.6000000000000 0.0450000000000 0.6000000000000 0.0200000000000 0.8045652748494 0.2630279452026 24210.214000000  2161.166802257 11820.066000000   433.940200000    53.320851466    71.202515000    -678432  0.483176759967  0.483176759967  0.162171500000  0.067405250000  0.381939700000 21541.891   207.516     0.880570500     0.994481676  -55.41929
   0  7 0.9848052300000 0.6000000000000 0.0450000000000 0.6000000000000 0.0200000000000 0.5808903096535 0.2366174209338 21046.651000000  2527.209442843 12815.634000000   207.067800000   153.090803632   149.813937500    -799309  0.489084877111  0.489084877111  0.132501500000  0.072767375000  0.251988900000 19629.628   186.494     0.960014625     0.989958998  -52.63149
   0  6 0.9848452600000 0.6000000000000 0.0450000000000 0.6000000000000 0.0200000000000 0.6360820977637 0.2743499633779 22784.317000000  2516.622278249 13041.776000000   429.749500000    50.874266646    69.062617500    -882714  0.400812280396  0.400812280396  0.182115300000  0.070759125000  0.319876000000 20308.278   204.128     0.894996250     0.994762330  -55.97293
   0  9 0.9880751400000 0.6000000000000 0.0450000000000 0.6000000000000 0.0200000000000 0.6234582111395 0.2150103056034 22854.368500000  2343.994199049 12617.564000000   257.406200000    73.333728660    95.494152500     -90006  0.538947746315  0.538947746315  0.181252000000  0.055194062500  0.363787800000 19683.326   192.422     0.851907500     0.991209898  -56.24766
   0  7 0.9539922300000 0.6000000000000 0.0450000000000 0.6000000000000 0.0200000000000 0.8854080400998 0.4532056089359 23201.710000000  2609.098404654 13419.524000000   447.278400000    50.853295660    70.356182500    -323275  0.517772364632  0.517772364632  0.119505400000  0.061869062500  0.491862400000 19814.282   206.276     0.852582375     0.994933248  -58.31809
   0  9 0.9693049500000 0.6000000000000 0.0450000000000 0.6000000000000 0.0200000000000 0.7945074210926 0.3292150128240 19403.660500000  2858.960799152 13610.290000000   276.435300000    58.358378478    81.746100000    -506638  0.590050232944  0.590050232944  0.123634600000  0.076738750000  0.462231900000 18026.638   187.605     0.959729250     0.993117303  -52.53015
   0  7 0.9777247200000 0.6000000000000 0.0450000000000 0.6000000000000 0.0200000000000 0.8838580130206 0.3863389687040 22096.168000000  2845.687907869 14695.150000000   280.637600000    64.422656392    90.810382500    -425442  0.361357275965  0.361357275965  0.164995950000  0.074505312500  0.436853200000 18840.859   201.339     0.851222000     0.992252341  -54.90737
   0  7 0.9734934900000 0.6000000000000 0.0450000000000 0.6000000000000 0.0200000000000 0.9352196066383 0.4236074521862 22887.794500000  2537.218059386 13207.032000000   365.501000000    56.049697836    77.409722500    -324949  0.365417425562  0.365417425562  0.143814800000  0.056073187500  0.452354500000 19944.822   207.043     0.870751375     0.993849884  -58.14532
   0  9 0.9662466800000 0.6000000000000 0.0450000000000 0.6000000000000 0.0200000000000 0.9381553727915 0.3973550193087 21970.942000000  2556.010824747 13238.560000000   424.017100000    49.638504213    68.114137500    -892776  0.526264018902  0.526264018902  0.119071650000  0.101967562500  0.408237400000 19070.821   199.038     0.861909625     0.994924319  -56.02210
   0  6 0.9726848500000 0.6000000000000 0.0450000000000 0.6000000000000 0.0200000000000 0.5809204288850 0.2800104717656 23081.938000000  2447.675183696 12443.108000000   268.897400000    74.828784097    99.167270000    -774792  0.529973786945  0.529973786945  0.163897750000  0.124616437500  0.457496900000 20018.619   200.353     0.869872750     0.991572295  -53.50855
   0  7 0.9879286000000 0.6000000000000 0.0450000000000 0.6000000000000 0.0200000000000 0.6465820479980 0.2539125448723 20858.056000000  2644.794663715 13437.698000000   356.800300000    53.033702028    74.050490000    -410619  0.416570656729  0.416570656729  0.166774150000  0.054413937500  0.551878700000 18074.780   199.806     0.870561125     0.994213071  -56.68880
   0  8 0.9820217800000 0.6000000000000 0.0450000000000 0.6000000000000 0.0200000000000 0.8440054433393 0.3332581753334 23594.141500000  2331.320238338 12380.650000000   299.405100000    61.552720083    79.527357500    -592024  0.395138801777  0.395138801777  0.155402350000  0.056835687500  0.478899200000 19820.460   190.191     0.834672375     0.992228045  -56.93785
   0  7 0.9767741100000 0.6000000000000 0.0450000000000 0.6000000000000 0.0200000000000 0.8879838411669 0.3914069255856 22759.693000000  2568.873478164 13420.194000000   340.491400000    55.634775713    75.350100000    -956495  0.365238923710  0.365238923710  0.162712650000  0.056536562500  0.400631600000 19110.950   197.577     0.838191875     0.993425522  -57.50858
   0  6 0.9785878300000 0.6000000000000 0.0450000000000 0.6000000000000 0.0200000000000 0.8574850821178 0.3935857299989 21010.039000000  2576.162410624 12811.528000000   375.644900000    52.995414217    72.801060000     -29449  0.328247838087  0.328247838087  0.190644900000  0.092348375000  0.454550900000 18670.647   198.745     0.899575750     0.994494016  -54.13848
   0  6 0.9848872900000 0.6000000000000 0.0450000000000 0.6000000000000 0.0200000000000 0.6628463453187 0.2857618082898 23458.898500000  2678.726016334 14219.628000000   410.042400000    51.462974255    71.778480000    -490919  0.384367132824  0.384367132824  0.128368000000  0.062958812500  0.268927700000 20412.921   210.442     0.867661500     0.994347927  -57.82042
   0  6 0.9860515300000 0.6000000000000 0.0450000000000 0.6000000000000 0.0200000000000 0.7027589717296 0.2990424819570 23056.801000000  2650.091651221 13959.498000000   211.777000000   130.839255542   140.437265000    -387694  0.355747968045  0.355747968045  0.116096300000  0.061545562500  0.291584800000 19903.756   186.748     0.861874125     0.989236035  -54.82283
   0  8 0.9878064700000 0.6000000000000 0.0450000000000 0.6000000000000 0.0200000000000 0.6354799122350 0.2349382567177 23085.893500000  2355.875439041 12545.892000000   361.900500000    57.122983260    77.824195000    -240064  0.473961778741  0.473961778741  0.176781250000  0.059411937500  0.365578000000 21316.910   209.016     0.932970625     0.993685770  -55.24250
   0  6 0.9664716600000 0.6000000000000 0.0450000000000 0.6000000000000 0.0200000000000 0.7693037761239 0.3873634572606 21258.331000000  2778.423250945 13764.050000000   200.022600000    93.849502103   109.988340000    -272787  0.438320859884  0.438320859884  0.161392200000  0.205923500000  0.344645000000 19733.654   169.341     0.954674000     0.989588591  -48.44691
   0 11 0.9861381600000 0.6000000000000 0.0450000000000 0.6000000000000 0.0200000000000 0.9154941362613 0.2792861030341 25857.335500000  2285.503863621 13323.396000000   257.108000000    74.212896924    92.862010000    -827293  0.487318054729  0.487318054729  0.113558200000  0.069331125000  0.498023400000 20994.011   188.372     0.784860250     0.990056375  -55.76052
   0  7 0.9829473000000 0.6000000000000 0.0450000000000 0.6000000000000 0.0200000000000 0.5065715402619 0.2105215876448 23436.772000000  2574.021622921 13747.440000000   411.332700000    51.102563436    69.999300000    -116911  0.578621931567  0.578621931567  0.120461750000  0.064235000000  0.364412200000 19259.103   204.377     0.818902125     0.994377594  -57.87012
   0  6 0.9542226100000 0.6000000000000 0.0450000000000 0.6000000000000 0.0200000000000 0.7210638207990 0.3889719314415 21652.882000000  2607.560557811 12809.732000000   328.234800000    65.093881225    93.256235000     -38910  0.554711554252  0.554711554252  0.126760750000  0.071675625000  0.362189900000 18892.626   216.828     0.880063750     0.993556301  -53.42781
   0  9 0.9894512600000 0.6000000000000 0.0450000000000 0.6000000000000 0.0200000000000 0.7602185059599 0.2574607178923 23166.313000000  2391.596733589 13039.572000000   314.764600000    67.444198121    95.343547500    -544183  0.430814574898  0.430814574898  0.131790050000  0.180862187500  0.506249300000 19408.635   218.357     0.826331750     0.992706438  -50.64750
   0  7 0.9680731900000 0.6000000000000 0.0450000000000 0.6000000000000 0.0200000000000 0.6432954608642 0.3032789760943 25883.998000000  2462.943100171 13290.198000000   384.165600000    55.548982456    73.960107500    -813319  0.578047779107  0.578047779107  0.183623150000  0.108968375000  0.311824500000 21958.058   206.021     0.840262000     0.993396146  -53.90110
   0  6 0.9664964800000 0.6000000000000 0.0450000000000 0.6000000000000 0.0200000000000 0.5862706723546 0.2951542561787 23847.563500000  2558.112949132 13241.872000000   241.910900000    80.764648394   102.174527500    -993837  0.574958813831  0.574958813831  0.165281750000  0.066524000000  0.217072500000 20118.789   188.520     0.842761125     0.990342797  -56.53889
   0  7 0.9784993700000 0.6000000000000 0.0450000000000 0.6000000000000 0.0200000000000 0.6340981425274 0.2752346489242 26451.565000000  2638.897129526 14829.450000000   238.813200000    82.402811658   101.947710000     -91096  0.497400357920  0.497400357920  0.153755050000  0.058235437500  0.363266500000 22219.639   188.795     0.827287125     0.989096668  -54.87852
   0  7 0.9859752500000 0.6000000000000 0.0450000000000 0.6000000000000 0.0200000000000 0.8670800911667 0.3485407585167 24177.841000000  2439.657193394 13106.964000000   299.135600000    59.036112871    75.329917500    -235701  0.321216204489  0.321216204489  0.103800700000  0.052666312500  0.201889900000 20995.839   187.831     0.862605125     0.992009391  -56.12805
   0  9 0.9803845600000 0.6000000000000 0.0450000000000 0.6000000000000 0.0200000000000 0.6887909226674 0.2592901735186 23302.204000000  2626.850129846 14301.170000000   239.408500000    86.666507041   112.961082500    -370108  0.561086162895  0.561086162895  0.105565450000  0.097303062500  0.266967900000 20830.738   196.659     0.884904750     0.990409320  -53.59124
   0  6 0.9827054600000 0.6000000000000 0.0450000000000 0.6000000000000 0.0200000000000 0.8673969628739 0.3826983357531 23541.829000000  2481.461658440 12946.426000000   478.412700000    50.333756574    68.717435000    -788938  0.304188431229  0.304188431229  0.168521100000  0.072584812500  0.232110300000 20263.597   209.106     0.859788000     0.995144950  -56.81170
   0 11 0.9776044800000 0.6000000000000 0.0450000000000 0.6000000000000 0.0200000000000 0.9527470970938 0.3199413864257 24960.760000000  2277.681944960 12857.894000000   350.726700000    57.971182269    77.252552500    -772904  0.551223621226  0.551223621226  0.167706350000  0.105984000000  0.564881800000 20322.782   201.969     0.789844625     0.992997342  -54.95553
   0  6 0.9500207400000 0.6000000000000 0.0450000000000 0.6000000000000 0.0200000000000 0.8827293438836 0.4856222875965 22456.942000000  2802.653375088 14044.954000000   244.373400000    75.077335955    98.811200000     -96046  0.479352420631  0.479352420631  0.169276400000  0.060973187500  0.455155900000 19745.266   188.463     0.883099625     0.991029118  -56.36410
   0  8 0.9796234000000 0.6000000000000 0.0450000000000 0.6000000000000 0.0200000000000 0.8110024013990 0.3279906080042 25710.104500000  2260.744802880 12217.082000000   198.691300000   142.592035180   129.301205000    -655260  0.428551608803  0.428551608803  0.165630450000  0.125668500000  0.331272200000 22455.326   170.252     0.865422875     0.987254948  -51.07136
   0  6 0.9865053100000 0.6000000000000 0.0450000000000 0.6000000000000 0.0200000000000 0.6866115718083 0.2906488508603 21590.863000000  2600.951303948 13258.930000000   235.829500000    75.334165456    97.517992500    -128638  0.361425241557  0.361425241557  0.190961050000  0.059358562500  0.268879500000 19153.189   184.996     0.893661000     0.990945735  -55.30913
   0  7 0.9853176500000 0.6000000000000 0.0450000000000 0.6000000000000 0.0200000000000 0.7952898774604 0.3220947401988 22912.202500000  2725.830364792 14511.916000000   320.090900000    57.892519724    80.958820000    -911011  0.354148252989  0.354148252989  0.120451000000  0.057212562500  0.273501400000 19035.466   204.106     0.827441375     0.992926401  -56.82876
 
  COND2           1      777206  4.910412674606887E+044  5.000391562197475E+042
  1.018324098920625E-002         100
    777206  10693984    458605         0     14996         0         0         0         0         0   1047590         0         0   4207619    777206
 PARAMETER FILE GP01B.PAR   
