  Aa Am            MSYL            MSYR           MORTJ           MORTA             K1+           PInit      ISEED   PTarget           CVADD              AR        PREG-MAX           GAMMA              P0   SSTILDA     LIKEL
   0  6 0.9786318500000 0.6000000000000 0.0450000000000 0.6000000000000 0.0450000000000 0.8440743110040 0.8440743110040 21345.419500000  2547.413149202 12744.730000000   190.573100000    19.570220382    40.577927500     -68790  0.333235912098  0.333235912098  0.163597100000  0.093744000000  0.399251000000 18427.168   175.293     0.870048625     0.988973484  -55.40257
   0  7 0.9802280800000 0.6000000000000 0.0450000000000 0.6000000000000 0.0450000000000 0.5384065962166 0.5384065962166 25208.728000000  2587.829845744 14233.202000000   207.614900000    18.130760006    33.659750000    -331637  0.569487915208  0.569487915208  0.118417850000  0.061050937500  0.415495100000 21558.711   188.331     0.845335500     0.988036784  -58.17277
   0  8 0.9773328400000 0.6000000000000 0.0450000000000 0.6000000000000 0.0450000000000 0.7522721039331 0.7522721039331 24464.297500000  2724.867530764 15009.030000000   196.663700000    21.198678969    59.978315000    -797705  0.480356410046  0.480356410046  0.121155450000  0.051335062500  0.597869700000 22200.816   183.448     0.902807250     0.987761580  -50.43397
   0  9 0.9814980100000 0.6000000000000 0.0450000000000 0.6000000000000 0.0450000000000 0.9770877303665 0.9770877303665 22482.632500000  2623.807198441 14031.720000000   218.793100000    16.220074494    29.380865000    -944624  0.387727118249  0.387727118249  0.163131900000  0.080759000000  0.318251400000 20341.168   195.517     0.902373625     0.989868575  -57.59206
   0 11 0.9769194500000 0.6000000000000 0.0450000000000 0.6000000000000 0.0450000000000 0.9607623860003 0.9607623860003 25033.093000000  2203.055413234 12322.840000000   227.610300000    17.569866028    33.045922500    -595908  0.553725105521  0.553725105521  0.133095850000  0.066006625000  0.435013600000 20970.354   201.064     0.815272875     0.989181837  -57.13259
   0  7 0.9688593400000 0.6000000000000 0.0450000000000 0.6000000000000 0.0450000000000 0.8111647473083 0.8111647473083 29944.339000000  2209.998930596 11807.770000000   258.512500000    18.571753845    27.468727500    -447583  0.452907948913  0.452907948913  0.187345200000  0.104903312500  0.337713200000 21389.295   210.486     0.731859500     0.988643774  -51.53376
   0  6 0.9721237500000 0.6000000000000 0.0450000000000 0.6000000000000 0.0450000000000 0.8405606018985 0.8405606018985 24334.940500000  2654.779109909 14069.598000000   256.680100000    16.697433136    27.269665000    -268468  0.369343158745  0.369343158745  0.111080800000  0.077597750000  0.233662600000 21689.574   219.809     0.890270750     0.990693973  -56.11671
   0 11 0.9791148500000 0.6000000000000 0.0450000000000 0.6000000000000 0.0450000000000 0.9347401802554 0.9347401802554 28134.110500000  2099.421650868 12135.550000000   259.235300000    16.657416104    23.366837500    -873277  0.546030335913  0.546030335913  0.148081400000  0.126535000000  0.211870600000 20678.612   207.843     0.724902375     0.989313361  -52.46723
   0  8 0.9888235500000 0.6000000000000 0.0450000000000 0.6000000000000 0.0450000000000 0.7801118317400 0.7801118317400 22670.485000000  2338.059277323 12344.670000000   227.148200000    17.483472326    29.460815000    -421000  0.379097824366  0.379097824366  0.112681950000  0.053909937500  0.284972200000 18925.781   198.997     0.831382125     0.990113922  -59.01528
   0  8 0.9737772100000 0.6000000000000 0.0450000000000 0.6000000000000 0.0450000000000 0.6574009044719 0.6574009044719 22909.732000000  2520.936512403 13300.988000000   199.369300000    18.345059703    36.542922500    -639697  0.583414480993  0.583414480993  0.145021150000  0.067533687500  0.426961400000 20184.461   181.569     0.877941375     0.988712927  -58.17320
   0  6 0.9803097600000 0.6000000000000 0.0450000000000 0.6000000000000 0.0450000000000 0.8631806807492 0.8631806807492 26673.113500000  2495.087151036 13609.422000000   229.622700000    18.282663511    30.829910000    -619402  0.317456765215  0.317456765215  0.113729150000  0.096563375000  0.373176400000 22432.953   203.770     0.832650750     0.988554536  -55.42594
   0  8 0.9759234700000 0.6000000000000 0.0450000000000 0.6000000000000 0.0450000000000 0.7255814369833 0.7255814369833 24201.344500000  2596.794349069 14156.986000000   223.645300000    16.444291969    26.435000000    -649384  0.509989118318  0.509989118318  0.121730400000  0.069483937500  0.511877800000 20904.253   194.870     0.853229875     0.989360799  -58.77222
   0  7 0.9661194400000 0.6000000000000 0.0450000000000 0.6000000000000 0.0450000000000 0.9036657180191 0.9036657180191 21771.641500000  2578.076566190 13019.710000000   216.618500000    17.748012313    33.593320000    -539871  0.423972719819  0.423972719819  0.122882350000  0.054591625000  0.559371600000 18919.594   194.318     0.872600750     0.990155184  -59.19625
   0  7 0.9896267400000 0.6000000000000 0.0450000000000 0.6000000000000 0.0450000000000 0.5732685110649 0.5732685110649 19818.178000000  2513.747770261 12427.520000000   255.705900000    16.623807517    28.891610000    -395102  0.456196005795  0.456196005795  0.132789950000  0.069391812500  0.495579200000 16668.627   218.327     0.850384250     0.992318480  -54.75160
   0 11 0.9823608200000 0.6000000000000 0.0450000000000 0.6000000000000 0.0450000000000 0.9791164271899 0.9791164271899 22974.734500000  2270.010554835 12396.450000000   211.371800000    16.625041112    26.839430000    -685994  0.490034825614  0.490034825614  0.151929700000  0.061592250000  0.281612000000 20883.424   184.538     0.904093625     0.989278069  -55.55096
   0  7 0.9640916900000 0.6000000000000 0.0450000000000 0.6000000000000 0.0450000000000 0.8005250427831 0.8005250427831 25926.509500000  2359.256450134 12457.490000000   200.948200000    20.288197207    39.270257500    -601236  0.493518814776  0.493518814776  0.130032700000  0.135503687500  0.516774300000 22432.225   182.682     0.860419500     0.987369724  -53.45451
   0  9 0.9851084100000 0.6000000000000 0.0450000000000 0.6000000000000 0.0450000000000 0.8622168474112 0.8622168474112 26512.490500000  2471.363156348 14322.844000000   227.020000000    16.690356675    27.310030000    -293080  0.411578262316  0.411578262316  0.119218900000  0.051025125000  0.585657500000 23082.221   200.460     0.849135875     0.988460799  -57.45713
   0  7 0.9658402800000 0.6000000000000 0.0450000000000 0.6000000000000 0.0450000000000 0.9618057908579 0.9618057908579 24254.440000000  2521.861946897 13317.804000000   202.781300000    18.887475979    36.360662500    -370748  0.400038335474  0.400038335474  0.152093800000  0.068144937500  0.357329900000 22359.610   185.322     0.932216375     0.988285109  -56.36827
   0 10 0.9806822000000 0.6000000000000 0.0450000000000 0.6000000000000 0.0450000000000 0.9124197566566 0.9124197566566 21683.567500000  2511.936729891 13262.374000000   250.049600000    15.533374853    26.544330000    -621084  0.476923015635  0.476923015635  0.107304350000  0.061952562500  0.544052100000 18444.924   213.332     0.837472750     0.991453931  -56.99747
   0  8 0.9782397000000 0.6000000000000 0.0450000000000 0.6000000000000 0.0450000000000 0.6142840940895 0.6142840940895 23748.662500000  2564.353162107 13877.074000000   185.629400000    20.925883638    52.191477500    -204885  0.579291448281  0.579291448281  0.142723950000  0.056134062500  0.350901100000 20198.845   171.218     0.841162500     0.987407784  -55.45770
   0  8 0.9707190400000 0.6000000000000 0.0450000000000 0.6000000000000 0.0450000000000 0.8168073391521 0.8168073391521 23926.984000000  2468.562971378 13185.880000000   249.408200000    16.683503640    27.014085000    -633088  0.493838174695  0.493838174695  0.156286700000  0.138532000000  0.352620600000 20051.556   211.528     0.830635500     0.990588284  -55.59225
   0  6 0.9719697100000 0.6000000000000 0.0450000000000 0.6000000000000 0.0450000000000 0.7819486605742 0.7819486605742 24201.020500000  2504.217462282 13051.010000000   294.812100000    16.437743920    23.295597500     -73174  0.397937374130  0.397937374130  0.120748750000  0.068444875000  0.539105700000 19847.360   225.059     0.820425000     0.991942725  -56.53584
   0  7 0.9797082800000 0.6000000000000 0.0450000000000 0.6000000000000 0.0450000000000 0.9236241372581 0.9236241372581 23036.429500000  2595.174288598 13705.946000000   244.858900000    16.246209758    24.773340000     -21861  0.334812494455  0.334812494455  0.126468600000  0.051412500000  0.306624000000 19422.919   205.394     0.840033000     0.990733084  -58.85024
   0  7 0.9887850200000 0.6000000000000 0.0450000000000 0.6000000000000 0.0450000000000 0.7944861401624 0.7944861401624 23839.409500000  2587.523850970 14052.746000000   191.770900000    17.974628308    31.658400000    -905754  0.334031989052  0.334031989052  0.123179950000  0.101077812500  0.561502100000 21059.271   174.309     0.877723250     0.987686731  -55.82161
   0  9 0.9629771400000 0.6000000000000 0.0450000000000 0.6000000000000 0.0450000000000 0.9272079438017 0.9272079438017 23345.390500000  2305.345488168 12024.734000000   221.023300000    17.915162195    31.842480000     -80164  0.562425569103  0.562425569103  0.108422700000  0.054934187500  0.467751700000 20367.059   194.047     0.868271250     0.989663260  -57.85293
   0  8 0.9668820500000 0.6000000000000 0.0450000000000 0.6000000000000 0.0450000000000 0.9532373092454 0.9532373092454 19450.640500000  2753.995968073 13156.904000000   227.088800000    15.972652821    29.376835000     -81973  0.450345823522  0.450345823522  0.132505200000  0.063417437500  0.599327800000 16585.014   197.632     0.859961500     0.991608225  -55.46975
   0  6 0.9568621700000 0.6000000000000 0.0450000000000 0.6000000000000 0.0450000000000 0.9343773664562 0.9343773664562 24743.936500000  2412.069327104 12255.300000000   245.527000000    18.328904709    30.791365000    -941679  0.412971607596  0.412971607596  0.110824000000  0.056884625000  0.299175400000 19039.437   209.331     0.779732875     0.990151267  -56.74606
   0  7 0.9752027400000 0.6000000000000 0.0450000000000 0.6000000000000 0.0450000000000 0.5544606938086 0.5544606938086 22394.950000000  2298.358610322 11543.118000000   209.513900000    19.283191292    36.291535000    -162419  0.599854840455  0.599854840455  0.126663500000  0.122742125000  0.368688500000 20088.684   189.855     0.906814500     0.989494294  -53.92397
   0 10 0.9868833300000 0.6000000000000 0.0450000000000 0.6000000000000 0.0450000000000 0.9466608813072 0.9466608813072 22708.676500000  2653.247380286 14480.154000000   220.127400000    15.198340403    24.997135000    -598516  0.409252906289  0.409252906289  0.181434500000  0.075379687500  0.431087600000 19104.336   191.865     0.822187000     0.989795112  -56.31678
   0 10 0.9787962700000 0.6000000000000 0.0450000000000 0.6000000000000 0.0450000000000 0.7840142223524 0.7840142223524 24476.852500000  2479.839800947 13915.242000000   226.990600000    16.284637258    28.195330000    -952719  0.574666550698  0.574666550698  0.199976350000  0.069273375000  0.296946800000 20306.701   198.913     0.807366375     0.989383556  -56.10174
   0  9 0.9864266200000 0.6000000000000 0.0450000000000 0.6000000000000 0.0450000000000 0.5989325554956 0.5989325554956 23285.734000000  2422.492643672 13207.360000000   232.732700000    16.396457227    26.118255000    -263144  0.578359937619  0.578359937619  0.194511000000  0.104858562500  0.498810200000 22000.390   203.189     0.968389250     0.990105558  -53.63729
   0  9 0.9892563100000 0.6000000000000 0.0450000000000 0.6000000000000 0.0450000000000 0.5554240566047 0.5554240566047 23540.317000000  2553.117664253 14137.792000000   223.438700000    16.184715740    27.492712500    -451435  0.591813913077  0.591813913077  0.142408850000  0.068346687500  0.469330200000 20522.914   197.865     0.857538250     0.989560944  -59.04138
   0  6 0.9721333800000 0.6000000000000 0.0450000000000 0.6000000000000 0.0450000000000 0.9598019461139 0.9598019461139 24507.173500000  2521.442078826 13235.212000000   264.339600000    16.591744931    22.828800000      -2022  0.323411379358  0.323411379358  0.130806450000  0.097307750000  0.268440800000 20439.742   208.613     0.831917125     0.990899634  -55.76606
   0  7 0.9815675600000 0.6000000000000 0.0450000000000 0.6000000000000 0.0450000000000 0.6312968025486 0.6312968025486 24902.764000000  2417.486477710 13017.446000000   257.012400000    16.802147429    24.022460000    -531243  0.475080829648  0.475080829648  0.143925600000  0.112002250000  0.408504600000 21617.011   210.948     0.861380125     0.990446393  -56.01209
   0  6 0.9671304100000 0.6000000000000 0.0450000000000 0.6000000000000 0.0450000000000 0.5724107177346 0.5724107177346 23172.563500000  2927.809789363 15167.444000000   278.338800000    15.103081465    23.762752500    -100656  0.583523416159  0.583523416159  0.160442450000  0.089484812500  0.443803600000 19713.860   225.522     0.848921625     0.991842624  -54.88165
   0  7 0.9614708400000 0.6000000000000 0.0450000000000 0.6000000000000 0.0450000000000 0.9161413611865 0.9161413611865 21448.208500000  2647.675383583 13231.872000000   201.380500000    19.029142894    42.971292500    -212290  0.448498542912  0.448498542912  0.156956000000  0.050110875000  0.282328500000 18817.922   185.477     0.883026000     0.989581002  -56.60446
   0 10 0.9852081500000 0.6000000000000 0.0450000000000 0.6000000000000 0.0450000000000 0.7715895106024 0.7715895106024 23181.379000000  2482.299602250 13677.916000000   258.264900000    15.090937339    21.739432500     -35129  0.518273931554  0.518273931554  0.178718100000  0.076571000000  0.333162600000 20980.272   212.529     0.896081125     0.991130674  -56.20376
   0  7 0.9847193100000 0.6000000000000 0.0450000000000 0.6000000000000 0.0450000000000 0.7427683932715 0.7427683932715 24267.143500000  2904.825498183 15895.862000000   202.832600000    16.063312000    27.528722500    -627376  0.383050012706  0.383050012706  0.146305800000  0.137977562500  0.468796900000 20661.323   181.821     0.841791250     0.988181449  -53.32873
   0  7 0.9841458800000 0.6000000000000 0.0450000000000 0.6000000000000 0.0450000000000 0.9153737216418 0.9153737216418 27112.390000000  2285.513475358 12420.364000000   215.604200000    18.879207914    29.806647500    -698239  0.313841011996  0.313841011996  0.143762300000  0.087441312500  0.532108700000 20782.101   187.980     0.769186375     0.987582329  -55.13035
   0  7 0.9825299200000 0.6000000000000 0.0450000000000 0.6000000000000 0.0450000000000 0.8823811152952 0.8823811152952 22788.772000000  2851.133912589 15061.126000000   226.753600000    15.533151917    25.036297500    -362107  0.334505402761  0.334505402761  0.233135350000  0.163655062500  0.249226800000 20548.211   197.706     0.903201125     0.990085321  -50.03212
   0  6 0.9669831600000 0.6000000000000 0.0450000000000 0.6000000000000 0.0450000000000 0.5907406209781 0.5907406209781 25296.019000000  2529.470083792 13359.648000000   214.900200000    19.083893714    36.040115000    -909990  0.566620582992  0.566620582992  0.213082800000  0.052106937500  0.364681000000 21473.368   194.541     0.844305250     0.988466928  -55.04052
   0  7 0.9600319500000 0.6000000000000 0.0450000000000 0.6000000000000 0.0450000000000 0.7700348427544 0.7700348427544 23295.319000000  2647.145802061 13757.992000000   199.796300000    18.610237238    37.877535000    -818473  0.545110396022  0.545110396022  0.128879550000  0.061826937500  0.430879100000 20869.262   182.715     0.898523250     0.988597918  -58.09107
   0  8 0.9861987700000 0.6000000000000 0.0450000000000 0.6000000000000 0.0450000000000 0.6341864301896 0.6341864301896 23749.256500000  2492.928773139 13585.560000000   226.649600000    16.592919972    25.799072500    -899617  0.488737395233  0.488737395233  0.134882450000  0.095867625000  0.376579600000 21120.402   196.862     0.882734750     0.989639307  -57.67016
   0  6 0.9511439000000 0.6000000000000 0.0450000000000 0.6000000000000 0.0450000000000 0.9168420157629 0.9168420157629 21637.532500000  2883.697521879 14182.902000000   227.103500000    16.256107379    27.898507500     -30821  0.454673860230  0.454673860230  0.139753950000  0.085994187500  0.224573200000 19658.203   197.184     0.922664625     0.990697790  -56.88092
   0 11 0.9781807300000 0.6000000000000 0.0450000000000 0.6000000000000 0.0450000000000 0.9529667208579 0.9529667208579 24312.044500000  2220.516702203 12311.232000000   205.065800000    17.832031741    32.786767500    -869535  0.545135158268  0.545135158268  0.166525050000  0.059807187500  0.227534100000 21273.639   182.740     0.856992500     0.988331225  -57.02170
   0  9 0.9627736000000 0.6000000000000 0.0450000000000 0.6000000000000 0.0450000000000 0.8947701900578 0.8947701900578 23894.489500000  2351.319437996 12460.880000000   202.795300000    18.936280600    37.746235000    -693385  0.584791211872  0.584791211872  0.139115900000  0.056805500000  0.306143700000 18747.172   181.380     0.779998500     0.988469798  -57.22091
   0  6 0.9776820900000 0.6000000000000 0.0450000000000 0.6000000000000 0.0450000000000 0.6803357111295 0.6803357111295 22010.551000000  2604.077375888 13246.580000000   271.831800000    16.183823202    24.014172500    -748131  0.419542486209  0.419542486209  0.150961250000  0.187113187500  0.306862600000 18011.284   215.218     0.824117250     0.992032519  -53.12270
   0  8 0.9831796400000 0.6000000000000 0.0450000000000 0.6000000000000 0.0450000000000 0.8010503604245 0.8010503604245 22882.084000000  2415.661821362 12804.244000000   226.493700000    18.032409786    35.852232500    -281909  0.408032339337  0.408032339337  0.132943550000  0.146560937500  0.545787300000 18921.593   204.685     0.822845500     0.990029509  -54.01368
   0  9 0.9705836600000 0.6000000000000 0.0450000000000 0.6000000000000 0.0450000000000 0.9226016347759 0.9226016347759 22860.997000000  2676.770505058 14243.578000000   255.011500000    15.131189482    23.827850000    -529172  0.497152362833  0.497152362833  0.157839800000  0.055938500000  0.280402200000 20477.860   213.444     0.889913875     0.991205623  -57.90689
   0  7 0.9743247000000 0.6000000000000 0.0450000000000 0.6000000000000 0.0450000000000 0.8311904916700 0.8311904916700 22672.078000000  2907.032300131 15141.556000000   243.128100000    15.115688789    24.140922500    -947697  0.405774412305  0.405774412305  0.158100600000  0.104163500000  0.439818800000 20496.885   207.129     0.907804250     0.990838277  -55.77196
   0  8 0.9835804400000 0.6000000000000 0.0450000000000 0.6000000000000 0.0450000000000 0.9336818160268 0.9336818160268 23010.847000000  2189.947114870 11253.880000000   275.660800000    16.931883425    23.800712500    -933517  0.347629608588  0.347629608588  0.131789800000  0.151792937500  0.271604000000 18662.512   212.084     0.813558375     0.991759787  -52.13087
   0  7 0.9724906400000 0.6000000000000 0.0450000000000 0.6000000000000 0.0450000000000 0.6384708230335 0.6384708230335 20396.653000000  2736.010009303 13459.618000000   272.844100000    15.493091551    25.209717500     -52809  0.543783220115  0.543783220115  0.163177600000  0.237195750000  0.429289500000 18880.782   222.839     0.952733750     0.992661048  -49.66571
   0  7 0.9899894600000 0.6000000000000 0.0450000000000 0.6000000000000 0.0450000000000 0.7841555772892 0.7841555772892 19696.475500000  2466.480586164 12138.892000000   204.216400000    18.537152815    38.239747500    -600909  0.331400334184  0.331400334184  0.120689650000  0.058883625000  0.371041600000 18021.129   188.484     0.937185625     0.990438239  -55.39410
   0 10 0.9844455800000 0.6000000000000 0.0450000000000 0.6000000000000 0.0450000000000 0.8041744991333 0.8041744991333 27157.966000000  2436.094993191 14444.008000000   179.662500000    19.327550206    39.416767500    -451480  0.504460195373  0.504460195373  0.179518950000  0.166252937500  0.242201400000 23002.462   163.228     0.817788125     0.985070359  -49.02047
   0 10 0.9801006600000 0.6000000000000 0.0450000000000 0.6000000000000 0.0450000000000 0.9362340210884 0.9362340210884 22907.045500000  2271.640106292 12175.580000000   184.232000000    25.041084977    74.622230000    -795710  0.469813534420  0.469813534420  0.111251100000  0.091162937500  0.277563300000 20461.901   170.651     0.887331750     0.987750171  -52.15908
   0  6 0.9598475100000 0.6000000000000 0.0450000000000 0.6000000000000 0.0450000000000 0.6682050649259 0.6682050649259 23085.677500000  2308.002498698 11257.112000000   213.985600000    19.332800878    32.995937500    -812362  0.554178348822  0.554178348822  0.202843150000  0.062862750000  0.494189900000 19456.843   188.003     0.849922500     0.989450238  -53.64990
   0  7 0.9862590000000 0.6000000000000 0.0450000000000 0.6000000000000 0.0450000000000 0.8287903361602 0.8287903361602 22828.664500000  2847.339394721 15126.030000000   279.743700000    14.634137883    21.241045000    -699600  0.334434461289  0.334434461289  0.151195450000  0.110265687500  0.391725300000 17125.044   220.045     0.760711375     0.991930789  -52.00149
   0  6 0.9573559600000 0.6000000000000 0.0450000000000 0.6000000000000 0.0450000000000 0.9058879404000 0.9058879404000 20089.312000000  2601.281872974 12356.220000000   278.598400000    16.512215008    27.101022500    -999591  0.423085438648  0.423085438648  0.135543400000  0.067807687500  0.378994200000 17533.189   222.617     0.886845125     0.992952428  -55.00393
   0  7 0.9805982700000 0.6000000000000 0.0450000000000 0.6000000000000 0.0450000000000 0.5933484559816 0.5933484559816 22745.518000000  2639.562235740 13895.472000000   197.149000000    19.774056420    47.476085000     -28908  0.513619466193  0.513619466193  0.167823900000  0.087888062500  0.496075900000 21111.065   184.037     0.943742625     0.988630449  -53.38543
   0  6 0.9881599900000 0.6000000000000 0.0450000000000 0.6000000000000 0.0450000000000 0.7574283346157 0.7574283346157 22472.818000000  2284.349036471 11433.614000000   169.664500000    43.328733568   120.753120000    -979965  0.318827653949  0.318827653949  0.155348600000  0.071129125000  0.421667700000 18379.423   157.344     0.825480250     0.986885978  -50.38124
   0  8 0.9813697000000 0.6000000000000 0.0450000000000 0.6000000000000 0.0450000000000 0.7557512423002 0.7557512423002 22961.666500000  2344.607014537 12317.454000000   233.591500000    17.022902053    25.689482500    -604493  0.446286791305  0.446286791305  0.121636150000  0.125275500000  0.419765900000 20255.912   197.471     0.880694125     0.990308917  -55.36176
   0  6 0.9798600500000 0.6000000000000 0.0450000000000 0.6000000000000 0.0450000000000 0.7082803741790 0.7082803741790 24063.334000000  2596.454026013 13773.110000000   181.983200000    58.050693523   147.518105000    -712613  0.389614019976  0.389614019976  0.154942650000  0.111923375000  0.584674200000 21673.240   169.521     0.902065125     0.986974478  -51.15709
   0  7 0.9855405100000 0.6000000000000 0.0450000000000 0.6000000000000 0.0450000000000 0.9013829834588 0.9013829834588 23303.594500000  2985.473285114 15945.728000000   201.302300000    16.645398833    34.683110000    -394683  0.311285274130  0.311285274130  0.150544450000  0.054430812500  0.252792400000 20011.758   184.642     0.851817625     0.988558503  -56.02741
   0  9 0.9853932100000 0.6000000000000 0.0450000000000 0.6000000000000 0.0450000000000 0.8018037799975 0.8018037799975 25774.256500000  2547.505508698 14657.446000000   192.224500000    18.986729459    41.851342500    -512808  0.440290954568  0.440290954568  0.119874200000  0.076306687500  0.221025900000 21868.683   176.340     0.827149750     0.986749105  -55.17929
   0  7 0.9769567700000 0.6000000000000 0.0450000000000 0.6000000000000 0.0450000000000 0.9221172247530 0.9221172247530 23991.190000000  2642.802338040 14206.376000000   202.037300000    18.083989704    34.843530000    -625880  0.350686097280  0.350686097280  0.187331350000  0.053315062500  0.447153500000 21237.539   184.394     0.880942750     0.988319569  -56.63636
   0  7 0.9639720000000 0.6000000000000 0.0450000000000 0.6000000000000 0.0450000000000 0.8626577852920 0.8626577852920 21592.483000000  2608.005412056 13100.318000000   219.183100000    18.525454141    40.893405000    -700805  0.458799625450  0.458799625450  0.121664200000  0.155386562500  0.473553000000 20058.208   202.223     0.954368500     0.990356518  -50.97469
   0  7 0.9556457700000 0.6000000000000 0.0450000000000 0.6000000000000 0.0450000000000 0.9527970412998 0.9527970412998 21947.762500000  2567.632726264 12859.128000000   229.929400000    17.127418401    29.092005000    -160413  0.469782728176  0.469782728176  0.106816400000  0.137102875000  0.300554700000 18755.042   198.253     0.857710375     0.990673744  -55.53208
   0  8 0.9667501600000 0.6000000000000 0.0450000000000 0.6000000000000 0.0450000000000 0.9513393688797 0.9513393688797 20413.190500000  2631.021672619 12989.250000000   210.477200000    16.766946835    30.286835000    -396738  0.452202675821  0.452202675821  0.171064850000  0.075653625000  0.468630300000 16917.957   185.122     0.832591250     0.990498257  -54.77324
   0  6 0.9503106500000 0.6000000000000 0.0450000000000 0.6000000000000 0.0450000000000 0.9276952750078 0.9276952750078 23515.045000000  2412.656082429 11945.854000000   245.494500000    18.005272934    28.865220000    -316318  0.454365711807  0.454365711807  0.116161850000  0.104978062500  0.373902600000 18948.129   204.710     0.813081750     0.990648991  -56.01674
   0  6 0.9734550400000 0.6000000000000 0.0450000000000 0.6000000000000 0.0450000000000 0.6994785459696 0.6994785459696 24810.761500000  2544.454976874 13479.126000000   186.693800000    20.560275728    42.192885000    -713166  0.435107491664  0.435107491664  0.152968100000  0.108560375000  0.561882900000 21977.211   172.002     0.883428375     0.986948178  -54.48561
   0  7 0.9671072400000 0.6000000000000 0.0450000000000 0.6000000000000 0.0450000000000 0.6375724726900 0.6375724726900 24867.461500000  2514.092614696 13424.236000000   233.120200000    17.595027639    30.254107500    -871502  0.591934329032  0.591934329032  0.115264300000  0.080126625000  0.391270800000 19502.549   203.294     0.785022250     0.989548023  -57.12038
   0  8 0.9866799200000 0.6000000000000 0.0450000000000 0.6000000000000 0.0450000000000 0.7962797867864 0.7962797867864 23333.267500000  2498.593046434 13518.904000000   237.746000000    16.439663083    26.182735000    -709754  0.385934907628  0.385934907628  0.131032800000  0.062456437500  0.452797300000 20390.519   205.187     0.866425750     0.990292801  -59.38952
   0  6 0.9698490900000 0.6000000000000 0.0450000000000 0.6000000000000 0.0450000000000 0.8211025172907 0.8211025172907 23765.767000000  2761.681875786 14518.244000000   216.977600000    17.423020293    32.189742500     -79960  0.391008723070  0.391008723070  0.132425200000  0.072464562500  0.460972100000 20959.895   195.736     0.880620375     0.989257886  -58.28117
   0  6 0.9891926600000 0.6000000000000 0.0450000000000 0.6000000000000 0.0450000000000 0.6371444736439 0.6371444736439 19818.772000000  2767.982476192 13530.726000000   196.654800000    18.623285745    42.863945000    -811849  0.372562548850  0.372562548850  0.202941900000  0.088943250000  0.463114800000 18468.029   183.722     0.964675000     0.990014735  -52.22326
   0 10 0.9871424200000 0.6000000000000 0.0450000000000 0.6000000000000 0.0450000000000 0.8973356280970 0.8973356280970 21668.353000000  2751.482426589 14536.838000000   210.178000000    15.829451324    32.984660000     -87163  0.429629809910  0.429629809910  0.145662750000  0.097414000000  0.514145800000 20621.490   192.983     0.989913750     0.989799891  -54.16741
   0  7 0.9664998400000 0.6000000000000 0.0450000000000 0.6000000000000 0.0450000000000 0.8379309910578 0.8379309910578 24434.462500000  2552.968698543 13573.866000000   201.402400000    21.845077028    56.829325000    -577556  0.454591876063  0.454591876063  0.159827000000  0.122586750000  0.520690000000 20376.793   186.661     0.828858500     0.988114940  -52.08353
   0 11 0.9855161300000 0.6000000000000 0.0450000000000 0.6000000000000 0.0450000000000 0.8775358417384 0.8775358417384 25480.928500000  2299.453846532 13316.534000000   255.362600000    15.556870886    22.184260000    -974546  0.514555992151  0.514555992151  0.169021250000  0.128101937500  0.499630400000 22720.351   212.178     0.869436125     0.990138117  -54.65244
   0  7 0.9684888300000 0.6000000000000 0.0450000000000 0.6000000000000 0.0450000000000 0.7802575689752 0.7802575689752 26503.729000000  2498.662367251 13674.020000000   222.993000000    17.677660951    28.004100000    -118723  0.473544053184  0.473544053184  0.200810200000  0.099006375000  0.451667000000 24760.519   196.921     0.944905250     0.988349051  -51.87361
   0  7 0.9805498000000 0.6000000000000 0.0450000000000 0.6000000000000 0.0450000000000 0.6026869440170 0.6026869440170 22314.665500000  2413.214017021 12396.720000000   185.281500000    20.267567715    42.653020000    -945022  0.506064625448  0.506064625448  0.153769900000  0.075058562500  0.255756100000 17948.741   169.405     0.809473000     0.988131687  -54.88627
   0  8 0.9801854000000 0.6000000000000 0.0450000000000 0.6000000000000 0.0450000000000 0.9225506385080 0.9225506385080 25357.781500000  2314.052240303 12578.174000000   218.554700000    18.384140022    31.954995000    -894219  0.373124889273  0.373124889273  0.178239500000  0.057337562500  0.425175200000 17992.741   191.694     0.724651625     0.988568671  -55.55965
   0  7 0.9839791400000 0.6000000000000 0.0450000000000 0.6000000000000 0.0450000000000 0.9564723756105 0.9564723756105 23934.503500000  2426.756118453 12925.282000000   231.626700000    17.254537235    26.352092500    -369935  0.301199214472  0.301199214472  0.124090950000  0.084426375000  0.415512500000 19065.672   197.084     0.797475750     0.989797157  -57.31006
   0  7 0.9861435900000 0.6000000000000 0.0450000000000 0.6000000000000 0.0450000000000 0.6323096873382 0.6323096873382 22792.052500000  2800.933022395 14879.340000000   230.129400000    16.050202209    28.488642500    -132213  0.439218763485  0.439218763485  0.152844250000  0.082540250000  0.234041300000 19515.869   204.249     0.851702875     0.990207594  -57.02216
   0 11 0.9825558100000 0.6000000000000 0.0450000000000 0.6000000000000 0.0450000000000 0.9468117128929 0.9468117128929 24022.631500000  2133.236093640 11700.874000000   219.742500000    17.528076662    30.618627500    -308244  0.504866083105  0.504866083105  0.128648500000  0.089535562500  0.586155600000 20333.300   192.452     0.829422125     0.989214880  -56.74592
   0  7 0.9565341500000 0.6000000000000 0.0450000000000 0.6000000000000 0.0450000000000 0.9286647806924 0.9286647806924 22928.078500000  2429.633795675 12266.950000000   242.573500000    17.559846567    29.209590000    -996928  0.475805466642  0.475805466642  0.157603500000  0.089770687500  0.211256600000 19196.446   206.146     0.839460875     0.990763495  -57.11796
   0 11 0.9836904300000 0.6000000000000 0.0450000000000 0.6000000000000 0.0450000000000 0.8968251530934 0.8968251530934 23263.553500000  2485.466262587 13820.012000000   197.535900000    17.492684884    38.495132500    -315794  0.521527126547  0.521527126547  0.141976000000  0.072357000000  0.563836800000 21358.417   181.264     0.911163875     0.988373752  -56.85135
   0  6 0.9658565000000 0.6000000000000 0.0450000000000 0.6000000000000 0.0450000000000 0.9351977560236 0.9351977560236 24221.662000000  2715.042946829 14302.430000000   273.905900000    15.947706187    23.897530000    -776458  0.363767700622  0.363767700622  0.112508800000  0.084357875000  0.481780800000 21167.307   221.791     0.870934500     0.991338770  -56.60060
   0 11 0.9866484600000 0.6000000000000 0.0450000000000 0.6000000000000 0.0450000000000 0.9358535042514 0.9358535042514 24416.494000000  1975.834137523 10616.680000000   253.355200000    17.276344485    27.630480000     -31257  0.472021735596  0.472021735596  0.226412900000  0.052115250000  0.591203500000 21812.598   212.332     0.891741125     0.990468176  -51.24675
   0  7 0.9526049000000 0.6000000000000 0.0450000000000 0.6000000000000 0.0450000000000 0.9443038533296 0.9443038533296 26944.369000000  2421.090813056 12907.586000000   200.970100000    21.486448448    46.797225000    -228446  0.495255640547  0.495255640547  0.168887350000  0.139748312500  0.382381800000 23257.421   184.479     0.856567875     0.986907290  -51.47084
   0  9 0.9848237000000 0.6000000000000 0.0450000000000 0.6000000000000 0.0450000000000 0.7529231230408 0.7529231230408 25361.561500000  2438.601939589 13815.648000000   280.239700000    15.688344826    23.343242500    -143927  0.473778588293  0.473778588293  0.140717100000  0.090940687500  0.381548400000 21377.312   229.376     0.824470000     0.991059579  -54.84254
   0  7 0.9680120100000 0.6000000000000 0.0450000000000 0.6000000000000 0.0450000000000 0.7234047309202 0.7234047309202 21211.553500000  2706.756174257 13550.446000000   207.921200000    18.029600108    38.798780000    -638358  0.514518487604  0.514518487604  0.141152350000  0.086488000000  0.541894600000 18340.414   190.331     0.868729250     0.990001166  -56.35599
   0  8 0.9840027000000 0.6000000000000 0.0450000000000 0.6000000000000 0.0450000000000 0.6917717634447 0.6917717634447 23595.869500000  2688.846353170 14663.370000000   205.640300000    15.851356853    23.098257500    -188105  0.465740436426  0.465740436426  0.129818800000  0.216540500000  0.531587900000 20365.887   177.968     0.852659625     0.988670274  -51.07937
   0  7 0.9809278600000 0.6000000000000 0.0450000000000 0.6000000000000 0.0450000000000 0.5798420437617 0.5798420437617 23379.424000000  2552.506907782 13561.520000000   188.036300000    19.660166428    41.792322500    -897551  0.522736608094  0.522736608094  0.136757950000  0.070328937500  0.216848700000 21932.452   174.594     0.959405250     0.987745034  -54.71025
   0  7 0.9836145400000 0.6000000000000 0.0450000000000 0.6000000000000 0.0450000000000 0.6606088356431 0.6606088356431 23175.479500000  2582.860738333 13742.382000000   256.068900000    16.026226532    23.594402500    -313675  0.438774084923  0.438774084923  0.152720000000  0.121760750000  0.437309300000 18855.749   209.774     0.812421250     0.991065678  -55.84604
   0  6 0.9883087700000 0.6000000000000 0.0450000000000 0.6000000000000 0.0450000000000 0.5253401406700 0.5253401406700 26376.545500000  2450.513636833 13383.516000000   211.612600000    19.143227136    33.910292500    -692216  0.458549017777  0.458549017777  0.182230100000  0.061588812500  0.450993500000 21400.667   190.928     0.806627000     0.987657847  -56.33618
   0  8 0.9717132900000 0.6000000000000 0.0450000000000 0.6000000000000 0.0450000000000 0.7266465377336 0.7266465377336 22394.774500000  2509.468845662 13052.618000000   199.173900000    18.483711621    37.529200000    -165256  0.546130727225  0.546130727225  0.184277000000  0.082601687500  0.462421700000 18295.544   180.417     0.815109250     0.988965045  -55.39696
   0  6 0.9602802400000 0.6000000000000 0.0450000000000 0.6000000000000 0.0450000000000 0.7496371323865 0.7496371323865 25184.819500000  2850.945962623 15263.368000000   224.989300000    16.226575657    25.135650000    -160652  0.491014085429  0.491014085429  0.111761450000  0.052345500000  0.397421900000 21328.407   193.718     0.839961750     0.989052752  -56.41993
   0  6 0.9793833900000 0.6000000000000 0.0450000000000 0.6000000000000 0.0450000000000 0.5202762840406 0.5202762840406 23662.424500000  2322.541711635 11776.384000000   256.487400000    18.027279616    28.804705000    -126229  0.534357834154  0.534357834154  0.120866450000  0.082888687500  0.528466100000 19981.131   215.705     0.846718000     0.990914360  -56.38312
   0  8 0.9769347000000 0.6000000000000 0.0450000000000 0.6000000000000 0.0450000000000 0.7631561772776 0.7631561772776 24450.460000000  2466.667434021 13411.312000000   205.921200000    19.095113931    40.480232500    -464448  0.476699464780  0.476699464780  0.133206950000  0.124115562500  0.220456000000 20874.891   188.562     0.843812500     0.988320613  -55.40288
   0  7 0.9742012000000 0.6000000000000 0.0450000000000 0.6000000000000 0.0450000000000 0.6950542839903 0.6950542839903 24559.594000000  2427.491718979 12883.492000000   255.727000000    17.035969322    26.003790000    -844449  0.486203021585  0.486203021585  0.134331200000  0.172353000000  0.519362000000 21282.603   213.489     0.861884500     0.990564987  -54.34237
   0  8 0.9868690700000 0.6000000000000 0.0450000000000 0.6000000000000 0.0450000000000 0.7584743208792 0.7584743208792 20855.774500000  2588.533375157 13258.344000000   199.141800000    18.294529539    40.940335000    -287311  0.403809385360  0.403809385360  0.202070700000  0.054098500000  0.338549500000 19626.108   185.224     0.974195625     0.989640226  -53.80498
 
  COND2           1     3088988  1.375150526523605E+045  1.459891492752546E+043
  1.061623047509691E-002         100
   3088988  66543430   2847393         0     93522         0         0         0         0         0   3352341        32         0  31074294   3088988
 PARAMETER FILE GP01A.PAR   
