  Aa Am            MSYL            MSYR           MORTJ           MORTA             K1+           PInit      ISEED   PTarget           CVADD              AR        PREG-MAX           GAMMA              P0   SSTILDA     LIKEL
   0  7 0.9899669200000 0.6000000000000 0.0450000000000 0.6000000000000 0.0100000000000 0.7915244223975 0.1716430214100 25845.158500000  2332.898122894 12724.206000000   257.543900000   181.619626820   143.996860000     -40144  0.328444675596  0.328444675596  0.157837700000  0.091371562500  0.230346900000 20716.334   176.968     0.797697375     0.990051429  -53.90949
   0  6 0.9611773100000 0.6000000000000 0.0450000000000 0.6000000000000 0.0100000000000 0.7637453319879 0.2898894940137 23702.290000000  2581.280412960 13272.380000000   289.131600000   148.528592394   134.787335000    -872637  0.475947091727  0.475947091727  0.133161800000  0.052677500000  0.208291500000 19998.942   181.695     0.843391000     0.991981083  -57.21260
   0  7 0.9858300900000 0.6000000000000 0.0450000000000 0.6000000000000 0.0100000000000 0.8045931539904 0.1945017710706 23082.451000000  2626.893204496 14019.138000000   259.753100000   168.289615508   144.252212500    -538456  0.347019274344  0.347019274344  0.147285250000  0.143996937500  0.200519100000 19783.493   182.026     0.852573250     0.991215627  -53.22251
   0  7 0.9698993300000 0.6000000000000 0.0450000000000 0.6000000000000 0.0100000000000 0.9459990137782 0.3023841038290 20679.235000000  2447.829011360 12012.460000000   285.062300000   158.809191004   146.662997500    -516309  0.382158862844  0.382158862844  0.183422500000  0.129104312500  0.564706300000 18930.790   190.630     0.938114625     0.992885320  -50.40703
   0  6 0.9891654800000 0.6000000000000 0.0450000000000 0.6000000000000 0.0100000000000 0.4527386957635 0.1085048041423 21354.383500000  2551.090335106 12949.448000000   458.440900000   107.674216185   113.229857500    -809703  0.524549691840  0.524549691840  0.110846000000  0.057826062500  0.486540600000 18080.719   189.455     0.851987750     0.995384885  -56.89773
   0  7 0.9573701800000 0.6000000000000 0.0450000000000 0.6000000000000 0.0100000000000 0.7810857529157 0.2861415625200 21919.831000000  2877.507590671 14463.998000000   474.821500000    99.670899378   106.197897500    -270625  0.558845601205  0.558845601205  0.139590350000  0.122831062500  0.433955300000 19601.595   183.566     0.900105625     0.995488082  -53.79270
   0  6 0.9599621100000 0.6000000000000 0.0450000000000 0.6000000000000 0.0100000000000 0.7243286662292 0.2782102249237 24626.324500000  2429.078921527 12406.666000000   438.856400000   125.254282309   128.861610000    -698271  0.510424905132  0.510424905132  0.153076600000  0.052663937500  0.313350000000 20075.222   203.641     0.817341375     0.994512518  -54.45090
   0  8 0.9681111900000 0.6000000000000 0.0450000000000 0.6000000000000 0.0100000000000 0.7932428876722 0.2402898180960 23665.732000000  2469.087102040 13080.854000000   264.579900000   163.943337621   139.876802500    -633382  0.530552406478  0.530552406478  0.136814500000  0.072363000000  0.397833200000 21100.416   178.494     0.889864875     0.991232956  -55.77579
   0  7 0.9798027200000 0.6000000000000 0.0450000000000 0.6000000000000 0.0100000000000 0.8289763045064 0.2273183176528 26555.893000000  2246.558110381 11931.860000000   432.196400000   124.929841158   124.251550000    -659998  0.372462930599  0.372462930599  0.216876850000  0.085900500000  0.298246800000 24342.917   201.838     0.920694375     0.993947465  -49.06483
   0  8 0.9847117400000 0.6000000000000 0.0450000000000 0.6000000000000 0.0100000000000 0.5995400002075 0.1372753603106 22162.723000000  2471.900336344 12988.678000000   354.298300000   127.175898962   126.869945000    -302997  0.530741530974  0.530741530974  0.144441250000  0.069889125000  0.256714300000 18777.525   190.982     0.843672750     0.993820756  -56.65004
   0 10 0.9831138400000 0.6000000000000 0.0450000000000 0.6000000000000 0.0100000000000 0.7584589679815 0.1512653456769 22384.028500000  2560.911911415 13810.914000000   263.657200000   162.350570500   142.246540000    -916293  0.548377780296  0.548377780296  0.154222400000  0.100140062500  0.278136700000 19807.168   181.586     0.872245375     0.991621644  -54.82178
   0  6 0.9862174700000 0.6000000000000 0.0450000000000 0.6000000000000 0.0100000000000 0.6509654381905 0.1683118814478 23831.552500000  2369.560350486 12279.918000000   293.126300000   165.005148640   147.951655000    -851598  0.383014252693  0.383014252693  0.125668450000  0.106996875000  0.286733600000 21271.851   195.279     0.894622625     0.991961100  -52.98985
   0  6 0.9844526100000 0.6000000000000 0.0450000000000 0.6000000000000 0.0100000000000 0.6568716135202 0.1768821913338 20945.590000000  2306.210407848 11215.664000000   281.528800000   162.401436604   146.613825000    -398483  0.390594534351  0.390594534351  0.171214400000  0.139971937500  0.336373400000 18048.657   187.745     0.872681000     0.992651796  -50.11787
   0  6 0.9524760300000 0.6000000000000 0.0450000000000 0.6000000000000 0.0100000000000 0.9320279387452 0.3821506231350 21074.231500000  2666.687681392 12940.796000000   285.180400000   155.834184280   145.192567500    -475968  0.439367672624  0.439367672624  0.169343250000  0.060756875000  0.468513300000 18493.407   188.917     0.887515000     0.992783665  -54.67679
   0  8 0.9893452400000 0.6000000000000 0.0450000000000 0.6000000000000 0.0100000000000 0.8305714553322 0.1690003617869 23835.305500000  2547.360654394 14015.112000000   307.099700000   141.784781147   133.285185000    -565350  0.352728717855  0.352728717855  0.159959100000  0.066294062500  0.591917700000 21144.929   190.281     0.878544750     0.992309110  -55.77682
   0  8 0.9827284800000 0.6000000000000 0.0450000000000 0.6000000000000 0.0100000000000 0.9278935213719 0.2218925501489 22887.605500000  2649.437644411 14193.838000000   286.715300000   127.932004322   117.808165000    -922183  0.355032967994  0.355032967994  0.128696700000  0.102045500000  0.269197900000 19268.053   168.860     0.834233875     0.992123895  -52.77897
   0  9 0.9737858600000 0.6000000000000 0.0450000000000 0.6000000000000 0.0100000000000 0.8701738567665 0.2247791946185 25086.310000000  2240.928689387 12103.468000000   441.293700000   119.652315812   120.487595000    -456949  0.498809140614  0.498809140614  0.182775850000  0.118405562500  0.237768000000 18529.757   191.727     0.742686875     0.994416195  -51.70083
   0  6 0.9843651800000 0.6000000000000 0.0450000000000 0.6000000000000 0.0100000000000 0.5678315178446 0.1532009540318 25023.440500000  2666.534565139 14542.068000000   232.287200000   189.874303579   142.059340000    -759963  0.452479573626  0.452479573626  0.133700350000  0.100132000000  0.215886100000 23327.928   171.653     0.942335125     0.989360781  -50.93542
   0 10 0.9766764100000 0.6000000000000 0.0450000000000 0.6000000000000 0.0100000000000 0.8971616561290 0.2028101493326 22824.601000000  2768.886300939 14882.944000000   334.552400000   128.427944717   128.261270000    -198411  0.522047466317  0.522047466317  0.136711200000  0.077821500000  0.477786900000 19092.128   190.273     0.815784500     0.993290038  -54.69241
   0  6 0.9829445100000 0.6000000000000 0.0450000000000 0.6000000000000 0.0100000000000 0.8752461226660 0.2434202020340 23248.798000000  2833.417084421 14985.946000000   411.855700000   112.506414584   118.015612500    -405235  0.300314529469  0.300314529469  0.141886300000  0.122272875000  0.579251400000 20500.169   196.242     0.880461875     0.994429780  -53.84510
   0 11 0.9810184600000 0.6000000000000 0.0450000000000 0.6000000000000 0.0100000000000 0.8951163737994 0.1698285399776 19927.987000000  2805.755599492 13889.230000000   284.979500000   141.730329227   136.774937500    -809786  0.549942521519  0.549942521519  0.188204600000  0.094220000000  0.213311600000 18382.349   185.377     0.933913125     0.993107268  -52.16277
   0  7 0.9775408400000 0.6000000000000 0.0450000000000 0.6000000000000 0.0100000000000 0.6351630240145 0.1812681811070 21409.963000000  3246.841757825 15969.362000000   453.356800000    99.675730630   110.382597500    -280987  0.504342742451  0.504342742451  0.139789350000  0.060031375000  0.350425900000 19721.474   191.823     0.936853625     0.995353389  -54.14640
   0  8 0.9880571700000 0.6000000000000 0.0450000000000 0.6000000000000 0.0100000000000 0.6391467504793 0.1347448431849 26284.732000000  2723.942560448 15762.238000000   471.420300000   103.036010466   107.177155000    -249062  0.469129484789  0.469129484789  0.144464500000  0.114359687500  0.284907100000 21985.511   193.760     0.818178375     0.994480070  -52.23225
   0  6 0.9632484200000 0.6000000000000 0.0450000000000 0.6000000000000 0.0100000000000 0.7508983124847 0.2790439313597 23325.640000000  2805.249581675 14522.184000000   487.324700000   100.090695997   105.560182500    -378938  0.470192091122  0.470192091122  0.118878100000  0.064984500000  0.551196300000 19391.100   184.348     0.830699625     0.995315457  -55.97327
   0 11 0.9864884100000 0.6000000000000 0.0450000000000 0.6000000000000 0.0100000000000 0.8091290570474 0.1352454543131 25248.728500000  2135.913639054 12074.880000000   315.732800000   151.854545836   138.209455000    -575346  0.547647286946  0.547647286946  0.129740350000  0.072540187500  0.208355100000 19960.543   188.598     0.773005375     0.992091461  -54.49187
   0  7 0.9850666200000 0.6000000000000 0.0450000000000 0.6000000000000 0.0100000000000 0.5551556731515 0.1366172342497 23378.897500000  2604.826021605 13959.034000000   464.922600000   107.520152275   112.774175000    -371855  0.509498800380  0.509498800380  0.180760950000  0.073566125000  0.398219500000 20515.174   194.191     0.873316875     0.995031546  -55.54210
   0  7 0.9840943200000 0.6000000000000 0.0450000000000 0.6000000000000 0.0100000000000 0.8461715012866 0.2128318189519 21350.131000000  2434.204736704 12343.186000000   440.093800000   114.745624183   120.053460000    -245217  0.339802489290  0.339802489290  0.114887550000  0.183691375000  0.362810200000 17161.404   193.072     0.811778750     0.995209607  -50.18334
   0  7 0.9752221900000 0.6000000000000 0.0450000000000 0.6000000000000 0.0100000000000 0.7411482101118 0.2196218265771 25114.201000000  2787.564245611 15344.332000000   395.196900000   115.101838027   117.409942500    -945047  0.448618422589  0.448618422589  0.105932550000  0.062475625000  0.412112500000 21822.617   193.916     0.858603375     0.993754063  -54.79038
   0  6 0.9852401500000 0.6000000000000 0.0450000000000 0.6000000000000 0.0100000000000 0.5781998222725 0.1529610972464 24378.532000000  2411.883658304 12674.396000000   272.108400000   175.082126386   148.506560000    -967657  0.438127147013  0.438127147013  0.178568150000  0.114861687500  0.437065100000 21015.095   187.685     0.859158625     0.991146986  -52.82914
   0 10 0.9837677100000 0.6000000000000 0.0450000000000 0.6000000000000 0.0100000000000 0.8462021242389 0.1663188809117 23155.945000000  2811.943508544 15350.182000000   316.997500000   125.648869639   122.885055000    -600890  0.485541064142  0.485541064142  0.123388250000  0.057384062500  0.224803300000 20297.564   183.694     0.856731875     0.992788320  -55.54914
   0  6 0.9889293000000 0.6000000000000 0.0450000000000 0.6000000000000 0.0100000000000 0.4731652894445 0.1141391063594 22459.601500000  2578.956732094 13422.004000000   333.733300000   126.999133149   124.260455000    -287654  0.503886277207  0.503886277207  0.151038300000  0.050302937500  0.324738300000 18163.492   184.950     0.813613875     0.993333348  -56.57509
   0  9 0.9824288600000 0.6000000000000 0.0450000000000 0.6000000000000 0.0100000000000 0.9184146151600 0.2032089259888 24626.986000000  2578.244916670 14468.752000000   369.437100000   119.126822380   118.149317500    -405836  0.405647194343  0.405647194343  0.152061650000  0.052722937500  0.374992000000 18962.183   185.943     0.761092875     0.993424068  -54.77985
   0  8 0.9852480600000 0.6000000000000 0.0450000000000 0.6000000000000 0.0100000000000 0.7644927791756 0.1728861127761 24191.597500000  2420.838987185 13201.162000000   463.596400000   114.803591082   119.467225000     -44636  0.412310550860  0.412310550860  0.149993500000  0.065244562500  0.583192900000 20361.037   200.236     0.832215625     0.994843533  -56.28619
   0  7 0.9678472900000 0.6000000000000 0.0450000000000 0.6000000000000 0.0100000000000 0.8451961653760 0.2772475477299 23450.110000000  2672.214630994 14070.512000000   340.416500000   132.383920284   130.736112500     -85996  0.441492124758  0.441492124758  0.198979050000  0.060014875000  0.217999600000 20339.911   193.778     0.863681375     0.993248720  -53.97215
   0  7 0.9877257500000 0.6000000000000 0.0450000000000 0.6000000000000 0.0100000000000 0.6760476804609 0.1559102802316 21899.702500000  2394.035861284 12297.006000000   268.018200000   163.969222122   143.341107500     -30869  0.399810630606  0.399810630606  0.127852350000  0.122235062500  0.580757900000 18342.266   181.766     0.840000250     0.991912530  -54.04234
   0  8 0.9797286100000 0.6000000000000 0.0450000000000 0.6000000000000 0.0100000000000 0.7591547130279 0.1926350250469 23583.193000000  2458.473226530 13196.090000000   470.568400000   112.676939893   117.969820000    -839186  0.456996885015  0.456996885015  0.132447250000  0.075426687500  0.233178000000 20210.997   198.332     0.849457250     0.995063485  -56.92360
   0  6 0.9514728100000 0.6000000000000 0.0450000000000 0.6000000000000 0.0100000000000 0.7417703547527 0.3065409483234 19213.297000000  3106.422287376 14021.232000000   397.457500000   116.205656267   126.888307500    -623616  0.559524236564  0.559524236564  0.163520850000  0.098488375000  0.587071400000 17675.359   197.563     0.951701000     0.995280097  -51.40375
   0  7 0.9800180900000 0.6000000000000 0.0450000000000 0.6000000000000 0.0100000000000 0.5610688536550 0.1532417646896 23530.624000000  2503.573995109 13272.462000000   402.216000000   115.469438005   116.569427500    -516977  0.548372517988  0.548372517988  0.130605200000  0.078894125000  0.267041600000 19304.604   187.609     0.818449125     0.994236569  -56.87192
   0  8 0.9686679300000 0.6000000000000 0.0450000000000 0.6000000000000 0.0100000000000 0.7775738599222 0.2338939832475 21873.202000000  2434.921921283 12411.158000000   420.980800000   121.399483140   126.341007500    -608736  0.536384643629  0.536384643629  0.117044600000  0.055371750000  0.599212100000 19488.162   199.398     0.896288375     0.994906430  -55.75861
   0  7 0.9830866200000 0.6000000000000 0.0450000000000 0.6000000000000 0.0100000000000 0.7427607350221 0.1909175045291 23093.008000000  2620.181973405 13931.448000000   331.871800000   140.225513634   138.040195000    -929195  0.393709301939  0.393709301939  0.142143050000  0.097498187500  0.314882200000 18174.543   197.868     0.790060000     0.993133058  -52.84975
   0  7 0.9700917400000 0.6000000000000 0.0450000000000 0.6000000000000 0.0100000000000 0.8449792430103 0.2694155513442 24099.203500000  2517.959851007 13327.580000000   324.696700000   122.498937445   114.903770000    -136242  0.426571952478  0.426571952478  0.115229650000  0.078385250000  0.313914900000 19602.037   171.833     0.811317000     0.992720261  -53.71270
   0  6 0.9690167900000 0.6000000000000 0.0450000000000 0.6000000000000 0.0100000000000 0.9418266050481 0.3275981434098 22848.874000000  2245.766844156 10890.698000000   290.128000000   166.401395193   148.140512500    -291980  0.345065324799  0.345065324799  0.197276100000  0.060998437500  0.434491500000 18758.506   188.228     0.831139625     0.992278534  -51.56526
   0  6 0.9795216200000 0.6000000000000 0.0450000000000 0.6000000000000 0.0100000000000 0.5702770114507 0.1694499676319 22350.710500000  2524.677507004 12890.400000000   430.738500000   112.854092615   116.667447500    -863221  0.486458450341  0.486458450341  0.163454550000  0.056741000000  0.429887000000 21130.757   193.900     0.982031750     0.994889408  -54.68874
   0  8 0.9868680300000 0.6000000000000 0.0450000000000 0.6000000000000 0.0100000000000 0.6882959586815 0.1496494569951 21898.717000000  2648.374719857 13933.782000000   372.572200000   119.967309275   123.199070000    -425560  0.444989864754  0.444989864754  0.182186600000  0.054285562500  0.356903600000 19024.347   192.896     0.864782375     0.994185742  -55.46123
   0  7 0.9883102500000 0.6000000000000 0.0450000000000 0.6000000000000 0.0100000000000 0.7351430632077 0.1669481818971 23906.221000000  2434.849923479 13058.994000000   424.689600000   114.961232851   116.856045000    -531472  0.363978876170  0.363978876170  0.124888900000  0.078166312500  0.380753800000 18865.755   190.949     0.790885500     0.994426163  -56.18275
   0  7 0.9818977900000 0.6000000000000 0.0450000000000 0.6000000000000 0.0100000000000 0.7036081195141 0.1853256417536 21320.687500000  2641.085220683 13473.640000000   426.323900000   109.528651829   114.868312500    -833017  0.423928761581  0.423928761581  0.101919700000  0.052177625000  0.294005500000 18281.748   188.500     0.859957625     0.995068078  -56.08223
   0  8 0.9850319900000 0.6000000000000 0.0450000000000 0.6000000000000 0.0100000000000 0.8296531381457 0.1885685364706 21676.129000000  2474.788619279 12868.880000000   292.751200000   150.191977023   140.251430000    -357477  0.381378296912  0.381378296912  0.134866050000  0.104318125000  0.431662700000 19774.034   190.211     0.921546250     0.992684375  -54.42292
   0  9 0.9836120900000 0.6000000000000 0.0450000000000 0.6000000000000 0.0100000000000 0.6205911090429 0.1338520927708 21568.439500000  2454.913633080 12843.534000000   293.878400000   150.547071009   140.955932500    -370653  0.587611730072  0.587611730072  0.135655150000  0.212746500000  0.522848300000 18890.511   189.545     0.871799875     0.992754971  -50.27040
   0  6 0.9635798300000 0.6000000000000 0.0450000000000 0.6000000000000 0.0100000000000 0.7572916045882 0.2804356497034 23508.349000000  2618.916849779 13500.124000000   439.942100000   109.062194481   112.095932500    -355469  0.464040880247  0.464040880247  0.133427750000  0.084298875000  0.340176100000 20206.681   186.927     0.859054625     0.994769805  -56.89353
   0  9 0.9885601700000 0.6000000000000 0.0450000000000 0.6000000000000 0.0100000000000 0.7388583700659 0.1410141501415 21239.741500000  2850.484454524 14734.466000000   356.657200000   119.463893105   124.114270000    -313791  0.450693053598  0.450693053598  0.116375250000  0.055248562500  0.404111000000 19425.111   193.403     0.919297250     0.994102206  -55.07723
   0  6 0.9889829800000 0.6000000000000 0.0450000000000 0.6000000000000 0.0100000000000 0.7572817030949 0.1824068045274 19406.833000000  2614.540833819 12653.708000000   372.092500000   119.351171634   124.119827500    -172398  0.314556956492  0.314556956492  0.127925550000  0.089822000000  0.558440100000 17302.290   190.843     0.908907625     0.994833152  -53.62556
   0 10 0.9738788700000 0.6000000000000 0.0450000000000 0.6000000000000 0.0100000000000 0.8879141882049 0.2101472847334 22434.073000000  2406.216439331 12783.628000000   278.303900000   155.331950642   139.027805000    -872968  0.554925226473  0.554925226473  0.168202400000  0.054609000000  0.239284700000 18734.506   180.394     0.820992250     0.992081788  -55.30354
   0  7 0.9781085700000 0.6000000000000 0.0450000000000 0.6000000000000 0.0100000000000 0.7104324903010 0.2007910258542 20611.060000000  2857.074760342 14163.258000000   437.655100000   108.693638979   117.609817500    -709305  0.446782013639  0.446782013639  0.109009700000  0.072404875000  0.212520200000 19397.390   196.219     0.979471000     0.995364999  -52.36479
   0  6 0.9769113100000 0.6000000000000 0.0450000000000 0.6000000000000 0.0100000000000 0.8775874012417 0.2727088140429 22354.369000000  2620.533542166 13426.080000000   429.226700000   112.657553449   117.475397500    -167941  0.329114437931  0.329114437931  0.215241800000  0.230163625000  0.406534600000 20187.452   193.908     0.911737750     0.994877229  -46.71398
   0  6 0.9823614200000 0.6000000000000 0.0450000000000 0.6000000000000 0.0100000000000 0.8319403875947 0.2341543636814 26452.442500000  2580.618396464 14234.604000000   330.639700000   134.327996819   126.175095000    -378300  0.318892297608  0.318892297608  0.121429900000  0.068209312500  0.342354700000 22353.031   189.109     0.835544750     0.992108120  -55.12039
   0  9 0.9684583800000 0.6000000000000 0.0450000000000 0.6000000000000 0.0100000000000 0.8429028178447 0.2346278420435 21797.521000000  2276.674407738 11553.564000000   346.952300000   130.222954914   126.968127500    -871635  0.564237251904  0.564237251904  0.155094750000  0.121781750000  0.230008900000 19257.899   185.297     0.886887875     0.993841451  -52.48265
   0  6 0.9584943800000 0.6000000000000 0.0450000000000 0.6000000000000 0.0100000000000 0.8473275306185 0.3299833422341 25875.925000000  2578.965571033 13672.968000000   436.475900000   110.014567147   110.252175000    -436962  0.445293436557  0.445293436557  0.135669950000  0.066234937500  0.382152000000 21258.197   184.912     0.817598250     0.994204503  -56.19503
   0  6 0.9630149300000 0.6000000000000 0.0450000000000 0.6000000000000 0.0100000000000 0.6546306329150 0.2438658867471 22204.357000000  2695.061996607 13583.028000000   449.262200000   106.609705885   111.552922500    -227072  0.541119490558  0.541119490558  0.148096050000  0.086506562500  0.395883000000 20576.348   188.359     0.948239125     0.995163144  -55.13715
   0  6 0.9713505100000 0.6000000000000 0.0450000000000 0.6000000000000 0.0100000000000 0.7999230093576 0.2699410593698 24537.616000000  2468.900804538 12862.344000000   383.012200000   120.879383141   119.048950000    -267708  0.392582322868  0.392582322868  0.168100500000  0.058194750000  0.568924800000 22211.928   189.028     0.909479000     0.993713409  -55.31411
   0  9 0.9789513100000 0.6000000000000 0.0450000000000 0.6000000000000 0.0100000000000 0.7299274229526 0.1729288357394 23132.738500000  2454.949183433 13221.864000000   347.583600000   120.272285947   116.738395000    -594393  0.543144667953  0.543144667953  0.124165650000  0.081789812500  0.595792300000 20463.530   179.853     0.876629125     0.993447101  -55.96053
   0 11 0.9793309100000 0.6000000000000 0.0450000000000 0.6000000000000 0.0100000000000 0.9129164538864 0.1791588796160 25226.872000000  2492.141961645 14373.090000000   342.273400000   127.384849210   122.446630000    -284192  0.556799126625  0.556799126625  0.102527500000  0.072232687500  0.244617300000 22091.555   186.936     0.846758375     0.992741602  -55.26500
   0  6 0.9678755700000 0.6000000000000 0.0450000000000 0.6000000000000 0.0100000000000 0.8256978643712 0.2912575129023 26578.856500000  2649.350851036 14460.110000000   412.455400000   110.451761863   109.463107500    -871677  0.400185812179  0.400185812179  0.176560500000  0.053530437500  0.467206000000 21392.060   183.813     0.800162500     0.993684391  -54.13704
   0  6 0.9896901100000 0.6000000000000 0.0450000000000 0.6000000000000 0.0100000000000 0.5934644491123 0.1401548861559 23869.622500000  2338.546133187 12122.378000000   299.286100000   149.201363757   135.203205000    -866151  0.396668055506  0.396668055506  0.152975550000  0.052165625000  0.340198200000 18293.963   183.314     0.778100000     0.992094973  -55.38097
   0  6 0.9897356700000 0.6000000000000 0.0450000000000 0.6000000000000 0.0100000000000 0.7562055766565 0.1783571366546 22495.795000000  2453.463666881 12651.344000000   325.256300000   138.937112807   134.098302500     -50029  0.311064349752  0.311064349752  0.123926850000  0.072630125000  0.317329500000 19979.557   193.516     0.891895125     0.993144574  -56.21858
   0 10 0.9885976500000 0.6000000000000 0.0450000000000 0.6000000000000 0.0100000000000 0.9877394381727 0.1718764569770 22521.715000000  2180.134820145 11620.678000000   404.149600000   123.169079509   124.242482500    -721846  0.379629515425  0.379629515425  0.132646300000  0.081969625000  0.516589900000 17429.571   191.342     0.771249000     0.994480977  -53.50679
   0  7 0.9713683900000 0.6000000000000 0.0450000000000 0.6000000000000 0.0100000000000 0.7340083816940 0.2300707567993 22661.966500000  2755.082892003 14339.884000000   476.983300000   101.665881357   107.574792500    -235060  0.481397151049  0.481397151049  0.112256200000  0.067383375000  0.303551100000 19108.783   186.002     0.840780875     0.995337779  -56.06961
   0  6 0.9843576000000 0.6000000000000 0.0450000000000 0.6000000000000 0.0100000000000 0.7025455286825 0.1895784576081 22387.984000000  2442.968262087 12458.386000000   498.421200000    98.512317353   100.419625000    -795814  0.365760683264  0.365760683264  0.148907700000  0.112110062500  0.351405300000 20794.374   177.573     0.949612875     0.995563868  -51.52039
   0 12 0.9885338700000 0.6000000000000 0.0450000000000 0.6000000000000 0.0100000000000 0.9300530370994 0.1323503167326 25191.718000000  2085.922411544 11956.340000000   326.553800000   142.507956776   131.093872500    -190966  0.523245448070  0.523245448070  0.170837900000  0.118989312500  0.248035200000 18862.680   183.325     0.734092500     0.992360123  -51.33778
   0  7 0.9607243100000 0.6000000000000 0.0450000000000 0.6000000000000 0.0100000000000 0.8744322382307 0.3102710779763 22235.272000000  2810.068339161 14307.520000000   331.494000000   118.804611974   117.207045000    -650803  0.475132838716  0.475132838716  0.155459250000  0.056112812500  0.271391700000 18702.190   176.702     0.840491500     0.993439450  -54.52471
   0  6 0.9788794600000 0.6000000000000 0.0450000000000 0.6000000000000 0.0100000000000 0.7169418263771 0.2154794117170 20665.438000000  3009.099448183 14724.774000000   353.504400000   110.755693000   114.664700000    -276722  0.390824841932  0.390824841932  0.159916450000  0.059046500000  0.431103900000 18043.858   179.902     0.881095125     0.994244281  -53.89949
   0  7 0.9712568100000 0.6000000000000 0.0450000000000 0.6000000000000 0.0100000000000 0.8719334529121 0.2737185180266 24701.654500000  2482.794627062 13246.654000000   379.936700000   133.342522435   133.587467500    -354249  0.405955192110  0.405955192110  0.104477050000  0.099450125000  0.557984300000 20475.784   202.810     0.824051875     0.993620382  -53.27071
   0  6 0.9674669100000 0.6000000000000 0.0450000000000 0.6000000000000 0.0100000000000 0.8941155445099 0.3169400539314 23595.640000000  2704.926119912 14103.178000000   338.317700000   127.438615105   124.928752500    -845379  0.371757705497  0.371757705497  0.118366600000  0.105004562500  0.551084600000 20839.937   188.229     0.883262250     0.993165535  -55.39895
   0  7 0.9731272900000 0.6000000000000 0.0450000000000 0.6000000000000 0.0100000000000 0.8650150749345 0.2645122488447 27356.510500000  2695.171786042 15305.592000000   438.458000000   104.007012445   103.982372500    -866704  0.397365308486  0.397365308486  0.193845650000  0.051806187500  0.550445600000 20557.043   181.956     0.751518375     0.993873186  -51.07738
   0  6 0.9708308000000 0.6000000000000 0.0450000000000 0.6000000000000 0.0100000000000 0.7172035588909 0.2437124538199 20626.031500000  2961.706786867 14400.016000000   494.988200000   100.398192222   110.216587500    -855591  0.441235807869  0.441235807869  0.142809150000  0.086685437500  0.489263800000 18005.054   189.296     0.881657500     0.995911814  -54.69354
   0  6 0.9580512100000 0.6000000000000 0.0450000000000 0.6000000000000 0.0100000000000 0.8176630764288 0.3197291320427 24244.409500000  2817.052213234 14773.006000000   409.324300000   103.779317013   104.804915000    -702842  0.464276601721  0.464276601721  0.124719600000  0.130370875000  0.339816500000 21628.316   178.372     0.891558875     0.994210265  -52.66626
   0  6 0.9721048400000 0.6000000000000 0.0450000000000 0.6000000000000 0.0100000000000 0.8864160784079 0.2960673083827 23440.592500000  2488.845896237 12787.784000000   470.714700000   110.103184312   114.096145000    -464305  0.350334994508  0.350334994508  0.103802350000  0.073026750000  0.532209100000 19385.404   190.820     0.828930750     0.995111971  -56.66148
   0  7 0.9515393200000 0.6000000000000 0.0450000000000 0.6000000000000 0.0100000000000 0.8918199705255 0.3432470773064 24230.680000000  2715.379052591 14283.170000000   486.555300000   103.906123572   108.746677500    -861401  0.532453872754  0.532453872754  0.135033850000  0.073941875000  0.268787200000 20939.202   188.795     0.859153750     0.995137504  -56.81730
   0  7 0.9611184400000 0.6000000000000 0.0450000000000 0.6000000000000 0.0100000000000 0.9566722967788 0.3381158729972 25862.546500000  2231.566261059 11388.722000000   409.074300000   123.161088774   119.809547500    -631381  0.431754177584  0.431754177584  0.134591200000  0.072212750000  0.511631300000 20524.823   185.375     0.798882250     0.993815796  -53.96337
   0  7 0.9892945700000 0.6000000000000 0.0450000000000 0.6000000000000 0.0100000000000 0.5046955398297 0.1115657827749 24144.914500000  2677.394114381 14694.640000000   409.092800000   104.697336285   105.671365000    -210753  0.521190316071  0.521190316071  0.111122600000  0.070597687500  0.528084900000 21117.994   181.737     0.866372375     0.994151787  -55.26660
   0  6 0.9840456600000 0.6000000000000 0.0450000000000 0.6000000000000 0.0100000000000 0.7314776401848 0.1987374043578 25705.676500000  2479.997746904 13398.222000000   315.692700000   152.623507355   141.067017500    -573658  0.353061264484  0.353061264484  0.163848500000  0.056648562500  0.432643300000 19169.634   194.499     0.756453250     0.991959788  -52.89214
   0  9 0.9844169200000 0.6000000000000 0.0450000000000 0.6000000000000 0.0100000000000 0.7160780102080 0.1516765694012 22937.650000000  2672.164567718 14499.002000000   461.784100000    99.346911512   103.465427500    -659440  0.501862882121  0.501862882121  0.151511800000  0.053795625000  0.496132600000 19131.442   180.759     0.820675250     0.995094178  -54.87754
   0 10 0.9835969000000 0.6000000000000 0.0450000000000 0.6000000000000 0.0100000000000 0.7759395218727 0.1530974901593 22006.325500000  2052.789308500 10468.598000000   328.599000000   145.259474900   137.761475000    -242162  0.531203998465  0.531203998465  0.126336850000  0.070414000000  0.582073600000 17668.189   188.470     0.804127000     0.993389011  -51.19014
   0  7 0.9765434900000 0.6000000000000 0.0450000000000 0.6000000000000 0.0100000000000 0.7954728270478 0.2308105779939 21374.215000000  2699.877697378 13705.224000000   321.591700000   125.771625612   123.834802500    -678319  0.409230227794  0.409230227794  0.125378750000  0.060369500000  0.350194300000 18746.954   182.269     0.881026125     0.993463590  -56.36028
   0  9 0.9656568600000 0.6000000000000 0.0450000000000 0.6000000000000 0.0100000000000 0.8380380944496 0.2414898279121 27373.129000000  2349.648202898 13210.750000000   407.058200000   118.507242862   114.840265000    -792736  0.595007786389  0.595007786389  0.155522150000  0.070056125000  0.566554800000 21494.717   184.708     0.772804250     0.993414046  -54.58275
   0  6 0.9728507900000 0.6000000000000 0.0450000000000 0.6000000000000 0.0100000000000 0.7538466982074 0.2491758427808 26152.823500000  2677.115003821 14649.590000000   411.834000000   114.292569145   115.086550000    -318073  0.407392174807  0.407392174807  0.152653750000  0.069547375000  0.541666700000 21873.802   191.921     0.828211125     0.993764816  -55.24040
   0 10 0.9721592500000 0.6000000000000 0.0450000000000 0.6000000000000 0.0100000000000 0.9322627597589 0.2264864164640 23570.759500000  2713.159249460 14807.820000000   494.696500000   103.659475730   110.801067500    -752247  0.545126491226  0.545126491226  0.170806200000  0.103382312500  0.381733400000 20896.905   194.742     0.868777250     0.995323003  -54.28176
   0  8 0.9813851100000 0.6000000000000 0.0450000000000 0.6000000000000 0.0100000000000 0.7543890349187 0.1854214053745 23482.685500000  2472.782184712 13293.416000000   430.301600000   108.480221800   110.026950000    -756150  0.446973717795  0.446973717795  0.127360000000  0.075580812500  0.389434300000 20753.794   184.991     0.878455125     0.994619725  -56.74073
   0  6 0.9853658400000 0.6000000000000 0.0450000000000 0.6000000000000 0.0100000000000 0.7020095119025 0.1851789598096 22513.547500000  2679.270405792 13958.556000000   483.752500000   101.716768904   107.289280000    -302728  0.360122148604  0.360122148604  0.160077050000  0.064486000000  0.515038200000 19725.004   187.832     0.877325500     0.995400814  -56.63775
   0  7 0.9853498300000 0.6000000000000 0.0450000000000 0.6000000000000 0.0100000000000 0.9205443943691 0.2250577981098 22450.705000000  2359.784773283 12157.270000000   366.831800000   125.196864776   124.043842500    -517185  0.305793874239  0.305793874239  0.158447650000  0.064972937500  0.578119700000 19151.490   188.928     0.853959375     0.993951902  -56.27869
   0  8 0.9850200000000 0.6000000000000 0.0450000000000 0.6000000000000 0.0100000000000 0.5987127302250 0.1361168408567 23828.744500000  2373.894029774 12789.108000000   242.299100000   193.798336396   148.861167500    -491927  0.528598338542  0.528598338542  0.124906900000  0.072540125000  0.370053400000 17919.806   172.705     0.758280375     0.990283397  -52.97855
   0 12 0.9883452500000 0.6000000000000 0.0450000000000 0.6000000000000 0.0100000000000 0.8367378085948 0.1197257840441 23442.172000000  2176.850139386 12197.104000000   328.527800000   141.465154515   134.064470000    -973072  0.583778040471  0.583778040471  0.218465950000  0.082192812500  0.261614100000 20297.579   190.555     0.844154625     0.992934362  -52.19759
   0  7 0.9857388700000 0.6000000000000 0.0450000000000 0.6000000000000 0.0100000000000 0.6998176073295 0.1695397103274 24315.878500000  2748.884027948 15089.346000000   247.544000000   153.183116998   128.155190000    -631411  0.399594028706  0.399594028706  0.134248200000  0.131985937500  0.557754000000 21792.739   168.554     0.890701000     0.990290395  -51.20168
   0  8 0.9739138600000 0.6000000000000 0.0450000000000 0.6000000000000 0.0100000000000 0.8736492797256 0.2443713642710 23426.876500000  2890.106528826 15451.264000000   238.086400000   186.443737870   148.733832500    -706621  0.438010489865  0.438010489865  0.135801100000  0.122326250000  0.300786100000 19996.225   175.870     0.843059375     0.990334496  -52.32208
   0  7 0.9687497600000 0.6000000000000 0.0450000000000 0.6000000000000 0.0100000000000 0.7960348540638 0.2582179539997 21976.531000000  2724.327277005 13911.352000000   339.501100000   125.347001965   125.283035000    -728888  0.462296597518  0.462296597518  0.177449400000  0.109798625000  0.356757200000 18014.848   186.023     0.821594750     0.993653967  -53.14852
   0  8 0.9792035000000 0.6000000000000 0.0450000000000 0.6000000000000 0.0100000000000 0.7912114713673 0.2027223282893 22387.336000000  2670.366210900 14076.840000000   443.879000000   106.119669813   111.284667500    -635787  0.442433826915  0.442433826915  0.115567500000  0.053179125000  0.495933000000 19432.338   188.108     0.862883250     0.995033394  -57.27017
   0  8 0.9813175100000 0.6000000000000 0.0450000000000 0.6000000000000 0.0100000000000 0.9162647583222 0.2255112750513 22820.267500000  2694.143673476 14386.334000000   345.909700000   112.817824642   111.045857500    -776846  0.368436961085  0.368436961085  0.164899200000  0.060106312500  0.438267500000 18494.593   174.033     0.805468250     0.993496138  -52.76218
   0  8 0.9821803600000 0.6000000000000 0.0450000000000 0.6000000000000 0.0100000000000 0.8992484025346 0.2175039395011 26718.595000000  2395.044200657 13490.538000000   342.007500000   135.383823941   127.137582500    -228536  0.369846453644  0.369846453644  0.140001000000  0.062494562500  0.465110000000 21008.454   188.843     0.778359125     0.992294469  -55.12932
   0  8 0.9842754700000 0.6000000000000 0.0450000000000 0.6000000000000 0.0100000000000 0.8815499076187 0.2038502743419 23141.932000000  2429.246424741 12979.704000000   425.482700000   108.542583832   109.563565000    -471738  0.363733190000  0.363733190000  0.169460950000  0.104155187500  0.525063400000 21322.023   184.491     0.929636250     0.994628671  -53.56678
   0  6 0.9620686500000 0.6000000000000 0.0450000000000 0.6000000000000 0.0100000000000 0.9471843232122 0.3563095060967 23228.885500000  2227.650499702 10706.124000000   250.504900000   189.124342462   148.846835000    -396973  0.379004974905  0.379004974905  0.235273050000  0.072937750000  0.573029000000 21161.111   175.662     0.930264625     0.990927442  -47.78474
   0  6 0.9633272700000 0.6000000000000 0.0450000000000 0.6000000000000 0.0100000000000 0.6206557173977 0.2304525580834 26901.547000000  2236.809237049 11270.014000000   306.958500000   162.398656321   142.189405000    -318910  0.568226337844  0.568226337844  0.128296650000  0.088914875000  0.362681500000 21149.684   186.485     0.794349500     0.991422535  -51.53691
 
  COND2           1      633035  2.922825949805397E+044  1.816121247879401E+042
  6.213579867799926E-003         100
    633035  11253444    482400         0     15805         0         0         0         0         0   1462058         0         0   4253258    633035
 PARAMETER FILE GP01C.PAR   
