  Aa Am            MSYL            MSYR           MORTJ           MORTA             K1+           PInit      ISEED   PTarget           CVADD              AR        PREG-MAX           GAMMA              P0   SSTILDA     LIKEL
   0  8 0.9775716400000 0.6000000000000 0.0450000000000 0.6000000000000 0.0450000000000 0.6637745254446 0.6637745254446 23864.357500000  2535.806766459 13768.276000000   201.527200000    23.115889439    51.935897500    -790846  0.542205631085  0.542205631085  0.188607750000  0.093953875000  0.321182900000 21783.744   187.023     0.913064875     1.000000000  -54.53124
   0  9 0.9883002300000 0.6000000000000 0.0450000000000 0.6000000000000 0.0450000000000 0.5718737876777 0.5718737876777 22842.340000000  2218.740249263 11800.882000000   220.335300000    22.293319314    49.074305000    -177908  0.585112837721  0.585112837721  0.111963750000  0.074839875000  0.515388900000 20679.664   202.549     0.905833125     1.000000000  -54.01984
   0  9 0.9751357400000 0.6000000000000 0.0450000000000 0.6000000000000 0.0450000000000 0.7345416599168 0.7345416599168 25094.491000000  2444.067617414 13638.468000000   192.984000000    22.602182171    48.667080000     -20615  0.577200482400  0.577200482400  0.131560650000  0.063358187500  0.555936400000 20515.327   176.796     0.801320875     1.000000000  -57.51930
   0  6 0.9719872100000 0.6000000000000 0.0450000000000 0.6000000000000 0.0450000000000 0.9430686014292 0.9430686014292 24907.273000000  2437.896943833 12769.446000000   214.920000000    23.263667733    47.744925000    -393107  0.329865440992  0.329865440992  0.168008450000  0.137311937500  0.543984100000 22717.839   196.002     0.916739125     1.000000000  -52.84107
   0  6 0.9775938000000 0.6000000000000 0.0450000000000 0.6000000000000 0.0450000000000 0.5809006916906 0.5809006916906 23446.303000000  2607.544018203 13698.302000000   210.126300000    23.926593142    54.497385000    -891043  0.492025003529  0.492025003529  0.147468150000  0.068925437500  0.452719800000 20670.301   196.945     0.880646000     1.000000000  -55.51130
   0  6 0.9754480800000 0.6000000000000 0.0450000000000 0.6000000000000 0.0450000000000 0.8655069522295 0.8655069522295 20454.163000000  3128.029754394 15048.196000000   185.600200000    23.327978210    46.638300000    -816545  0.341233230204  0.341233230204  0.138037850000  0.080589687500  0.583047700000 17744.681   170.473     0.874934000     1.000000000  -51.72261
   0  8 0.9781493500000 0.6000000000000 0.0450000000000 0.6000000000000 0.0450000000000 0.6219485414285 0.6219485414285 23578.549000000  2533.935913128 13689.534000000   193.274800000    23.348877626    53.517737500    -847964  0.573030947051  0.573030947051  0.113751650000  0.071006062500  0.569274700000 20597.233   180.080     0.865144000     1.000000000  -57.92788
   0  8 0.9842419200000 0.6000000000000 0.0450000000000 0.6000000000000 0.0450000000000 0.8732849021212 0.8732849021212 22223.554000000  2929.890529495 15381.796000000   197.301400000    23.045730173    51.357527500    -886085  0.367391848806  0.367391848806  0.121072550000  0.092247875000  0.381044300000 19704.415   183.540     0.881484875     1.000000000  -55.50799
   0  9 0.9846155700000 0.6000000000000 0.0450000000000 0.6000000000000 0.0450000000000 0.7276319214562 0.7276319214562 24530.420500000  2534.124325156 14264.664000000   201.158900000    22.481523371    49.066895000    -502755  0.492110149349  0.492110149349  0.129449200000  0.051442562500  0.360760200000 21936.297   185.414     0.880066375     1.000000000  -58.71260
   0  8 0.9795022100000 0.6000000000000 0.0450000000000 0.6000000000000 0.0450000000000 0.6913679871020 0.6913679871020 25478.269000000  2488.411965988 13898.654000000   215.563600000    22.737733596    49.282630000     -86744  0.503751010663  0.503751010663  0.121744000000  0.052843500000  0.263502000000 21970.180   197.956     0.847911000     1.000000000  -57.79189
   0 11 0.9801003900000 0.6000000000000 0.0450000000000 0.6000000000000 0.0450000000000 0.9447410570611 0.9447410570611 23595.680500000  2569.172165673 14362.104000000   225.280600000    21.200432606    43.220860000     -30696  0.530240622131  0.530240622131  0.133654000000  0.050658937500  0.408248400000 20160.910   197.101     0.825824250     1.000000000  -59.16869
   0  6 0.9873265600000 0.6000000000000 0.0450000000000 0.6000000000000 0.0450000000000 0.5635603817995 0.5635603817995 22816.717000000  2566.726842122 13459.846000000   195.218100000    23.677001768    51.497505000    -771725  0.434445360304  0.434445360304  0.136264700000  0.114596187500  0.547584000000 18514.839   182.579     0.814189125     1.000000000  -56.07174
   0  7 0.9642875400000 0.6000000000000 0.0450000000000 0.6000000000000 0.0450000000000 0.7741892081352 0.7741892081352 26134.774000000  2313.148976978 12184.340000000   171.424300000    24.725132740    59.915200000    -725441  0.508802675974  0.508802675974  0.141886650000  0.053966312500  0.240625300000 19917.445   160.362     0.768342125     1.000000000  -52.21080
   0  6 0.9895547700000 0.6000000000000 0.0450000000000 0.6000000000000 0.0450000000000 0.7676396707000 0.7676396707000 23429.009500000  2356.978176769 12222.698000000   166.682200000    36.189447484   122.680760000    -893329  0.307361513358  0.307361513358  0.127641250000  0.056958062500  0.492998900000 21321.377   161.642     0.915840000     1.000000000  -52.52156
   0 10 0.9836163900000 0.6000000000000 0.0450000000000 0.6000000000000 0.0450000000000 0.9326826200599 0.9326826200599 25368.149500000  2156.929246402 11998.852000000   209.835600000    22.051700910    48.454400000    -712041  0.441770693294  0.441770693294  0.151965900000  0.050947750000  0.257475500000 22993.849   191.860     0.898626375     1.000000000  -55.85435
   0  9 0.9767540400000 0.6000000000000 0.0450000000000 0.6000000000000 0.0450000000000 0.8991576141909 0.8991576141909 21697.040500000  2443.239887229 12736.972000000   272.324000000    21.515708921    41.831745000    -291847  0.458357587012  0.458357587012  0.124521600000  0.106677500000  0.405101300000 18524.488   223.942     0.847082625     1.000000000  -55.12243
   0  6 0.9687904900000 0.6000000000000 0.0450000000000 0.6000000000000 0.0450000000000 0.9463063491053 0.9463063491053 26052.046000000  2462.320771596 13094.138000000   207.144900000    23.835037901    52.859417500    -575743  0.344567309757  0.344567309757  0.218460550000  0.060831125000  0.274829100000 22661.260   193.015     0.863526000     1.000000000  -53.23279
   0  7 0.9753510500000 0.6000000000000 0.0450000000000 0.6000000000000 0.0450000000000 0.6437793789207 0.6437793789207 21550.430500000  2453.789047013 12415.366000000   243.329800000    22.312939461    42.411415000    -697214  0.515408929251  0.515408929251  0.101215500000  0.060152437500  0.575324400000 18928.646   207.008     0.883294625     1.000000000  -56.96966
   0  7 0.9824923900000 0.6000000000000 0.0450000000000 0.6000000000000 0.0450000000000 0.8860889108659 0.8860889108659 22557.274000000  2453.904008892 12800.784000000   186.419900000    23.989738651    56.398342500    -356865  0.333313983468  0.333313983468  0.145977450000  0.066769750000  0.487856000000 19056.543   174.933     0.843515000     1.000000000  -57.19877
   0  7 0.9725761600000 0.6000000000000 0.0450000000000 0.6000000000000 0.0450000000000 0.9612332821775 0.9612332821775 21638.653000000  2931.171874134 14858.482000000   239.724200000    22.675641834    46.096622500    -243716  0.360706668294  0.360706668294  0.125738600000  0.050269312500  0.352806900000 18273.999   212.615     0.843895875     1.000000000  -55.94997
   0  6 0.9565926600000 0.6000000000000 0.0450000000000 0.6000000000000 0.0450000000000 0.9460100309438 0.9460100309438 22894.436500000  2587.385535126 13094.450000000   163.101800000    27.549803213    77.337475000    -367114  0.409400552380  0.409400552380  0.144614350000  0.058048312500  0.214624900000 20468.198   153.145     0.899627625     1.000000000  -50.75024
   0  7 0.9891466000000 0.6000000000000 0.0450000000000 0.6000000000000 0.0450000000000 0.5123410718075 0.5123410718075 27056.986000000  2329.617299078 12931.422000000   184.909000000    23.469377401    51.683925000    -498787  0.514737304437  0.514737304437  0.170455050000  0.057709250000  0.303847300000 23780.940   172.921     0.866478375     1.000000000  -54.23502
   0  6 0.9806989500000 0.6000000000000 0.0450000000000 0.6000000000000 0.0450000000000 0.8584303484710 0.8584303484710 24646.318000000  2439.597503061 12890.762000000   202.427300000    24.309938494    57.886972500    -616502  0.317271573709  0.317271573709  0.132080350000  0.121511375000  0.490499800000 21699.942   190.827     0.877147625     1.000000000  -53.38754
   0  6 0.9665680000000 0.6000000000000 0.0450000000000 0.6000000000000 0.0450000000000 0.6126214413045 0.6126214413045 27925.549000000  2471.101535469 13417.878000000   212.289900000    23.181543251    46.481487500    -540925  0.549661913861  0.549661913861  0.152565750000  0.059694375000  0.408259200000 20383.425   191.913     0.741136500     1.000000000  -55.70755
   0  8 0.9786384200000 0.6000000000000 0.0450000000000 0.6000000000000 0.0450000000000 0.5985288715765 0.5985288715765 22961.045500000  2428.798016418 12872.158000000   224.204400000    22.152237091    43.391907500     -96648  0.590524381449  0.590524381449  0.135233800000  0.056230375000  0.543509500000 21015.435   196.946     0.921480000     1.000000000  -57.99582
   0  7 0.9532585900000 0.6000000000000 0.0450000000000 0.6000000000000 0.0450000000000 0.8995937597316 0.8995937597316 24091.252000000  2520.836028222 13124.774000000   199.939800000    23.076139893    46.930540000    -416744  0.515016198520  0.515016198520  0.121952150000  0.067710375000  0.234518000000 20694.322   180.856     0.855465625     1.000000000  -57.76665
   0  6 0.9894314900000 0.6000000000000 0.0450000000000 0.6000000000000 0.0450000000000 0.4347866642590 0.4347866642590 22986.574000000  2589.033984514 13683.074000000   207.768100000    23.101090659    46.599690000    -507916  0.543784698560  0.543784698560  0.131118800000  0.054328625000  0.233094200000 19469.345   190.583     0.845100750     1.000000000  -59.82970
   0 11 0.9797950600000 0.6000000000000 0.0450000000000 0.6000000000000 0.0450000000000 0.8699456101567 0.8699456101567 25241.465500000  2606.934153506 15112.398000000   216.887300000    21.551141076    46.472322500    -619934  0.579179055763  0.579179055763  0.125672850000  0.059710500000  0.308831900000 22211.519   194.930     0.848421375     1.000000000  -57.89854
   0  7 0.9824924100000 0.6000000000000 0.0450000000000 0.6000000000000 0.0450000000000 0.9616382302941 0.9616382302941 22777.013500000  2431.326277402 12708.394000000   176.326000000    24.797490501    62.467912500    -783760  0.307127687950  0.307127687950  0.125806500000  0.068453437500  0.241171200000 19785.216   165.554     0.867143250     1.000000000  -55.76065
   0  7 0.9825238100000 0.6000000000000 0.0450000000000 0.6000000000000 0.0450000000000 0.6350827421099 0.6350827421099 21478.097500000  2257.577980765 11228.594000000   235.850200000    22.410386334    43.631270000    -131545  0.464807626603  0.464807626603  0.110971600000  0.059852750000  0.535585800000 19102.210   206.287     0.898952250     1.000000000  -55.22941
   0  8 0.9657731600000 0.6000000000000 0.0450000000000 0.6000000000000 0.0450000000000 0.9535040356966 0.9535040356966 24166.096000000  2455.857192599 13123.110000000   218.329500000    22.659835811    47.621555000    -415810  0.458305859844  0.458305859844  0.157578250000  0.054417937500  0.396585800000 20804.253   197.004     0.852745375     1.000000000  -58.85333
   0  9 0.9744992000000 0.6000000000000 0.0450000000000 0.6000000000000 0.0450000000000 0.9055574895070 0.9055574895070 26834.614000000  2304.853741497 12987.040000000   241.521900000    21.596069201    41.170175000    -244048  0.473415993581  0.473415993581  0.106260650000  0.055120000000  0.510173400000 22995.861   202.773     0.838647500     1.000000000  -55.05558
   0  6 0.9680517200000 0.6000000000000 0.0450000000000 0.6000000000000 0.0450000000000 0.9247730364975 0.9247730364975 24275.648500000  2328.962792832 11784.176000000   238.228100000    22.838027352    44.135215000    -510097  0.356400057975  0.356400057975  0.147908800000  0.082242312500  0.301747500000 20392.245   206.788     0.841300625     1.000000000  -56.54509
   0  7 0.9787830500000 0.6000000000000 0.0450000000000 0.6000000000000 0.0450000000000 0.8904995403275 0.8904995403275 21221.516500000  2783.066223117 14131.926000000   180.456600000    33.973024247   120.885622500    -300631  0.352552969032  0.352552969032  0.122484000000  0.145999062500  0.362153300000 18200.853   170.549     0.859030250     1.000000000  -50.32485
   0  9 0.9895283600000 0.6000000000000 0.0450000000000 0.6000000000000 0.0450000000000 0.8302306545465 0.8302306545465 24334.279000000  2319.936197046 12894.770000000   186.546300000    23.544419679    58.519130000    -487544  0.393916660098  0.393916660098  0.127398750000  0.118782125000  0.238952200000 20775.087   175.119     0.838499500     1.000000000  -55.12395
   0 10 0.9780500400000 0.6000000000000 0.0450000000000 0.6000000000000 0.0450000000000 0.8376152362696 0.8376152362696 24083.192500000  2667.332219568 14905.866000000   235.945900000    21.559144280    44.362617500    -848036  0.545304220691  0.545304220691  0.168190400000  0.052432562500  0.359897400000 21156.316   206.857     0.855999875     1.000000000  -57.35742
   0  6 0.9891729600000 0.6000000000000 0.0450000000000 0.6000000000000 0.0450000000000 0.7647449325452 0.7647449325452 22752.106000000  2735.601184048 14464.224000000   244.098500000    22.606602872    42.925012500    -265242  0.310501276608  0.310501276608  0.123819050000  0.118570375000  0.383036700000 20208.394   210.906     0.887951375     1.000000000  -55.89454
   0  8 0.9736926100000 0.6000000000000 0.0450000000000 0.6000000000000 0.0450000000000 0.7048156933827 0.7048156933827 25183.051000000  2315.658601658 12483.696000000   205.448400000    22.567158301    46.286227500    -293331  0.544931555613  0.544931555613  0.136253200000  0.058011250000  0.483424100000 21736.315   185.949     0.854191750     1.000000000  -57.87464
   0  9 0.9895290700000 0.6000000000000 0.0450000000000 0.6000000000000 0.0450000000000 0.5492169384198 0.5492169384198 25672.952500000  2480.759819309 14334.348000000   197.993000000    22.204436984    46.287137500    -538569  0.595461129759  0.595461129759  0.125321600000  0.051641375000  0.337477800000 19915.687   181.372     0.763204250     1.000000000  -56.12832
   0  6 0.9618441900000 0.6000000000000 0.0450000000000 0.6000000000000 0.0450000000000 0.8564573090600 0.8564573090600 27397.699000000  2397.906092123 12681.922000000   235.587400000    22.877363255    44.152472500    -275276  0.420477632939  0.420477632939  0.208291100000  0.072665062500  0.236426500000 20645.093   204.294     0.761492375     1.000000000  -54.06605
   0  8 0.9783867200000 0.6000000000000 0.0450000000000 0.6000000000000 0.0450000000000 0.6619394764577 0.6619394764577 24290.431000000  2584.573467176 14201.318000000   201.481500000    22.585575052    46.508007500    -453177  0.536245266695  0.536245266695  0.105867400000  0.055938500000  0.495114100000 20539.124   183.447     0.833389625     1.000000000  -58.09636
   0  6 0.9815110100000 0.6000000000000 0.0450000000000 0.6000000000000 0.0450000000000 0.7491367248881 0.7491367248881 21705.910000000  2319.328666073 11463.856000000   225.925500000    23.207743447    48.259497500    -908939  0.358940897570  0.358940897570  0.199273850000  0.055836125000  0.439392100000 20262.457   206.453     0.962631000     1.000000000  -52.37833
   0  7 0.9891208400000 0.6000000000000 0.0450000000000 0.6000000000000 0.0450000000000 0.6468233536631 0.6468233536631 26694.403000000  2258.893550914 12291.714000000   218.172000000    22.674043994    46.058467500    -941527  0.407900097012  0.407900097012  0.152743150000  0.078967875000  0.427878400000 22578.097   198.372     0.835885875     1.000000000  -55.79093
   0  6 0.9822381400000 0.6000000000000 0.0450000000000 0.6000000000000 0.0450000000000 0.5411359773485 0.5411359773485 22436.638000000  2542.761940308 13118.884000000   218.431200000    22.866004548    44.303565000    -655821  0.491224120253  0.491224120253  0.136895000000  0.071022562500  0.247474500000 18446.669   195.005     0.825407250     1.000000000  -58.36013
   0  7 0.9831317000000 0.6000000000000 0.0450000000000 0.6000000000000 0.0450000000000 0.8043741681476 0.8043741681476 22317.662500000  2669.398064600 14019.258000000   258.809000000    22.187426273    42.057977500    -507486  0.363278053760  0.363278053760  0.148779050000  0.051997500000  0.438548900000 18595.368   216.919     0.831341000     1.000000000  -57.49499
   0  9 0.9880837900000 0.6000000000000 0.0450000000000 0.6000000000000 0.0450000000000 0.7083947131228 0.7083947131228 23252.281000000  2203.973494714 11779.702000000   193.295800000    23.088195088    54.795020000    -370525  0.474251823433  0.474251823433  0.133240550000  0.066228125000  0.304020600000 19868.684   180.855     0.845952625     1.000000000  -56.61806
   0  7 0.9822638500000 0.6000000000000 0.0450000000000 0.6000000000000 0.0450000000000 0.6252370318719 0.6252370318719 24414.955000000  2435.082664952 13103.968000000   199.915500000    23.054037339    48.382152500      -9358  0.474174337306  0.474174337306  0.170139800000  0.070569125000  0.581553000000 20540.473   184.483     0.834730750     1.000000000  -57.59276
   0  6 0.9776698300000 0.6000000000000 0.0450000000000 0.6000000000000 0.0450000000000 0.5031016353253 0.5031016353253 26798.893000000  2297.109582992 12063.920000000   219.029700000    23.085517003    46.412067500    -900724  0.567447142851  0.567447142851  0.200513900000  0.085273562500  0.355945900000 22121.889   198.239     0.822004750     1.000000000  -54.10862
   0  9 0.9874956500000 0.6000000000000 0.0450000000000 0.6000000000000 0.0450000000000 0.7641429009742 0.7641429009742 22169.905000000  2402.645380373 12834.728000000   227.956000000    21.700785047    42.821987500    -207802  0.444467654526  0.444467654526  0.123319200000  0.096256312500  0.291019500000 18892.377   199.986     0.842995750     1.000000000  -57.58343
   0  6 0.9822434500000 0.6000000000000 0.0450000000000 0.6000000000000 0.0450000000000 0.7329339656273 0.7329339656273 26596.177000000  2591.619467360 14392.188000000   288.399900000    22.460667514    42.148782500    -975602  0.362647474572  0.362647474572  0.133924200000  0.078888625000  0.272171700000 22718.067   232.138     0.842902875     1.000000000  -53.50740
   0  7 0.9856092300000 0.6000000000000 0.0450000000000 0.6000000000000 0.0450000000000 0.7043979053730 0.7043979053730 22847.186500000  2494.644417204 13192.468000000   201.157400000    23.308888368    51.319275000    -413054  0.397871538722  0.397871538722  0.146614300000  0.065798062500  0.425152000000 17088.155   187.571     0.760456250     1.000000000  -55.84417
   0  7 0.9680692000000 0.6000000000000 0.0450000000000 0.6000000000000 0.0450000000000 0.8667503004322 0.8667503004322 22712.051500000  2444.107513214 12532.112000000   220.895000000    22.755490818    45.746207500    -881812  0.429048956232  0.429048956232  0.121887200000  0.052186750000  0.319968800000 20054.807   197.355     0.885482875     1.000000000  -59.25201
   0  6 0.9879289400000 0.6000000000000 0.0450000000000 0.6000000000000 0.0450000000000 0.7989664059574 0.7989664059574 22094.642500000  2535.566255160 13086.658000000   216.226900000    23.072701487    46.696735000    -528554  0.303410155936  0.303410155936  0.151563250000  0.065927000000  0.356142000000 20664.809   197.470     0.958443875     1.000000000  -57.14528
   0  7 0.9886946100000 0.6000000000000 0.0450000000000 0.6000000000000 0.0450000000000 0.4578742405032 0.4578742405032 22454.431000000  2416.976972776 12649.358000000   182.375200000    25.627480912    71.016095000    -854921  0.580509870031  0.580509870031  0.146138250000  0.097673125000  0.349495200000 17330.716   173.510     0.780713625     1.000000000  -52.69003
   0  7 0.9602788000000 0.6000000000000 0.0450000000000 0.6000000000000 0.0450000000000 0.9062965081082 0.9062965081082 22833.916000000  2576.577057020 13266.696000000   210.029800000    23.085015767    48.080975000    -294760  0.461464452587  0.461464452587  0.181956950000  0.050945750000  0.237432400000 20693.205   190.853     0.913534375     1.000000000  -57.62960
   0  6 0.9618425900000 0.6000000000000 0.0450000000000 0.6000000000000 0.0450000000000 0.7652576442692 0.7652576442692 22520.918500000  2547.439481425 12835.154000000   207.635100000    23.424790359    48.440652500    -647171  0.470598661734  0.470598661734  0.127909900000  0.086579062500  0.346239500000 19605.479   189.829     0.873832000     1.000000000  -58.25271
   0  8 0.9574900700000 0.6000000000000 0.0450000000000 0.6000000000000 0.0450000000000 0.8688362813263 0.8688362813263 25594.652500000  2522.432072706 13759.848000000   215.764900000    22.503272656    45.251817500    -477822  0.573038061418  0.573038061418  0.161935700000  0.056663062500  0.540609000000 20755.102   191.033     0.801026625     1.000000000  -57.81980
   0  8 0.9681930800000 0.6000000000000 0.0450000000000 0.6000000000000 0.0450000000000 0.7316057385787 0.7316057385787 25404.802000000  2296.190804524 12278.650000000   201.978800000    22.743107414    47.472022500    -860820  0.574489245231  0.574489245231  0.138924850000  0.054151187500  0.295429200000 23631.197   183.609     0.942930375     1.000000000  -53.65316
   0  7 0.9882321700000 0.6000000000000 0.0450000000000 0.6000000000000 0.0450000000000 0.7060440799125 0.7060440799125 24130.118500000  2503.001692601 13620.666000000   180.034400000    24.833753816    63.758552500    -445377  0.379492177587  0.379492177587  0.129269150000  0.092937437500  0.308076200000 18845.553   169.992     0.782076000     1.000000000  -54.20626
   0  7 0.9550264400000 0.6000000000000 0.0450000000000 0.6000000000000 0.0450000000000 0.8868015907947 0.8868015907947 24158.792500000  2797.144366151 14823.332000000   218.449900000    22.967240864    47.089367500    -548059  0.509294464180  0.509294464180  0.185095350000  0.081740687500  0.549249000000 20651.483   196.057     0.847539250     1.000000000  -56.02216
   0  7 0.9750123600000 0.6000000000000 0.0450000000000 0.6000000000000 0.0450000000000 0.7387333392948 0.7387333392948 25854.811000000  2440.216085235 13295.402000000   195.806600000    23.183480456    48.915737500    -305521  0.451593298455  0.451593298455  0.141605050000  0.060012375000  0.322874800000 20274.146   180.625     0.782333875     1.000000000  -57.48741
   0 12 0.9889544800000 0.6000000000000 0.0450000000000 0.6000000000000 0.0450000000000 0.8176762468544 0.8176762468544 26011.195000000  2360.947167375 14201.068000000   169.539300000    26.551796823    84.551337500    -424752  0.590211874680  0.590211874680  0.150513000000  0.164161000000  0.556125800000 22209.216   162.101     0.815628875     1.000000000  -50.61308
   0 12 0.9826001800000 0.6000000000000 0.0450000000000 0.6000000000000 0.0450000000000 0.9729621777184 0.9729621777184 21136.129000000  2403.185812809 12754.758000000   199.520600000    21.877946073    51.651100000    -521286  0.562180009033  0.562180009033  0.139970500000  0.055401437500  0.371009300000 18336.152   183.423     0.847886500     1.000000000  -57.64298
   0  7 0.9758072800000 0.6000000000000 0.0450000000000 0.6000000000000 0.0450000000000 0.7171684928845 0.7171684928845 22415.429500000  2869.570972080 14939.402000000   226.416700000    22.528062070    44.054225000     -55762  0.459304124564  0.459304124564  0.150130050000  0.059433312500  0.476047500000 20390.395   199.581     0.915312250     1.000000000  -57.65834
   0  6 0.9762900300000 0.6000000000000 0.0450000000000 0.6000000000000 0.0450000000000 0.7264451643605 0.7264451643605 24173.575000000  2340.378368831 11992.350000000   196.769700000    23.827568591    52.457327500     -27080  0.401381634111  0.401381634111  0.150309300000  0.075049875000  0.368918800000 20413.836   183.759     0.844343375     1.000000000  -56.86622
   0  8 0.9511477300000 0.6000000000000 0.0450000000000 0.6000000000000 0.0450000000000 0.9175912992522 0.9175912992522 24206.744500000  2516.766273902 13300.530000000   224.042600000    22.689117694    47.330615000    -897004  0.597930346417  0.597930346417  0.122147000000  0.071793000000  0.384999400000 20558.674   199.600     0.841775500     1.000000000  -58.86036
   0  6 0.9872493000000 0.6000000000000 0.0450000000000 0.6000000000000 0.0450000000000 0.7529952648610 0.7529952648610 21007.150000000  2259.426563654 10994.264000000   248.555000000    22.759008368    44.670555000    -754173  0.325563439700  0.325563439700  0.154670800000  0.066385625000  0.508492100000 17074.220   217.909     0.825887750     1.000000000  -53.26037
   0  6 0.9616008800000 0.6000000000000 0.0450000000000 0.6000000000000 0.0450000000000 0.8620153309975 0.8620153309975 20564.282500000  2565.888374821 12410.416000000   191.509100000    24.118584142    54.000005000    -655805  0.419194936854  0.419194936854  0.150412200000  0.074061812500  0.492326700000 17602.652   178.800     0.865777000     1.000000000  -55.92488
   0  9 0.9810217300000 0.6000000000000 0.0450000000000 0.6000000000000 0.0450000000000 0.6764778994574 0.6764778994574 26998.153000000  2252.950056819 12740.674000000   200.045000000    23.193126438    55.928035000    -890337  0.564826151915  0.564826151915  0.123789900000  0.113489437500  0.453467100000 22051.397   186.800     0.800470500     1.000000000  -53.16649
   0  8 0.9517282200000 0.6000000000000 0.0450000000000 0.6000000000000 0.0450000000000 0.9315507503569 0.9315507503569 24051.805000000  2434.178813163 12733.948000000   234.980400000    22.314692791    43.944927500    -254845  0.583811126712  0.583811126712  0.170047900000  0.099056437500  0.374645400000 19971.611   201.809     0.825160625     1.000000000  -56.33243
   0 11 0.9846656100000 0.6000000000000 0.0450000000000 0.6000000000000 0.0450000000000 0.8974067785181 0.8974067785181 23785.963000000  2379.949162957 13421.942000000   249.581100000    20.773027216    40.442760000    -530490  0.511494745013  0.511494745013  0.114646050000  0.061848062500  0.482924600000 20006.542   208.664     0.814907125     1.000000000  -58.15459
   0 10 0.9894092400000 0.6000000000000 0.0450000000000 0.6000000000000 0.0450000000000 0.7257451257096 0.7257451257096 24136.882000000  2200.651762475 12208.406000000   213.664300000    21.607699013    44.542830000    -903035  0.508727075652  0.508727075652  0.112777050000  0.066132625000  0.512806100000 19160.159   192.120     0.781186125     1.000000000  -57.12734
   0  7 0.9543648100000 0.6000000000000 0.0450000000000 0.6000000000000 0.0450000000000 0.9100813573567 0.9100813573567 22743.817000000  2695.555450603 13832.922000000   280.198000000    22.283203715    42.071237500    -975420  0.501035327012  0.501035327012  0.142484850000  0.055029062500  0.300702500000 20828.574   223.263     0.926999500     1.000000000  -56.42609
   0  9 0.9819956500000 0.6000000000000 0.0450000000000 0.6000000000000 0.0450000000000 0.6952285601975 0.6952285601975 26834.600500000  2535.875950949 14825.776000000   208.798500000    21.934489387    43.584145000    -118263  0.540067707978  0.540067707978  0.143299350000  0.154892687500  0.313763400000 24322.271   186.068     0.889233375     1.000000000  -50.83067
   0  6 0.9635243400000 0.6000000000000 0.0450000000000 0.6000000000000 0.0450000000000 0.7634991886004 0.7634991886004 24833.387500000  2425.572497778 12523.358000000   198.587500000    23.704169791    50.690822500     -27735  0.460629905281  0.460629905281  0.169824500000  0.070630687500  0.529666300000 20909.037   183.874     0.839988000     1.000000000  -57.05797
   0  8 0.9751868300000 0.6000000000000 0.0450000000000 0.6000000000000 0.0450000000000 0.8215296964236 0.8215296964236 25337.518000000  2546.398301678 14170.346000000   219.951800000    22.508987231    46.789360000    -282518  0.456019010570  0.456019010570  0.120075700000  0.054924750000  0.435020000000 21443.514   198.521     0.832027250     1.000000000  -58.73491
   0  8 0.9760037300000 0.6000000000000 0.0450000000000 0.6000000000000 0.0450000000000 0.8228525246171 0.8228525246171 23189.411500000  2687.801970598 14423.986000000   198.170400000    22.752551645    47.798907500    -734784  0.449096818132  0.449096818132  0.114216400000  0.074170625000  0.487349400000 20670.723   181.436     0.885957750     1.000000000  -57.60305
   0  8 0.9723996300000 0.6000000000000 0.0450000000000 0.6000000000000 0.0450000000000 0.7969958853675 0.7969958853675 26713.451500000  2322.935463372 12790.438000000   212.537200000    22.785048145    49.016780000    -320586  0.492327485424  0.492327485424  0.127115700000  0.053484000000  0.350356100000 23324.762   194.325     0.861413125     1.000000000  -56.31904
   0  6 0.9562135600000 0.6000000000000 0.0450000000000 0.6000000000000 0.0450000000000 0.9319721711144 0.9319721711144 21695.974000000  2617.800246286 12951.466000000   238.645200000    23.078820552    46.118820000    -528112  0.417725180516  0.417725180516  0.170562000000  0.066919875000  0.469307900000 16162.075   209.889     0.765031625     1.000000000  -54.44588
   0  6 0.9882220500000 0.6000000000000 0.0450000000000 0.6000000000000 0.0450000000000 0.4099925457820 0.4099925457820 23130.254500000  2516.205812124 13234.206000000   193.477800000    23.374963776    48.386735000    -739044  0.588403039517  0.588403039517  0.134038850000  0.080066187500  0.286882000000 19233.360   179.548     0.831103750     1.000000000  -58.07158
   0  8 0.9865524800000 0.6000000000000 0.0450000000000 0.6000000000000 0.0450000000000 0.5753648493597 0.5753648493597 22056.559000000  2377.017421258 12448.392000000   232.610600000    22.250077962    45.602525000    -547206  0.535329078983  0.535329078983  0.142487750000  0.103159875000  0.228799500000 18621.078   208.376     0.841186125     1.000000000  -56.15622
   0  8 0.9861908100000 0.6000000000000 0.0450000000000 0.6000000000000 0.0450000000000 0.7975725613862 0.7975725613862 22216.493500000  2724.962873140 14468.902000000   210.898100000    22.635530099    48.384882500    -356918  0.388672338698  0.388672338698  0.124258750000  0.086419562500  0.298824000000 19113.157   194.029     0.853226375     1.000000000  -57.21772
   0  6 0.9507517200000 0.6000000000000 0.0450000000000 0.6000000000000 0.0450000000000 0.7880527373546 0.7880527373546 25531.783000000  2306.120523447 11525.698000000   179.759700000    26.038400029    68.805510000    -866519  0.531751023466  0.531751023466  0.201988900000  0.058393375000  0.420332800000 20849.346   169.590     0.820214000     1.000000000  -51.26413
   0  7 0.9815788400000 0.6000000000000 0.0450000000000 0.6000000000000 0.0450000000000 0.6041418694335 0.6041418694335 21978.623500000  2300.200518794 11619.632000000   179.706800000    24.274710170    58.192602500     -99758  0.496342002167  0.496342002167  0.118844700000  0.116154812500  0.390202900000 17729.168   168.586     0.813595375     1.000000000  -52.88368
   0  9 0.9806723200000 0.6000000000000 0.0450000000000 0.6000000000000 0.0450000000000 0.7853250104251 0.7853250104251 23945.182000000  2562.797057442 14188.084000000   198.639600000    22.655695253    50.272027500    -885623  0.489592196037  0.489592196037  0.152459300000  0.076376125000  0.386428600000 20838.242   183.353     0.854335625     1.000000000  -57.72076
   0  6 0.9610972200000 0.6000000000000 0.0450000000000 0.6000000000000 0.0450000000000 0.7907254095956 0.7907254095956 23788.973500000  2429.260048379 12319.922000000   272.898600000    22.504902121    41.232997500    -337494  0.460222719601  0.460222719601  0.198219500000  0.073495562500  0.233371700000 20460.464   215.932     0.860796625     1.000000000  -53.83464
   0  7 0.9735018500000 0.6000000000000 0.0450000000000 0.6000000000000 0.0450000000000 0.8228468302870 0.8228468302870 25687.789000000  2579.675844438 14212.990000000   214.007800000    22.895991651    47.156837500    -186579  0.415266093574  0.415266093574  0.160543350000  0.119252687500  0.497072500000 21472.362   194.442     0.825486250     1.000000000  -55.17662
   0 10 0.9823418300000 0.6000000000000 0.0450000000000 0.6000000000000 0.0450000000000 0.9240204907172 0.9240204907172 23154.500500000  2308.374001404 12573.650000000   242.262700000    21.380069830    43.155275000    -366362  0.456650129513  0.456650129513  0.195289200000  0.079970937500  0.573710200000 18975.548   209.761     0.804345000     1.000000000  -55.19694
   0  6 0.9793944800000 0.6000000000000 0.0450000000000 0.6000000000000 0.0450000000000 0.4790678670548 0.4790678670548 22724.390500000  2667.565062601 13893.478000000   217.828100000    23.265739815    48.329177500    -708274  0.580222036839  0.580222036839  0.185659250000  0.062173562500  0.333554300000 20237.308   199.714     0.892851125     1.000000000  -56.69534
   0  7 0.9762102000000 0.6000000000000 0.0450000000000 0.6000000000000 0.0450000000000 0.5894844406397 0.5894844406397 25015.880500000  2434.995873052 13115.144000000   224.459700000    22.730690750    46.171827500     -51743  0.555194410552  0.555194410552  0.139512050000  0.077387187500  0.317281200000 21468.446   201.772     0.850465875     1.000000000  -57.95875
   0  9 0.9899863800000 0.6000000000000 0.0450000000000 0.6000000000000 0.0450000000000 0.7089700116006 0.7089700116006 23708.257000000  2840.287231018 15785.112000000   166.538900000    31.635069236   107.342092500    -728734  0.457354189778  0.457354189778  0.166379700000  0.074526500000  0.556150800000 20012.489   161.708     0.825471750     1.000000000  -51.35198
   0  6 0.9893753500000 0.6000000000000 0.0450000000000 0.6000000000000 0.0450000000000 0.5990141834745 0.5990141834745 26451.295000000  2704.422979490 15287.948000000   215.141100000    22.743911196    43.208835000    -790752  0.395069922118  0.395069922118  0.162144350000  0.106974562500  0.229496800000 21455.578   191.643     0.802942250     1.000000000  -53.22104
   0  6 0.9775092500000 0.6000000000000 0.0450000000000 0.6000000000000 0.0450000000000 0.8706770058727 0.8706770058727 21632.402500000  2678.677693728 13592.904000000   179.582300000    25.085771115    62.481367500    -643355  0.328697604368  0.328697604368  0.148503150000  0.123132250000  0.338057700000 16965.178   168.953     0.795363875     1.000000000  -52.09288
   0  8 0.9661416300000 0.6000000000000 0.0450000000000 0.6000000000000 0.0450000000000 0.9450039299534 0.9450039299534 24670.672000000  2604.259408463 14204.296000000   190.436100000    23.158369242    50.494165000    -130999  0.459705371179  0.459705371179  0.131170650000  0.052845937500  0.291829300000 20611.874   175.424     0.823637750     1.000000000  -57.82473
   0  6 0.9689250500000 0.6000000000000 0.0450000000000 0.6000000000000 0.0450000000000 0.9051053685441 0.9051053685441 26500.084000000  2492.376143281 13396.516000000   212.134100000    23.170401504    46.476515000    -559673  0.359546037413  0.359546037413  0.154570450000  0.058209812500  0.491517100000 21856.231   191.990     0.818632500     1.000000000  -57.79028
   0  6 0.9877118800000 0.6000000000000 0.0450000000000 0.6000000000000 0.0450000000000 0.4893666292951 0.4893666292951 20387.716000000  2710.183836641 13499.070000000   180.888200000    24.271686784    55.929790000    -484730  0.497143918665  0.497143918665  0.154196000000  0.058593687500  0.586702700000 18664.786   169.929     0.934198500     1.000000000  -55.37787
   0  7 0.9765075700000 0.6000000000000 0.0450000000000 0.6000000000000 0.0450000000000 0.8134630624416 0.8134630624416 22892.371000000  2617.333076998 13785.362000000   215.942300000    22.571280767    44.006417500    -683539  0.400410938655  0.400410938655  0.171981300000  0.083860437500  0.253962900000 21184.000   191.881     0.938345375     1.000000000  -55.73721
   0  8 0.9772000800000 0.6000000000000 0.0450000000000 0.6000000000000 0.0450000000000 0.6271530897450 0.6271530897450 20455.175500000  2671.966575408 13397.062000000   198.993000000    23.309098274    53.620892500    -175705  0.577482962719  0.577482962719  0.191012500000  0.059835312500  0.536273900000 19036.435   185.308     0.956931250     1.000000000  -54.59193
   0  8 0.9701218800000 0.6000000000000 0.0450000000000 0.6000000000000 0.0450000000000 0.7837815245868 0.7837815245868 21583.586500000  2686.309431999 13772.358000000   193.511500000    23.227652822    51.750940000    -977878  0.519695228014  0.519695228014  0.159341900000  0.101001375000  0.419390200000 19207.251   179.028     0.891442375     1.000000000  -55.81828
   0  7 0.9867736700000 0.6000000000000 0.0450000000000 0.6000000000000 0.0450000000000 0.5156877765636 0.5156877765636 24956.291500000  2409.430287623 13121.966000000   225.683600000    22.522473031    44.658367500    -998306  0.532780092652  0.532780092652  0.144540250000  0.059846375000  0.241481800000 20478.365   201.779     0.814212250     1.000000000  -58.79150
 
  COND2           1     3580805  1.341968154141836E+045  2.267196879890564E+043
  1.689456544026855E-002         100
   3580805  78486152   3358006         0    108618         0         0         0         0         0   1660676         0         0  39005743   3580805
 PARAMETER FILE GP02A.PAR   
