  Aa Am            MSYL            MSYR           MORTJ           MORTA             K1+           PInit      ISEED   PTarget           CVADD              AR        PREG-MAX           GAMMA              P0   SSTILDA     LIKEL
   0  6 0.9771390700000 0.6000000000000 0.0450000000000 0.6000000000000 0.0200000000000 0.9507745491417 0.4420200534486 23288.164000000  2573.391594451 13436.620000000   256.421300000    77.270857440   112.645442500    -162075  0.302722119895  0.302722119895  0.115828000000  0.060449875000  0.305089000000 20535.407   195.241     0.881779375     1.000000000  -57.72402
   0  7 0.9886807200000 0.6000000000000 0.0450000000000 0.6000000000000 0.0200000000000 0.5814808342972 0.2262080567536 23505.338500000  2434.372964552 13019.156000000   188.445500000   129.927501136   148.780275000    -538553  0.457219841071  0.457219841071  0.121076300000  0.062505187500  0.561334900000 19715.031   173.411     0.834030625     1.000000000  -56.54923
   0  7 0.9849342100000 0.6000000000000 0.0450000000000 0.6000000000000 0.0200000000000 0.6074843915164 0.2470949125531 23428.577500000  2805.739332139 15147.958000000   488.667700000    65.029535880    93.137707500    -561997  0.466655130252  0.466655130252  0.115068800000  0.064601437500  0.457802900000 20178.817   200.006     0.853771375     1.000000000  -56.56212
   0  6 0.9781236700000 0.6000000000000 0.0450000000000 0.6000000000000 0.0200000000000 0.7259375223073 0.3345927777756 23838.424000000  2580.596440198 13634.416000000   368.054700000    67.119207157    95.778235000    -628487  0.390521320243  0.390521320243  0.181629650000  0.052517000000  0.257754600000 19972.698   194.446     0.835188750     1.000000000  -56.52735
   0  7 0.9704449400000 0.6000000000000 0.0450000000000 0.6000000000000 0.0200000000000 0.9535615970506 0.4420563769970 22111.760500000  3048.437859400 15510.378000000   280.293200000    71.299764768   102.098152500    -367395  0.375929742831  0.375929742831  0.168991850000  0.066421875000  0.203595900000 20855.991   188.787     0.973903625     1.000000000  -53.94667
   0  7 0.9825914400000 0.6000000000000 0.0450000000000 0.6000000000000 0.0200000000000 0.8790759261484 0.3666831473609 23359.849000000  2470.096970006 13107.040000000   242.038700000    75.092148837   106.669732500    -149593  0.335419090875  0.335419090875  0.120706900000  0.053451687500  0.559490700000 18934.582   182.612     0.809603500     1.000000000  -57.36863
   0  9 0.9660995900000 0.6000000000000 0.0450000000000 0.6000000000000 0.0200000000000 0.8364743966129 0.3546473869771 23462.422000000  2378.212446357 12638.736000000   363.830100000    67.822116812    98.651495000    -143276  0.591699235077  0.591699235077  0.113962150000  0.073406687500  0.278530700000 20350.711   200.173     0.858145000     1.000000000  -57.52353
   0  8 0.9606104900000 0.6000000000000 0.0450000000000 0.6000000000000 0.0200000000000 0.8755936080025 0.4085630840599 22867.193500000  2520.534432957 13119.976000000   323.687500000    73.090093141   109.323357500    -549039  0.541626017825  0.541626017825  0.141178200000  0.050048187500  0.322208200000 17971.913   211.527     0.786390375     1.000000000  -54.33936
   0  6 0.9744948100000 0.6000000000000 0.0450000000000 0.6000000000000 0.0200000000000 0.9153944728473 0.4350354616698 22222.811500000  2854.999960813 14645.486000000   384.391000000    67.637120302    97.478212500    -997349  0.327321898077  0.327321898077  0.119524900000  0.079018000000  0.347109300000 18563.350   199.954     0.836563625     1.000000000  -56.00375
   0  7 0.9873623400000 0.6000000000000 0.0450000000000 0.6000000000000 0.0200000000000 0.7675149199425 0.3034975055777 26873.696500000  2758.340992040 15951.726000000   236.596500000    79.145718604   113.908425000    -611631  0.354373727139  0.354373727139  0.162222550000  0.089010750000  0.336870600000 24496.251   188.222     0.900803250     1.000000000  -51.05584
   0 12 0.9826681300000 0.6000000000000 0.0450000000000 0.6000000000000 0.0200000000000 0.9563523374352 0.2805053416029 22978.811500000  2345.452365694 13056.020000000   430.801600000    64.898655334    94.815942500    -626353  0.571183923709  0.571183923709  0.140590700000  0.050650687500  0.348916100000 20082.031   203.027     0.848779125     1.000000000  -58.58154
   0 11 0.9832316100000 0.6000000000000 0.0450000000000 0.6000000000000 0.0200000000000 0.8671701370667 0.2741040793048 26029.919500000  2557.133398484 15145.550000000   244.802400000    75.308166348   108.116795000      -7174  0.544136674097  0.544136674097  0.183378500000  0.051915562500  0.523937000000 22958.183   184.955     0.849045125     1.000000000  -54.47165
   0  7 0.9887002800000 0.6000000000000 0.0450000000000 0.6000000000000 0.0200000000000 0.6594983653483 0.2564948402786 24795.925000000  2517.025231502 13883.104000000   295.963400000    67.709377771    95.079127500     -46592  0.402994735583  0.402994735583  0.148478950000  0.083909437500  0.223428800000 22143.948   182.240     0.885405625     1.000000000  -54.23578
   0  8 0.9615116100000 0.6000000000000 0.0450000000000 0.6000000000000 0.0200000000000 0.8825135978564 0.4095920220251 23024.212000000  2568.789858584 13463.370000000   356.553800000    66.750289077    95.062747500    -924163  0.529826609864  0.529826609864  0.106875950000  0.058544250000  0.401236800000 19955.731   190.599     0.861374750     1.000000000  -57.11009
   0  6 0.9691974000000 0.6000000000000 0.0450000000000 0.6000000000000 0.0200000000000 0.7543728930716 0.3729608657225 25022.131000000  2263.650938374 11404.526000000   443.665600000    66.043161593    94.255350000    -579666  0.429675650774  0.429675650774  0.138309350000  0.078880375000  0.408182600000 19417.683   197.217     0.786383000     1.000000000  -54.79618
   0  8 0.9734011600000 0.6000000000000 0.0450000000000 0.6000000000000 0.0200000000000 0.6816523741503 0.2912294576683 25683.685000000  2433.029771879 13438.660000000   377.309200000    65.916370689    93.796937500    -636277  0.566179621888  0.566179621888  0.123940800000  0.071032437500  0.249307100000 21429.089   191.593     0.821785125     1.000000000  -56.40605
   0  8 0.9653098200000 0.6000000000000 0.0450000000000 0.6000000000000 0.0200000000000 0.9357702834587 0.4240697873646 25684.427500000  2679.361659562 14921.064000000   273.913100000    73.689704196   107.084302500    -936469  0.470465826695  0.470465826695  0.140418550000  0.099346500000  0.406104500000 21087.104   193.792     0.806880375     1.000000000  -54.74897
   0  8 0.9594792700000 0.6000000000000 0.0450000000000 0.6000000000000 0.0200000000000 0.9496690175472 0.4460489223132 27292.318000000  2391.894606057 13192.030000000   336.893700000    66.847522027    94.569430000    -786790  0.508294612496  0.508294612496  0.211992350000  0.088961937500  0.455045100000 18834.586   186.458     0.706035875     1.000000000  -50.26154
   0  7 0.9641654900000 0.6000000000000 0.0450000000000 0.6000000000000 0.0200000000000 0.8485741253382 0.4104347881741 23755.939000000  2366.386909406 12168.630000000   329.942500000    67.211868624    94.881105000    -412816  0.465056653140  0.465056653140  0.129233400000  0.197438750000  0.527096400000 18020.293   185.954     0.769304750     1.000000000  -49.68749
   0 10 0.9754107700000 0.6000000000000 0.0450000000000 0.6000000000000 0.0200000000000 0.8491239225278 0.3130829875120 20482.297000000  2755.059841540 13871.400000000   363.322300000    68.322644818   100.655510000    -727169  0.564418770317  0.564418770317  0.164413900000  0.076717187500  0.274634100000 18843.772   205.532     0.929944625     1.000000000  -54.94309
   0  6 0.9825838000000 0.6000000000000 0.0450000000000 0.6000000000000 0.0200000000000 0.8460038190823 0.3737237200079 21665.005000000  2768.107450054 14155.034000000   228.694900000    77.388728388   109.006352500     -63433  0.312484872866  0.312484872866  0.100269350000  0.060992375000  0.279014200000 19498.122   179.270     0.907706625     1.000000000  -54.96560
   0  9 0.9868104000000 0.6000000000000 0.0450000000000 0.6000000000000 0.0200000000000 0.6435226777399 0.2254960175809 21177.250000000  2384.587687226 12416.226000000   212.681600000    87.215781939   122.195795000    -568521  0.534495636398  0.534495636398  0.159873750000  0.080691687500  0.461257500000 18489.010   180.641     0.869754750     1.000000000  -55.31355
   0  6 0.9587726300000 0.6000000000000 0.0450000000000 0.6000000000000 0.0200000000000 0.8988099728848 0.4736600374665 29030.861500000  2515.819040099 13786.962000000   354.744800000    68.480814750    98.386132500     -84647  0.418177519332  0.418177519332  0.168240200000  0.070588125000  0.298760700000 22622.786   196.464     0.776674500     1.000000000  -53.73021
   0 12 0.9853589700000 0.6000000000000 0.0450000000000 0.6000000000000 0.0200000000000 0.8781230563889 0.2490790212133 24338.666500000  2594.267360934 14970.278000000   498.032400000    64.377807994    94.743695000    -521692  0.590066190037  0.590066190037  0.133762850000  0.068640562500  0.386597600000 20718.751   209.377     0.813390000     1.000000000  -56.37789
   0  6 0.9792404000000 0.6000000000000 0.0450000000000 0.6000000000000 0.0200000000000 0.8418575810130 0.3841242747317 21106.604500000  2356.178766326 11546.566000000   455.797200000    66.080499900    94.803105000    -130850  0.330973677429  0.330973677429  0.160308750000  0.093623000000  0.567029700000 18057.653   200.580     0.864547750     1.000000000  -54.45012
   0  6 0.9721480200000 0.6000000000000 0.0450000000000 0.6000000000000 0.0200000000000 0.5570164475423 0.2695810743922 24471.884500000  2555.270420545 13506.458000000   343.637400000    69.125034663    99.973822500    -221933  0.557152895092  0.557152895092  0.125358250000  0.057388500000  0.507470000000 20812.483   199.218     0.846179750     1.000000000  -58.51463
   0  7 0.9614918500000 0.6000000000000 0.0450000000000 0.6000000000000 0.0200000000000 0.8011856676622 0.3938352928537 25229.410000000  2640.696169204 14292.390000000   329.333000000    67.658868801    95.918017500    -412030  0.512689628601  0.512689628601  0.135766100000  0.051076750000  0.502552700000 22356.598   187.872     0.879357625     1.000000000  -55.93993
   0  8 0.9837740500000 0.6000000000000 0.0450000000000 0.6000000000000 0.0200000000000 0.8874480296525 0.3439352977180 25016.596000000  2240.248083203 12064.408000000   426.504900000    67.642917678    99.914835000    -602060  0.364504069577  0.364504069577  0.152455550000  0.062883000000  0.330194300000 18566.802   212.697     0.750084875     1.000000000  -54.41332
   0  9 0.9819809800000 0.6000000000000 0.0450000000000 0.6000000000000 0.0200000000000 0.9024565836156 0.3341670829913 23902.927000000  2718.768313121 15075.686000000   309.227500000    69.387979936   100.526647500    -235192  0.416163634518  0.416163634518  0.154240800000  0.064107000000  0.298560600000 20515.570   194.912     0.840100375     1.000000000  -56.68183
   0  7 0.9557433700000 0.6000000000000 0.0450000000000 0.6000000000000 0.0200000000000 0.8042414522566 0.4080297242201 24204.719500000  2480.918892502 12922.836000000   327.170900000    68.254352996    97.182300000    -699999  0.555770882083  0.555770882083  0.145982450000  0.064958500000  0.505716400000 18610.219   189.500     0.774676000     1.000000000  -56.11508
   0  7 0.9778472600000 0.6000000000000 0.0450000000000 0.6000000000000 0.0200000000000 0.9478159903431 0.4138412943927 21227.335000000  2904.100205059 14656.664000000   335.084200000    70.234304341   103.031552500    -835374  0.336305312740  0.336305312740  0.152970200000  0.064404625000  0.488159300000 18155.174   204.435     0.856102250     1.000000000  -55.65147
   0  7 0.9754084600000 0.6000000000000 0.0450000000000 0.6000000000000 0.0200000000000 0.6703699233869 0.2989464424037 23316.244000000  2541.610550618 13425.738000000   411.953500000    66.778659028    96.432525000     -81843  0.494511451313  0.494511451313  0.154822650000  0.103407125000  0.274021700000 21530.919   201.277     0.934523625     1.000000000  -54.91051
   0  6 0.9650596900000 0.6000000000000 0.0450000000000 0.6000000000000 0.0200000000000 0.9348663080845 0.4749811844398 24440.254000000  2331.421771194 11780.994000000   409.896200000    68.635531047   100.452710000    -510201  0.368069415162  0.368069415162  0.183151400000  0.053511562500  0.457856100000 20526.108   208.776     0.841048875     1.000000000  -55.18950
   0  6 0.9797055700000 0.6000000000000 0.0450000000000 0.6000000000000 0.0200000000000 0.8640881133373 0.3925736685793 25203.665500000  2410.197123312 12756.934000000   340.541000000    71.353510784   105.668960000    -262187  0.320131590264  0.320131590264  0.158101850000  0.082855625000  0.298490600000 19186.436   210.619     0.769802625     1.000000000  -54.08070
   0  9 0.9864054300000 0.6000000000000 0.0450000000000 0.6000000000000 0.0200000000000 0.8227425179109 0.2897307611571 28094.825500000  2182.623815316 12451.596000000   427.302700000    65.566692893    94.966222500    -913412  0.421193245348  0.421193245348  0.139228150000  0.062942000000  0.503611000000 22497.909   201.680     0.786279375     1.000000000  -54.84083
   0 11 0.9868940200000 0.6000000000000 0.0450000000000 0.6000000000000 0.0200000000000 0.9861612634028 0.2979165591218 23715.601000000  2228.889056933 12459.324000000   447.785200000    63.826815787    91.781222500    -529472  0.445811213851  0.445811213851  0.158937950000  0.126674500000  0.531113600000 19116.503   196.803     0.786028625     1.000000000  -53.88173
   0  8 0.9863316800000 0.6000000000000 0.0450000000000 0.6000000000000 0.0200000000000 0.5222075865304 0.1965645813734 24747.946000000  2616.375356354 14682.678000000   353.536400000    68.328086879    99.691787500    -858019  0.592140536506  0.592140536506  0.129391450000  0.072790437500  0.486225000000 20808.332   202.505     0.826388750     1.000000000  -56.82064
   0  7 0.9502678300000 0.6000000000000 0.0450000000000 0.6000000000000 0.0200000000000 0.9470477339442 0.4934533715812 26057.864500000  2466.251592621 13104.442000000   336.824500000    70.677238881   103.457822500    -430130  0.510561173405  0.510561173405  0.161862700000  0.098928937500  0.499572500000 24007.724   203.101     0.928768375     1.000000000  -52.21443
   0  8 0.9817026100000 0.6000000000000 0.0450000000000 0.6000000000000 0.0200000000000 0.8071131395009 0.3197412499803 23687.980000000  2801.760298014 15298.498000000   248.360300000    90.590657108   136.329395000    -464309  0.415489522267  0.415489522267  0.140188850000  0.080243562500  0.573436500000 21233.880   211.600     0.888647875     1.000000000  -47.85281
   0  8 0.9846383200000 0.6000000000000 0.0450000000000 0.6000000000000 0.0200000000000 0.5408085099002 0.2075929587260 22355.638000000  2577.653929892 13706.150000000   238.176000000    77.895971284   111.839475000    -857094  0.589139933838  0.589139933838  0.159967900000  0.078866125000  0.468991900000 20076.557   186.475     0.897005250     1.000000000  -56.44426
   0  8 0.9870739700000 0.6000000000000 0.0450000000000 0.6000000000000 0.0200000000000 0.8818338403863 0.3289777446537 18960.536500000  2449.342869685 11914.082000000   416.250200000    66.116319694    95.661007500    -691322  0.346054459370  0.346054459370  0.188387250000  0.056719312500  0.434345900000 17900.560   201.531     0.995080500     1.000000000  -52.40660
   0  8 0.9895865200000 0.6000000000000 0.0450000000000 0.6000000000000 0.0200000000000 0.5935084502754 0.2144417119769 22251.391000000  2326.021439288 12221.024000000   484.963500000    64.415592273    92.179185000    -160788  0.491467341791  0.491467341791  0.111663400000  0.050905937500  0.585597500000 18963.983   198.479     0.848672500     1.000000000  -57.53697
   0  7 0.9686445900000 0.6000000000000 0.0450000000000 0.6000000000000 0.0200000000000 0.8092095491188 0.3799913956687 21770.548000000  2486.444728883 12567.200000000   373.626000000    69.187166693   101.583157500    -342946  0.455507606761  0.455507606761  0.170892350000  0.090878062500  0.350281500000 18522.418   207.378     0.853368000     1.000000000  -54.92359
   0  6 0.9851122300000 0.6000000000000 0.0450000000000 0.6000000000000 0.0200000000000 0.5712067891170 0.2456446646195 25110.380500000  2826.535365613 15610.444000000   458.962500000    65.893941233    94.499717500    -603023  0.444411114865  0.444411114865  0.130221300000  0.086095312500  0.227132900000 21939.607   200.934     0.864549875     1.000000000  -55.00609
   0  6 0.9734597700000 0.6000000000000 0.0450000000000 0.6000000000000 0.0200000000000 0.8714965795818 0.4175720496063 22259.869000000  2826.708007333 14501.466000000   215.798200000    91.942448756   129.545280000    -691147  0.349200210805  0.349200210805  0.131946650000  0.051391812500  0.493730700000 20451.948   186.723     0.932115625     1.000000000  -55.85294
   0  9 0.9830265600000 0.6000000000000 0.0450000000000 0.6000000000000 0.0200000000000 0.9186581609779 0.3363634692474 23800.313500000  2445.890168202 13474.198000000   405.135900000    65.027703148    92.911475000    -223547  0.401186729740  0.401186729740  0.146123100000  0.072809875000  0.226935300000 20580.428   194.070     0.850179125     1.000000000  -57.17151
   0  7 0.9891629600000 0.6000000000000 0.0450000000000 0.6000000000000 0.0200000000000 0.7210251081192 0.2787689824542 23844.688000000  2386.325456924 12771.156000000   331.938000000    68.618897581    99.162265000    -376006  0.365654362635  0.365654362635  0.202412550000  0.053081875000  0.425366100000 18739.520   197.478     0.788134875     1.000000000  -55.43831
   0  9 0.9840143400000 0.6000000000000 0.0450000000000 0.6000000000000 0.0200000000000 0.7863544261064 0.2847820987343 21981.404500000  2882.550832208 15148.410000000   243.159300000    75.839456941   108.690485000    -607576  0.460369788639  0.460369788639  0.120837500000  0.062553437500  0.211909200000 19635.357   185.212     0.885938875     1.000000000  -55.99895
   0 11 0.9825224800000 0.6000000000000 0.0450000000000 0.6000000000000 0.0200000000000 0.8924991806016 0.2844299424759 25185.980500000  2342.128172021 13514.070000000   387.288700000    67.022333143    98.822607500    -807148  0.535931424666  0.535931424666  0.140042650000  0.067267625000  0.597392200000 20356.256   206.559     0.780613000     1.000000000  -56.67594
   0 10 0.9813980200000 0.6000000000000 0.0450000000000 0.6000000000000 0.0200000000000 0.9808912370908 0.3410382779119 24327.772000000  2524.054574027 14241.972000000   432.460000000    67.044187777    99.521747500    -691954  0.437787023971  0.437787023971  0.123782450000  0.119487187500  0.259922200000 22533.633   213.442     0.922812875     1.000000000  -52.81595
   0  8 0.9863214100000 0.6000000000000 0.0450000000000 0.6000000000000 0.0200000000000 0.7109430854795 0.2676393563637 23676.275500000  2507.188695934 13706.632000000   415.401200000    64.761074002    91.930332500    -806744  0.435023106898  0.435023106898  0.106148100000  0.079901187500  0.495272700000 21133.917   192.365     0.885598375     1.000000000  -55.96105
   0  7 0.9805592800000 0.6000000000000 0.0450000000000 0.6000000000000 0.0200000000000 0.7985371650040 0.3399471845773 24027.802000000  2349.072806070 12376.340000000   485.163200000    66.362777912    96.671075000    -601511  0.381886996866  0.381886996866  0.132308450000  0.109820000000  0.268108400000 20759.693   208.616     0.860041750     1.000000000  -55.51293
   0  6 0.9550226200000 0.6000000000000 0.0450000000000 0.6000000000000 0.0200000000000 0.7338300263480 0.3943017584126 21490.895500000  2805.330605723 13855.142000000   214.634100000    90.254626849   126.384200000    -335649  0.539185659732  0.539185659732  0.131027500000  0.083706500000  0.496025200000 18719.017   183.341     0.876228000     1.000000000  -55.85564
   0  6 0.9552293400000 0.6000000000000 0.0450000000000 0.6000000000000 0.0200000000000 0.9026224879676 0.4844983964941 23569.004500000  2443.464608412 12287.380000000   490.720300000    65.279327183    92.429760000    -138637  0.437127864192  0.437127864192  0.105619650000  0.053075625000  0.593942000000 19450.778   193.900     0.828131375     1.000000000  -56.34996
   0 10 0.9775597400000 0.6000000000000 0.0450000000000 0.6000000000000 0.0200000000000 0.9489553518510 0.3429843885644 20959.859500000  2961.588439731 14909.248000000   419.456900000    67.774287256   101.042617500    -814236  0.485661518222  0.485661518222  0.146278950000  0.102810812500  0.438851400000 19274.918   214.959     0.924466500     1.000000000  -52.79322
   0  7 0.9711584100000 0.6000000000000 0.0450000000000 0.6000000000000 0.0200000000000 0.7901008658228 0.3643554746381 22425.122500000  2431.887852433 12433.334000000   417.704900000    66.882197149    96.712772500    -965505  0.448689626231  0.448689626231  0.164947500000  0.062667625000  0.324707300000 19777.202   202.015     0.884995875     1.000000000  -56.97779
   0  7 0.9677202000000 0.6000000000000 0.0450000000000 0.6000000000000 0.0200000000000 0.8508361363489 0.4020937753451 23677.531000000  2761.809738985 14685.970000000   258.683700000    75.011970188   108.179650000    -917331  0.439421407612  0.439421407612  0.160844400000  0.122644375000  0.328512300000 20961.581   190.002     0.881212000     1.000000000  -54.01902
   0  9 0.9801294400000 0.6000000000000 0.0450000000000 0.6000000000000 0.0200000000000 0.7245279415175 0.2734429897356 22528.289500000  2512.032363389 13450.200000000   283.822400000    69.919934208   100.038335000    -818532  0.535844916318  0.535844916318  0.174341500000  0.235410187500  0.558188300000 19803.588   187.306     0.870084250     1.000000000  -49.02383
   0  6 0.9724652800000 0.6000000000000 0.0450000000000 0.6000000000000 0.0200000000000 0.8574773769098 0.4140042418261 21976.099000000  2547.816223545 12863.944000000   453.548000000    65.884326986    94.053232500    -831298  0.360221437328  0.360221437328  0.208386000000  0.063073312500  0.529664100000 19529.137   197.763     0.895413500     1.000000000  -54.57274
   0  7 0.9865718600000 0.6000000000000 0.0450000000000 0.6000000000000 0.0200000000000 0.6830037642253 0.2726424477915 25648.315000000  2368.571992907 12946.064000000   451.763200000    66.498151047    96.740982500    -823729  0.403656103459  0.403656103459  0.121899950000  0.062831625000  0.396010100000 21262.329   207.070     0.820710875     1.000000000  -57.11975
   0 11 0.9849435800000 0.6000000000000 0.0450000000000 0.6000000000000 0.0200000000000 0.8842982694873 0.2738413877501 24430.777000000  2506.910083135 14392.456000000   397.570400000    66.747080673    98.499622500    -815923  0.516300681249  0.516300681249  0.217716500000  0.099757312500  0.483065000000 21598.080   207.637     0.857301250     1.000000000  -52.15559
   0  6 0.9860515300000 0.6000000000000 0.0450000000000 0.6000000000000 0.0200000000000 0.7027589717296 0.2990424819570 23056.801000000  2642.047533808 13959.498000000   211.777000000   101.557022106   140.437265000    -387694  0.355747968045  0.355747968045  0.116096300000  0.061545562500  0.291584800000 19924.158   189.470     0.861874125     1.000000000  -55.61888
   0  8 0.9809705600000 0.6000000000000 0.0450000000000 0.6000000000000 0.0200000000000 0.7526913684261 0.3004039982510 21275.719000000  2909.805043473 14832.280000000   441.785300000    66.431018235    96.835395000    -772571  0.451196242496  0.451196242496  0.146685000000  0.163007750000  0.519551000000 18978.466   206.402     0.892686250     1.000000000  -51.92137
   0  6 0.9782334400000 0.6000000000000 0.0450000000000 0.6000000000000 0.0200000000000 0.6387387636145 0.2941142563156 25466.591500000  2527.425031886 13632.978000000   405.293400000    65.953662544    93.578180000    -982330  0.443082676029  0.443082676029  0.167750250000  0.063574187500  0.363999600000 22216.271   193.401     0.865322750     1.000000000  -55.60623
   0  6 0.9783205900000 0.6000000000000 0.0450000000000 0.6000000000000 0.0200000000000 0.6071347751423 0.2793443391740 24744.557500000  2255.911936273 11458.670000000   429.488100000    68.290009683   100.332037500    -704152  0.465519929929  0.465519929929  0.130665800000  0.072486000000  0.523700300000 20715.074   212.139     0.838064125     1.000000000  -54.43535
   0  8 0.9682933700000 0.6000000000000 0.0450000000000 0.6000000000000 0.0200000000000 0.7211760483062 0.3202415803775 26767.694500000  2442.456660245 13631.504000000   179.668900000   121.525963123   138.670987500    -670637  0.581852174308  0.581852174308  0.143851600000  0.222048187500  0.501055000000 22440.345   162.890     0.823689625     1.000000000  -47.88460
   0  8 0.9883368100000 0.6000000000000 0.0450000000000 0.6000000000000 0.0200000000000 0.7058910013766 0.2592290144677 21022.148500000  2396.911235953 12316.564000000   332.516800000    70.282827079   103.800957500    -938154  0.422644305647  0.422644305647  0.120725700000  0.063879812500  0.231292800000 17835.956   206.571     0.848786125     1.000000000  -56.10875
   0  9 0.9782692600000 0.6000000000000 0.0450000000000 0.6000000000000 0.0200000000000 0.9282283844111 0.3567260272853 23891.195500000  2865.641874148 15737.970000000   422.413200000    65.418005057    94.204357500    -950636  0.432301656620  0.432301656620  0.124580450000  0.051418937500  0.247529700000 18810.869   198.572     0.774128125     1.000000000  -53.63661
   0 10 0.9845766400000 0.6000000000000 0.0450000000000 0.6000000000000 0.0200000000000 0.7796507854936 0.2615753595143 24156.565000000  2359.970780118 13226.026000000   239.052000000    75.895987136   108.342442500    -567369  0.519047974087  0.519047974087  0.102000700000  0.073153062500  0.370997800000 21155.977   182.882     0.856935750     1.000000000  -56.38369
   0  9 0.9707398200000 0.6000000000000 0.0450000000000 0.6000000000000 0.0200000000000 0.9657720571515 0.3958498910853 21456.254500000  2531.982863959 13054.612000000   309.001400000    70.749079132   103.479240000    -370768  0.473661058012  0.473661058012  0.144575950000  0.076726062500  0.372342800000 18558.047   198.827     0.859274125     1.000000000  -56.82283
   0 10 0.9803333800000 0.6000000000000 0.0450000000000 0.6000000000000 0.0200000000000 0.8320982052951 0.2925633398306 23404.007500000  2304.991601736 12575.614000000   251.030000000    72.491836684   102.900447500    -810745  0.526343190277  0.526343190277  0.119840800000  0.133195875000  0.588341200000 19409.611   180.881     0.812969750     1.000000000  -53.88799
   0  8 0.9789698900000 0.6000000000000 0.0450000000000 0.6000000000000 0.0200000000000 0.8807487414430 0.3584254157753 22529.666500000  2318.557244861 12041.076000000   490.081200000    66.059061305    96.504187500    -143864  0.399042602081  0.399042602081  0.115098800000  0.058824937500  0.392098700000 16195.762   209.097     0.737721250     1.000000000  -51.86006
   0  6 0.9675648100000 0.6000000000000 0.0450000000000 0.6000000000000 0.0200000000000 0.5797488155066 0.2898282581161 24070.826500000  2264.703142059 11249.728000000   329.479400000    68.383951514    97.430600000    -649368  0.572530238727  0.572530238727  0.151646100000  0.071258812500  0.205564600000 20516.647   191.045     0.855818375     1.000000000  -54.63210
   0  8 0.9868491200000 0.6000000000000 0.0450000000000 0.6000000000000 0.0200000000000 0.6030034608247 0.2255723247612 21664.141000000  3099.247433822 15836.342000000   287.069000000    69.353531302    98.798882500    -801079  0.508103072834  0.508103072834  0.231339450000  0.067096937500  0.589799400000 19742.852   186.702     0.914833875     1.000000000  -51.27043
   0  6 0.9723235800000 0.6000000000000 0.0450000000000 0.6000000000000 0.0200000000000 0.5796665916462 0.2801725998765 22425.514000000  2649.665799231 13584.494000000   253.986700000    76.603441333   110.833340000    -485523  0.533986312857  0.533986312857  0.115788550000  0.054503562500  0.579315800000 19648.346   191.747     0.878393500     1.000000000  -58.24079
   0  6 0.9698314500000 0.6000000000000 0.0450000000000 0.6000000000000 0.0200000000000 0.9574650107840 0.4712716649782 24940.483000000  2526.262141392 13366.480000000   297.816600000    70.878533591   101.967112500    -855743  0.335407887978  0.335407887978  0.119949600000  0.066631937500  0.416337100000 22016.355   193.170     0.879237000     1.000000000  -57.09411
   0  9 0.9846613300000 0.6000000000000 0.0450000000000 0.6000000000000 0.0200000000000 0.6254434030649 0.2248448106032 24134.033500000  2212.257127966 11957.010000000   244.203100000    74.469993825   106.090745000    -694794  0.572036676178  0.572036676178  0.121820950000  0.064385750000  0.274688000000 20691.181   182.660     0.846691875     1.000000000  -56.20391
   0 11 0.9887749600000 0.6000000000000 0.0450000000000 0.6000000000000 0.0200000000000 0.9737521726073 0.2867872284770 22635.803500000  2454.484475790 13592.564000000   379.661000000    66.079971972    96.309512500    -305624  0.435241549337  0.435241549337  0.123775250000  0.053530562500  0.356026400000 20094.547   200.530     0.869203125     1.000000000  -58.67246
   0  6 0.9681795300000 0.6000000000000 0.0450000000000 0.6000000000000 0.0200000000000 0.7568256156099 0.3767940387309 19471.957000000  2633.371617633 12498.162000000   483.720900000    65.951182028    94.511775000    -625383  0.434681407512  0.434681407512  0.129778100000  0.072844687500  0.367692000000 17001.965   200.331     0.888389875     1.000000000  -54.66441
   0  7 0.9834868500000 0.6000000000000 0.0450000000000 0.6000000000000 0.0200000000000 0.7621819027262 0.3149491393340 25444.640500000  2207.004976556 11564.038000000   455.922900000    64.620477416    91.537277500    -259429  0.381115407162  0.381115407162  0.140217550000  0.103233375000  0.514752800000 20730.259   193.407     0.813468875     1.000000000  -53.60919
   0  8 0.9848518900000 0.6000000000000 0.0450000000000 0.6000000000000 0.0200000000000 0.7712412344333 0.2953331603842 22023.862000000  2718.081811692 14339.204000000   279.534100000    73.237933199   107.137082500    -711759  0.411566405365  0.411566405365  0.101602650000  0.064573625000  0.297145700000 18833.620   197.346     0.848873250     1.000000000  -55.82103
   0  6 0.9517526400000 0.6000000000000 0.0450000000000 0.6000000000000 0.0200000000000 0.8984142054428 0.4903701200733 23381.908000000  3038.381347363 15578.012000000   330.067900000    71.218722669   104.051045000    -875076  0.460243723710  0.460243723710  0.146085800000  0.063674312500  0.389226800000 21075.145   202.690     0.904147750     1.000000000  -55.70185
   0  7 0.9851933700000 0.6000000000000 0.0450000000000 0.6000000000000 0.0200000000000 0.5933168491231 0.2406321872446 25954.373500000  2368.574204769 12973.102000000   317.812800000    68.124952980    97.158575000    -750304  0.475706256649  0.475706256649  0.117585900000  0.110405000000  0.480404200000 20783.201   190.412     0.795882250     1.000000000  -54.38025
   0  6 0.9588722100000 0.6000000000000 0.0450000000000 0.6000000000000 0.0200000000000 0.9554437292932 0.5032343049228 22311.925000000  2754.393715751 13918.988000000   426.217900000    67.947753375    98.796672500     -81826  0.392848929614  0.392848929614  0.136610400000  0.084852562500  0.566413200000 19545.440   205.927     0.878781750     1.000000000  -56.96987
   0  9 0.9787226000000 0.6000000000000 0.0450000000000 0.6000000000000 0.0200000000000 0.8224460870262 0.3147088161790 21839.006500000  2813.038632399 14694.630000000   213.716900000    79.964256687   110.858267500    -399034  0.484003907206  0.484003907206  0.205720250000  0.128253187500  0.524278800000 20420.070   172.585     0.952524125     1.000000000  -49.64320
   0  7 0.9847934400000 0.6000000000000 0.0450000000000 0.6000000000000 0.0200000000000 0.6944531618965 0.2829127028429 25766.372500000  2316.105542398 12523.362000000   489.590700000    64.549811956    91.804200000    -713166  0.409187110697  0.409187110697  0.122247500000  0.069353750000  0.454560300000 22040.257   196.401     0.846657375     1.000000000  -55.65728
   0 11 0.9753175700000 0.6000000000000 0.0450000000000 0.6000000000000 0.0200000000000 0.9728027392421 0.3339174242782 24415.819000000  2506.756424437 14179.160000000   442.268600000    65.655240723    96.301972500    -310549  0.563593723984  0.563593723984  0.127921100000  0.168815875000  0.431061600000 21465.934   206.659     0.852201375     1.000000000  -53.09991
   0  8 0.9797581200000 0.6000000000000 0.0450000000000 0.6000000000000 0.0200000000000 0.9020557272343 0.3643409145977 23459.573500000  2430.775987320 13031.734000000   482.376700000    65.819218026    95.758377500    -585862  0.384406593679  0.384406593679  0.171336650000  0.053517687500  0.361686400000 21626.046   206.773     0.929109750     1.000000000  -56.20062
   0  7 0.9800888900000 0.6000000000000 0.0450000000000 0.6000000000000 0.0200000000000 0.7374853286925 0.3153850005768 24318.092500000  2687.353850358 14670.970000000   306.931300000    71.636491408   105.008397500    -646101  0.416710028792  0.416710028792  0.138950900000  0.080230250000  0.464670600000 20484.686   201.756     0.833595750     1.000000000  -56.29971
   0  7 0.9791555900000 0.6000000000000 0.0450000000000 0.6000000000000 0.0200000000000 0.8251443954948 0.3559976321325 25284.449500000  2254.573990051 11847.260000000   365.043400000    68.367203613    99.486355000    -810730  0.378173099955  0.378173099955  0.128439400000  0.058559562500  0.475666800000 19077.285   202.720     0.764093625     1.000000000  -55.70323
   0  6 0.9707752000000 0.6000000000000 0.0450000000000 0.6000000000000 0.0200000000000 0.9600219023281 0.4693521465906 22843.271500000  2430.545159765 12291.702000000   472.295700000    63.920375838    88.864705000    -214332  0.329904434724  0.329904434724  0.153314900000  0.077778250000  0.359341800000 18098.682   184.918     0.800808375     1.000000000  -52.91298
   0  9 0.9693328200000 0.6000000000000 0.0450000000000 0.6000000000000 0.0200000000000 0.9567759856398 0.3963709171374 22679.449000000  2277.557563155 11828.786000000   348.536400000    68.309990368    99.414627500    -576600  0.489745546379  0.489745546379  0.156516850000  0.050180250000  0.296059400000 19784.875   199.433     0.868727500     1.000000000  -57.04299
   0  8 0.9852040600000 0.6000000000000 0.0450000000000 0.6000000000000 0.0200000000000 0.9364487843568 0.3571604452513 21382.666000000  2672.617245889 13884.772000000   442.194600000    64.182349700    90.787860000    -244951  0.336861157926  0.336861157926  0.205636800000  0.054110437500  0.236081700000 19131.101   191.422     0.896127125     1.000000000  -53.35397
   0  6 0.9765799800000 0.6000000000000 0.0450000000000 0.6000000000000 0.0200000000000 0.6901310663664 0.3223861174704 22799.747500000  2995.516301554 15556.368000000   481.533400000    65.493287565    93.449057500    -473412  0.420636144625  0.420636144625  0.107708900000  0.053901562500  0.541227100000 20506.699   198.514     0.902247875     1.000000000  -55.28030
   0  9 0.9639349700000 0.6000000000000 0.0450000000000 0.6000000000000 0.0200000000000 0.8831455772557 0.3799072801684 21150.007000000  2733.240161167 13826.790000000   398.412000000    67.618383758    99.119657500    -868225  0.581135357055  0.581135357055  0.151262350000  0.075151250000  0.395942200000 18082.696   205.935     0.848007750     1.000000000  -55.90256
   0  6 0.9883345300000 0.6000000000000 0.0450000000000 0.6000000000000 0.0200000000000 0.6484583917436 0.2685492556497 21809.104000000  2495.963704911 12773.434000000   222.779800000    83.408518738   118.747805000     -95131  0.371328807368  0.371328807368  0.204348600000  0.087474062500  0.276615500000 17533.693   185.025     0.811742250     1.000000000  -53.11767
   0  7 0.9559994300000 0.6000000000000 0.0450000000000 0.6000000000000 0.0200000000000 0.9383088103826 0.4754188622175 23778.295000000  2853.375823526 15018.556000000   323.611700000    70.496071499   102.534302500    -967929  0.474592894538  0.474592894538  0.147025800000  0.094653437500  0.583957500000 20265.970   199.160     0.845610500     1.000000000  -55.62433
   0  8 0.9771104200000 0.6000000000000 0.0450000000000 0.6000000000000 0.0200000000000 0.7207868669594 0.2983875986471 24255.290500000  2577.646742733 14124.990000000   262.203200000    72.637340725   103.932420000    -523146  0.503226390612  0.503226390612  0.138891400000  0.063170312500  0.437417100000 20447.816   186.310     0.831241250     1.000000000  -57.42551
   0  6 0.9715078100000 0.6000000000000 0.0450000000000 0.6000000000000 0.0200000000000 0.9694331550246 0.4714216430544 25319.536000000  2757.699134504 14993.202000000   357.417000000    69.909541847   102.455262500    -744850  0.323184010887  0.323184010887  0.146142750000  0.065675937500  0.235963800000 22653.174   206.644     0.889523500     1.000000000  -55.25541
   0  6 0.9834004900000 0.6000000000000 0.0450000000000 0.6000000000000 0.0200000000000 0.8212128034162 0.3597250693008 21181.921000000  2326.061467968 11429.560000000   285.159100000    70.247857712   100.001415000    -838887  0.317751805359  0.317751805359  0.119137500000  0.051820875000  0.376622700000 17731.782   187.666     0.846311500     1.000000000  -55.58381
 
  COND2           1      979973  6.589509798658788E+044  7.126938872537886E+042
  1.081558278278679E-002         100
    979973  15484010    662369         0     21271         0         0         0         0         0    499374    432660         0   6820343    979973
 PARAMETER FILE GP02B.PAR   
