  Aa Am            MSYL            MSYR           MORTJ           MORTA             K1+           PInit      ISEED   PTarget           CVADD              AR        PREG-MAX           GAMMA              P0   SSTILDA     LIKEL
   0  6 0.9606744500000 0.6000000000000 0.0200000000000 0.6000000000000 0.0200000000000 0.3977691950400 0.3977691950400 31657.610500000 17486.958633502 26210.988000000   390.902700000    67.342260849    96.502920000    -577131  0.479920240293  0.479920240293  0.147405150000  0.082723250000  0.297562900000 20367.094   197.215     0.804633125     1.000000000  -55.45165
   0  9 0.9627034500000 0.6000000000000 0.0200000000000 0.6000000000000 0.0200000000000 0.6266178112205 0.6266178112205 31878.119500000 23318.792323688 28513.520000000   347.403100000    69.833835820   103.031390000    -256483  0.362497343735  0.362497343735  0.114936300000  0.083560625000  0.397311700000 23489.568   206.304     0.857826875     1.000000000  -52.92369
   0 11 0.9654324700000 0.6000000000000 0.0200000000000 0.6000000000000 0.0200000000000 0.6810392851190 0.6810392851190 30029.564500000 18282.216636462 25453.192000000   196.207000000   122.030231942   148.988990000     -33704  0.359774556350  0.359774556350  0.170623400000  0.122136875000  0.273911100000 18811.390   178.042     0.784821875     1.000000000  -51.38568
   0  9 0.9637586600000 0.6000000000000 0.0200000000000 0.6000000000000 0.0200000000000 0.5559190259291 0.5559190259291 36166.489000000 16665.420270452 28071.240000000   206.697700000    98.466677966   134.189075000     -42587  0.398768055373  0.398768055373  0.241013100000  0.068637000000  0.542618400000 19465.944   181.570     0.722827000     1.000000000  -49.52242
   0 12 0.9839119800000 0.6000000000000 0.0200000000000 0.6000000000000 0.0200000000000 0.5127322718140 0.5127322718140 31445.039500000 14648.282016349 24203.612000000   365.178300000    67.455673636    99.702122500    -170329  0.300377221273  0.300377221273  0.131036250000  0.075190375000  0.339326300000 21523.106   205.687     0.834194625     1.000000000  -54.06073
   0  7 0.9883462600000 0.6000000000000 0.0200000000000 0.6000000000000 0.0200000000000 0.1922974330001 0.1922974330001 30492.871000000 19656.413743702 26577.124000000   481.472200000    65.639682613    94.852277500    -263578  0.543259986049  0.543259986049  0.179828050000  0.075435812500  0.559194500000 22147.187   204.745     0.857017625     1.000000000  -54.32954
   0  9 0.9663369200000 0.6000000000000 0.0200000000000 0.6000000000000 0.0200000000000 0.5140447334562 0.5140447334562 33466.543000000 15091.445277015 25451.152000000   277.686300000    70.631702208   100.856880000    -957937  0.405929582143  0.405929582143  0.109579700000  0.063515500000  0.589169500000 21328.420   185.973     0.801775250     1.000000000  -53.80947
   0 12 0.9799057200000 0.6000000000000 0.0200000000000 0.6000000000000 0.0200000000000 0.2952943409994 0.2952943409994 29728.028500000 19330.274153620 25755.816000000   281.792800000    73.336195666   108.431785000    -948734  0.591054889359  0.591054889359  0.139376100000  0.115455875000  0.579647000000 17728.336   199.415     0.760703750     1.000000000  -52.73088
   0  9 0.9740389800000 0.6000000000000 0.0200000000000 0.6000000000000 0.0200000000000 0.5301172311224 0.5301172311224 31031.413000000 30221.528687837 28812.284000000   306.565200000    69.023413226    99.263177500    -197855  0.325355748822  0.325355748822  0.144210950000  0.101327687500  0.217280600000 21274.406   191.552     0.819747625     1.000000000  -54.49058
   0  6 0.9671505200000 0.6000000000000 0.0200000000000 0.6000000000000 0.0200000000000 0.5292602843739 0.5292602843739 32530.291000000 18742.049577414 27471.988000000   214.620300000    86.201798861   120.711000000    -115895  0.316274352916  0.316274352916  0.120897550000  0.109564187500  0.467199400000 20287.133   180.525     0.786494250     1.000000000  -53.26806
   0  9 0.9617051700000 0.6000000000000 0.0200000000000 0.6000000000000 0.0200000000000 0.4311268219659 0.4311268219659 36754.819000000 12875.870935457 24172.824000000   210.456900000    88.640615006   122.989055000    -798053  0.539033564652  0.539033564652  0.164870450000  0.064627000000  0.444248900000 18972.319   178.219     0.728873500     1.000000000  -52.75429
   0 11 0.9757712200000 0.6000000000000 0.0200000000000 0.6000000000000 0.0200000000000 0.4752906679970 0.4752906679970 32662.348000000 18717.732733764 27491.520000000   248.058000000    74.643799530   107.024307500    -693835  0.390937773354  0.390937773354  0.133816150000  0.087036750000  0.267680300000 22497.962   184.671     0.824050125     1.000000000  -54.39069
   0  8 0.9878249500000 0.6000000000000 0.0200000000000 0.6000000000000 0.0200000000000 0.3188911929775 0.3188911929775 29648.824000000 20433.333595019 26166.108000000   351.721700000    68.641172606   100.475330000    -665787  0.348987917430  0.348987917430  0.178784050000  0.109125687500  0.237863300000 17727.764   204.101     0.767286375     1.000000000  -52.63606
   0 10 0.9645763300000 0.6000000000000 0.0200000000000 0.6000000000000 0.0200000000000 0.7536681129660 0.7536681129660 33130.082500000 17877.450315971 27248.504000000   248.741800000    76.446583867   110.323512500    -905880  0.309593453091  0.309593453091  0.141058250000  0.061298937500  0.590402400000 20702.683   187.992     0.781656375     1.000000000  -55.91839
   0 12 0.9773806800000 0.6000000000000 0.0200000000000 0.6000000000000 0.0200000000000 0.3646433661425 0.3646433661425 30735.709000000 20378.129019905 26834.908000000   234.025800000    72.735161757   101.399175000    -226455  0.516350887460  0.516350887460  0.168175850000  0.117230750000  0.321718100000 17830.345   172.335     0.745528000     1.000000000  -50.24855
   0  7 0.9591695800000 0.6000000000000 0.0200000000000 0.6000000000000 0.0200000000000 0.5216353613801 0.5216353613801 29786.605000000 20024.973384575 25987.128000000   271.186600000    72.685474306   104.195702500    -612820  0.405971946759  0.405971946759  0.214262950000  0.050726375000  0.402095500000 23003.731   188.484     0.895222000     1.000000000  -52.66328
   0 12 0.9781531000000 0.6000000000000 0.0200000000000 0.6000000000000 0.0200000000000 0.4480304332618 0.4480304332618 32333.825500000 16669.571591620 26100.924000000   450.033800000    64.086444996    92.804550000    -776770  0.410706624980  0.410706624980  0.150382200000  0.057022875000  0.294269300000 24297.779   200.058     0.874873625     1.000000000  -54.09616
   0  9 0.9682820000000 0.6000000000000 0.0200000000000 0.6000000000000 0.0200000000000 0.3880542521058 0.3880542521058 33471.092500000 18888.789614214 28088.436000000   211.100100000   100.827429903   138.648270000    -146507  0.513209154283  0.513209154283  0.167990150000  0.154846187500  0.386147200000 20937.275   186.819     0.781433250     1.000000000  -49.97334
   0 12 0.9609827600000 0.6000000000000 0.0200000000000 0.6000000000000 0.0200000000000 0.6793971273300 0.6793971273300 30689.039500000 22039.995566136 27189.672000000   458.921700000    64.888237550    94.606805000     -36634  0.434316193731  0.434316193731  0.100414050000  0.086839500000  0.394062100000 20799.702   204.063     0.811855375     1.000000000  -54.13904
   0  7 0.9543204200000 0.6000000000000 0.0200000000000 0.6000000000000 0.0200000000000 0.5352259079144 0.5352259079144 31813.076500000 25301.274869958 28858.616000000   315.421500000    72.105853639   105.926880000    -180874  0.435643823082  0.435643823082  0.126982900000  0.071837062500  0.413432000000 20922.732   203.347     0.804061625     1.000000000  -55.18433
   0 10 0.9695091600000 0.6000000000000 0.0200000000000 0.6000000000000 0.0200000000000 0.4388363761858 0.4388363761858 31342.493500000 19652.719036574 26990.488000000   201.489700000    99.348618919   133.114755000    -273893  0.470253815090  0.470253815090  0.119062750000  0.051543125000  0.481648200000 21681.557   177.425     0.828581750     1.000000000  -54.86415
   0  6 0.9899162000000 0.6000000000000 0.0200000000000 0.6000000000000 0.0200000000000 0.2414762907285 0.2414762907285 31542.550000000 23995.719766359 28536.856000000   220.182300000    87.400437741   124.597155000    -298783  0.394186507151  0.394186507151  0.155592200000  0.050823500000  0.443596800000 20181.643   187.721     0.791759125     1.000000000  -55.33605
   0  7 0.9622421700000 0.6000000000000 0.0200000000000 0.6000000000000 0.0200000000000 0.4748568980837 0.4748568980837 36501.734500000 15355.366984991 27063.516000000   230.336200000    83.161889484   119.309600000    -380187  0.418619740309  0.418619740309  0.186137550000  0.062941375000  0.233474800000 18510.095   188.047     0.708853875     1.000000000  -52.55893
   0  8 0.9567907600000 0.6000000000000 0.0200000000000 0.6000000000000 0.0200000000000 0.7027866695829 0.7027866695829 29893.201000000 13569.045049714 22368.496000000   312.608100000    72.572134341   107.310145000    -490718  0.341433422514  0.341433422514  0.248557400000  0.083385500000  0.248979000000 17470.350   205.095     0.778001250     1.000000000  -47.79888
   0 10 0.9894792900000 0.6000000000000 0.0200000000000 0.6000000000000 0.0200000000000 0.2168322980881 0.2168322980881 33064.297000000 20177.280394526 28604.308000000   344.127200000    67.529495435    98.301437500     -29190  0.535866570697  0.535866570697  0.168756650000  0.053044000000  0.252708400000 22721.447   199.179     0.820219750     1.000000000  -55.33227
   0 12 0.9890998200000 0.6000000000000 0.0200000000000 0.6000000000000 0.0200000000000 0.2326027994222 0.2326027994222 38614.984000000 11601.067696006 23084.512000000   449.252400000    64.595743028    94.654515000    -919409  0.557351496961  0.557351496961  0.198735600000  0.059491687500  0.349836500000 22958.448   205.399     0.794831125     1.000000000  -51.87115
   0 10 0.9536022700000 0.6000000000000 0.0200000000000 0.6000000000000 0.0200000000000 0.8030430095144 0.8030430095144 33188.470000000 24457.356729622 29773.936000000   209.476600000    93.505959132   128.925797500    -557426  0.375119505987  0.375119505987  0.109577350000  0.062005625000  0.268440600000 18226.783   180.289     0.718433875     1.000000000  -50.22295
   0 12 0.9578073400000 0.6000000000000 0.0200000000000 0.6000000000000 0.0200000000000 0.6873894567415 0.6873894567415 28380.067000000 18067.771448911 24150.660000000   467.011400000    63.806198886    91.671730000    -867593  0.465136776598  0.465136776598  0.155838100000  0.057625687500  0.483114600000 23594.236   196.836     0.943157625     1.000000000  -50.98633
   0 10 0.9612517800000 0.6000000000000 0.0200000000000 0.6000000000000 0.0200000000000 0.4442704250592 0.4442704250592 37110.746500000 16724.994004083 28507.212000000   260.757600000    76.889899210   112.733192500    -648618  0.568805534441  0.568805534441  0.148660550000  0.104663187500  0.301578400000 23324.966   195.535     0.784348375     1.000000000  -51.51017
   0 12 0.9563624200000 0.6000000000000 0.0200000000000 0.6000000000000 0.0200000000000 0.7643773930046 0.7643773930046 32748.343000000 19809.330576075 27852.936000000   409.643400000    64.502333632    92.391150000    -847179  0.433595123926  0.433595123926  0.165140650000  0.051407312500  0.522941900000 22415.314   193.502     0.816036875     1.000000000  -54.74983
   0  6 0.9727698900000 0.6000000000000 0.0200000000000 0.6000000000000 0.0200000000000 0.4342917341688 0.4342917341688 34418.428000000 15653.359488302 26545.852000000   333.216700000    70.825722112   103.812755000    -120504  0.341047132046  0.341047132046  0.161763650000  0.059881937500  0.383181300000 21357.524   205.009     0.789486125     1.000000000  -54.78613
   0  6 0.9659174000000 0.6000000000000 0.0200000000000 0.6000000000000 0.0200000000000 0.5630975350479 0.5630975350479 35091.659500000 13056.907546022 23978.336000000   428.536800000    67.612134372    98.137020000    -248607  0.305024699774  0.305024699774  0.159674200000  0.093499500000  0.263315700000 20115.772   205.467     0.771552500     1.000000000  -53.20055
   0 10 0.9670202000000 0.6000000000000 0.0200000000000 0.6000000000000 0.0200000000000 0.7016319111854 0.7016319111854 31414.759000000 17853.288840852 26199.276000000   235.875000000    84.903974533   123.680395000    -468717  0.313145151172  0.313145151172  0.123803550000  0.057620687500  0.268157800000 17687.804   193.942     0.740432375     1.000000000  -53.23316
   0 10 0.9857880100000 0.6000000000000 0.0200000000000 0.6000000000000 0.0200000000000 0.2975550561179 0.2975550561179 28612.537000000 20751.156134880 25403.176000000   485.753600000    65.159365615    95.470102500     -13564  0.439548799159  0.439548799159  0.216323800000  0.068750375000  0.206936900000 13879.687   208.988     0.686913500     1.000000000  -49.43543
   0 12 0.9650056900000 0.6000000000000 0.0200000000000 0.6000000000000 0.0200000000000 0.8099130377801 0.8099130377801 29316.967000000 16989.810654608 24336.948000000   358.661600000    67.022203832    97.679582500    -520152  0.328207484567  0.328207484567  0.171728700000  0.053157187500  0.551039900000 23178.377   198.770     0.910294875     1.000000000  -53.29866
   0 10 0.9610507000000 0.6000000000000 0.0200000000000 0.6000000000000 0.0200000000000 0.4610471047833 0.4610471047833 31774.196500000 17860.075076199 26378.672000000   189.841900000    99.659194493   128.295135000    -812551  0.550719083822  0.550719083822  0.164456000000  0.130969812500  0.388788600000 20284.272   166.633     0.793273000     1.000000000  -50.89634
   0  9 0.9741504100000 0.6000000000000 0.0200000000000 0.6000000000000 0.0200000000000 0.3865118983671 0.3865118983671 31782.742000000 15006.808745556 24645.376000000   452.015800000    66.645138721    97.998862500     -54390  0.444957690771  0.444957690771  0.152329450000  0.051646437500  0.288805800000 20806.251   210.451     0.815434625     1.000000000  -55.27411
   0 12 0.9834637000000 0.6000000000000 0.0200000000000 0.6000000000000 0.0200000000000 0.3706561113180 0.3706561113180 35337.521500000 14662.783282905 25982.184000000   421.480000000    64.717445830    94.132272500    -829424  0.421504880795  0.421504880795  0.157173300000  0.068483750000  0.314305000000 20818.566   200.980     0.762424500     1.000000000  -54.84583
   0  9 0.9823470200000 0.6000000000000 0.0200000000000 0.6000000000000 0.0200000000000 0.3862833066300 0.3862833066300 32354.021500000 15604.804623369 25504.212000000   208.249200000    87.725952645   121.530422500     -34385  0.356260712505  0.356260712505  0.124464050000  0.107022812500  0.314949100000 19773.941   177.294     0.780377500     1.000000000  -53.02941
   0  9 0.9854263100000 0.6000000000000 0.0200000000000 0.6000000000000 0.0200000000000 0.3748906247984 0.3748906247984 39856.444000000 16455.503819878 29848.456000000   266.968000000    72.757259636   105.144377500    -255049  0.335324850506  0.335324850506  0.197293700000  0.051796000000  0.241411400000 19341.445   190.517     0.681936875     1.000000000  -50.30441
   0 10 0.9686158500000 0.6000000000000 0.0200000000000 0.6000000000000 0.0200000000000 0.6000493869816 0.6000493869816 32345.152000000 28097.550532668 29783.408000000   242.067600000    78.465160183   113.342860000    -946103  0.351797569772  0.351797569772  0.136015050000  0.078537375000  0.346504900000 23095.564   188.474     0.835374500     1.000000000  -54.29286
   0  8 0.9546889100000 0.6000000000000 0.0200000000000 0.6000000000000 0.0200000000000 0.6339889998199 0.6339889998199 28538.138500000 20803.284406331 25214.892000000   422.425300000    66.084300727    94.822215000    -952846  0.395292322634  0.395292322634  0.173001000000  0.050076312500  0.453376100000 18028.166   197.249     0.794946625     1.000000000  -54.94353
   0  8 0.9843547200000 0.6000000000000 0.0200000000000 0.6000000000000 0.0200000000000 0.2578390302679 0.2578390302679 32964.383500000 18174.457453692 27573.908000000   315.267400000    68.791763749    99.082412500    -416837  0.478217658288  0.478217658288  0.100512300000  0.082433437500  0.310360800000 19758.590   193.899     0.765658750     1.000000000  -52.94342
   0 12 0.9531630000000 0.6000000000000 0.0200000000000 0.6000000000000 0.0200000000000 0.6434081155766 0.6434081155766 33224.839000000 17991.490893665 27187.832000000   404.596300000    67.352740660    99.757405000    -471763  0.557120433592  0.557120433592  0.152342950000  0.110695937500  0.443077800000 19547.610   209.489     0.750182000     1.000000000  -53.07024
   0  7 0.9793408500000 0.6000000000000 0.0200000000000 0.6000000000000 0.0200000000000 0.4009960349498 0.4009960349498 30709.748500000 16129.607737905 24971.556000000   198.154400000   111.682129832   143.473675000    -142818  0.334142901443  0.334142901443  0.183958100000  0.095318812500  0.522524300000 22736.635   179.674     0.875636625     1.000000000  -51.05738
   0  8 0.9888979000000 0.6000000000000 0.0200000000000 0.6000000000000 0.0200000000000 0.2320849555895 0.2320849555895 32290.477000000 19983.163515194 28001.556000000   201.943200000   112.734647799   146.420352500    -978717  0.463972076066  0.463972076066  0.140060800000  0.117889875000  0.216607800000 18014.184   183.877     0.734548125     1.000000000  -50.94956
   0 12 0.9594820400000 0.6000000000000 0.0200000000000 0.6000000000000 0.0200000000000 0.6867861346515 0.6867861346515 28912.007500000 19580.735911077 25096.152000000   487.467000000    65.469914432    96.657945000    -146412  0.446352193046  0.446352193046  0.102885100000  0.059498375000  0.520065600000 21282.645   211.436     0.862663625     1.000000000  -53.13895
   0 12 0.9601677200000 0.6000000000000 0.0200000000000 0.6000000000000 0.0200000000000 0.8443261769022 0.8443261769022 31525.189000000 22923.891730120 28071.788000000   274.210800000    76.563947055   113.975050000    -988067  0.356812860986  0.356812860986  0.202347100000  0.059478125000  0.436861100000 22471.617   202.049     0.834636500     1.000000000  -52.39513
   0 11 0.9690393600000 0.6000000000000 0.0200000000000 0.6000000000000 0.0200000000000 0.6612206997992 0.6612206997992 34143.122500000 17186.555051504 27394.492000000   484.538800000    65.725754937    97.053275000    -638006  0.337510752536  0.337510752536  0.201631900000  0.114272562500  0.230255900000 19071.238   212.208     0.733158500     1.000000000  -50.79829
   0 10 0.9839381900000 0.6000000000000 0.0200000000000 0.6000000000000 0.0200000000000 0.2783466618609 0.2783466618609 30860.111500000 13359.133787284 22829.780000000   431.036000000    65.457693084    95.251962500    -707256  0.497342947776  0.497342947776  0.158309650000  0.101106375000  0.397758700000 17905.072   203.340     0.769092125     1.000000000  -52.31792
   0  8 0.9861759900000 0.6000000000000 0.0200000000000 0.6000000000000 0.0200000000000 0.3260752950114 0.3260752950114 43684.612000000 10311.030582765 21462.676000000   364.317700000    64.515855319    90.054920000    -533141  0.358603349669  0.358603349669  0.213578700000  0.072284312500  0.513433500000 19738.463   182.551     0.721743125     1.000000000  -45.92344
   0 10 0.9703321900000 0.6000000000000 0.0200000000000 0.6000000000000 0.0200000000000 0.3658262657342 0.3658262657342 31482.799000000 15178.385281175 24556.356000000   270.117100000    69.133617340    97.174175000    -432854  0.552347312808  0.552347312808  0.179805750000  0.111687062500  0.304127300000 13682.462   178.350     0.655060750     1.000000000  -45.60465
   0  9 0.9669182100000 0.6000000000000 0.0200000000000 0.6000000000000 0.0200000000000 0.3816394813324 0.3816394813324 34220.788000000 18875.366627341 28539.896000000   365.657400000    68.257580232    99.859455000    -392554  0.539241142513  0.539241142513  0.203331750000  0.064759687500  0.308950700000 20314.397   203.523     0.758046000     1.000000000  -53.28843
   0 11 0.9560775100000 0.6000000000000 0.0200000000000 0.6000000000000 0.0200000000000 0.7685351450770 0.7685351450770 27904.097500000 18997.349805874 24164.216000000   282.378800000    74.573191905   110.304630000    -690415  0.401171641774  0.401171641774  0.126282050000  0.086389562500  0.240652000000 17182.894   200.295     0.780269875     1.000000000  -52.47488
   0 11 0.9679207600000 0.6000000000000 0.0200000000000 0.6000000000000 0.0200000000000 0.5804120334172 0.5804120334172 32251.651000000 23832.492418039 28933.920000000   379.584900000    66.831913894    97.586567500    -211583  0.395931243357  0.395931243357  0.185724450000  0.097582187500  0.418753400000 22796.967   201.932     0.830682125     1.000000000  -53.03199
   0  6 0.9818152600000 0.6000000000000 0.0200000000000 0.6000000000000 0.0200000000000 0.3952635458496 0.3952635458496 33396.383500000 14580.843070985 25197.744000000   345.246300000    67.835893557    97.010050000     -31153  0.301403845401  0.301403845401  0.144442650000  0.111391875000  0.564805300000 17042.510   194.438     0.715374750     1.000000000  -51.78634
   0 11 0.9511478700000 0.6000000000000 0.0200000000000 0.6000000000000 0.0200000000000 0.8771894414957 0.8771894414957 36025.306000000 17054.763062711 28102.028000000   332.099100000    69.293794989   101.455140000    -454398  0.394318945603  0.394318945603  0.116247600000  0.094973312500  0.321025000000 20744.668   199.910     0.743901000     1.000000000  -52.22021
   0  6 0.9582780600000 0.6000000000000 0.0200000000000 0.6000000000000 0.0200000000000 0.5636703579176 0.5636703579176 29572.090000000 16709.775255137 24466.888000000   440.498300000    66.600551277    95.432337500     -33749  0.354748338356  0.354748338356  0.152991900000  0.073693375000  0.394225200000 16179.771   198.978     0.742639375     1.000000000  -53.44578
   0  9 0.9550089000000 0.6000000000000 0.0200000000000 0.6000000000000 0.0200000000000 0.7789431304818 0.7789431304818 32961.359500000 17474.189994810 26858.352000000   273.808200000    75.920108006   111.885267500    -767805  0.346014647442  0.346014647442  0.131534600000  0.053865437500  0.579576600000 24018.433   199.367     0.859956500     1.000000000  -53.70846
   0 12 0.9673119100000 0.6000000000000 0.0200000000000 0.6000000000000 0.0200000000000 0.5356603185528 0.5356603185528 31853.333500000 27198.834007200 29226.256000000   319.955400000    70.198386364   103.745447500    -879876  0.466707216592  0.466707216592  0.155758550000  0.071711625000  0.276437800000 18441.067   202.626     0.735862000     1.000000000  -54.02694
   0  7 0.9789299400000 0.6000000000000 0.0200000000000 0.6000000000000 0.0200000000000 0.2963179769648 0.2963179769648 31604.569000000 22399.573617035 28177.044000000   231.863300000    77.047479293   108.921560000    -464970  0.456970259747  0.456970259747  0.171804150000  0.061053500000  0.310887500000 21841.524   180.479     0.828765375     1.000000000  -54.42433
   0 12 0.9681032900000 0.6000000000000 0.0200000000000 0.6000000000000 0.0200000000000 0.6501454048404 0.6501454048404 37619.156500000 12774.970281700 24293.064000000   266.801700000    72.599596587   104.938035000      -4809  0.376407472429  0.376407472429  0.150283750000  0.065233500000  0.213982800000 19799.089   188.167     0.732616625     1.000000000  -53.57654
   0 12 0.9739666700000 0.6000000000000 0.0200000000000 0.6000000000000 0.0200000000000 0.5250870280542 0.5250870280542 28833.545500000 25903.408745167 26422.808000000   287.508700000    71.871239297   105.480525000     -15126  0.395996438161  0.395996438161  0.155217600000  0.077180750000  0.444447500000 17854.239   196.659     0.773022750     1.000000000  -54.86351
   0  7 0.9789025000000 0.6000000000000 0.0200000000000 0.6000000000000 0.0200000000000 0.2767305231877 0.2767305231877 33415.864000000 16627.672197733 26841.136000000   300.098900000    71.689350497   104.656422500    -369365  0.489658519511  0.489658519511  0.188600300000  0.064476687500  0.376307800000 21008.009   199.381     0.791121750     1.000000000  -54.35074
   0 10 0.9884874600000 0.6000000000000 0.0200000000000 0.6000000000000 0.0200000000000 0.3466876071420 0.3466876071420 35270.723500000 13724.837053719 25074.960000000   454.279700000    65.355404012    95.594740000    -324374  0.346223038132  0.346223038132  0.164737950000  0.101838125000  0.500419200000 20618.533   206.986     0.766275875     1.000000000  -52.99387
   0 11 0.9801788500000 0.6000000000000 0.0200000000000 0.6000000000000 0.0200000000000 0.4933137517551 0.4933137517551 37344.755500000 13933.495445877 25916.872000000   345.267700000    64.496863743    90.652302500    -233921  0.331599643249  0.331599643249  0.115296450000  0.065629687500  0.289599100000 22764.908   182.479     0.783118500     1.000000000  -49.00865
   0 10 0.9630653100000 0.6000000000000 0.0200000000000 0.6000000000000 0.0200000000000 0.7732658886169 0.7732658886169 33942.296500000 16141.746963218 26492.600000000   415.521900000    66.169425416    96.189880000    -874264  0.312974259397  0.312974259397  0.134014950000  0.073468437500  0.541374300000 21852.155   202.141     0.799851375     1.000000000  -55.30889
   0 10 0.9545392900000 0.6000000000000 0.0200000000000 0.6000000000000 0.0200000000000 0.8468021617866 0.8468021617866 30181.426000000 20619.004149511 26392.916000000   251.957600000    74.812679076   107.232567500    -975064  0.348346718334  0.348346718334  0.130631250000  0.055093625000  0.564453000000 17415.287   185.149     0.747597875     1.000000000  -54.85330
   0  6 0.9531924600000 0.6000000000000 0.0200000000000 0.6000000000000 0.0200000000000 0.4016263297629 0.4016263297629 35539.441000000 15563.390947741 26778.624000000   378.928700000    66.079906317    92.748520000    -997237  0.547469026145  0.547469026145  0.151068650000  0.100092250000  0.576607400000 20082.251   186.449     0.751884375     1.000000000  -52.02159
   0  9 0.9713883300000 0.6000000000000 0.0200000000000 0.6000000000000 0.0200000000000 0.3418169219679 0.3418169219679 27710.656000000 19746.632199761 24353.352000000   253.910400000    75.300147375   108.706117500    -614038  0.539734326103  0.539734326103  0.130517650000  0.069109062500  0.200307900000 16312.983   188.861     0.765832125     1.000000000  -53.23198
   0 11 0.9528314200000 0.6000000000000 0.0200000000000 0.6000000000000 0.0200000000000 0.6573228593259 0.6573228593259 34579.685500000 17509.726353872 27695.140000000   324.420800000    69.084445350   100.582417500     -20339  0.506157475527  0.506157475527  0.188244100000  0.050815687500  0.479238700000 25087.528   196.771     0.852164750     1.000000000  -53.60452
   0 12 0.9557128600000 0.6000000000000 0.0200000000000 0.6000000000000 0.0200000000000 0.9413952286715 0.9413952286715 30256.364500000 27039.095100823 27789.772000000   365.812500000    66.010973827    95.084327500    -142536  0.357757291421  0.357757291421  0.108958050000  0.081030750000  0.436515200000 23669.893   194.057     0.886573375     1.000000000  -52.28459
   0 12 0.9838628300000 0.6000000000000 0.0200000000000 0.6000000000000 0.0200000000000 0.2776258595657 0.2776258595657 32949.479500000 17724.960160296 27194.188000000   349.035700000    68.413029530   101.459397500    -420324  0.555624079439  0.555624079439  0.156664300000  0.111613250000  0.373576300000 22631.433   206.339     0.822726250     1.000000000  -52.87497
   0  9 0.9766793400000 0.6000000000000 0.0200000000000 0.6000000000000 0.0200000000000 0.4559296225543 0.4559296225543 34078.903000000 15417.872566903 26145.336000000   341.469800000    67.108650945    96.269180000    -575388  0.353013385651  0.353013385651  0.201123200000  0.058405250000  0.437702700000 21402.866   192.847     0.792078250     1.000000000  -53.61105
   0  9 0.9702644700000 0.6000000000000 0.0200000000000 0.6000000000000 0.0200000000000 0.4040005675479 0.4040005675479 33875.431000000 16265.541708092 26667.740000000   258.692400000    80.585188540   119.922907500    -708326  0.469606520565  0.469606520565  0.122965450000  0.062380875000  0.266317600000 21006.984   203.023     0.783966125     1.000000000  -52.60808
   0 10 0.9596193400000 0.6000000000000 0.0200000000000 0.6000000000000 0.0200000000000 0.8045306187316 0.8045306187316 28104.019000000 23799.850002772 25459.380000000   251.929500000    76.995666892   111.737717500    -301674  0.326384699793  0.326384699793  0.131036450000  0.052667875000  0.368579700000 21111.876   190.548     0.875416875     1.000000000  -55.11317
   0  9 0.9718902000000 0.6000000000000 0.0200000000000 0.6000000000000 0.0200000000000 0.5721864139894 0.5721864139894 33402.242500000 14948.653225836 25353.956000000   285.397600000    71.954375629   104.641147500    -268990  0.318394549195  0.318394549195  0.128551700000  0.074330875000  0.379634700000 19685.554   194.522     0.767776250     1.000000000  -55.05837
   0  8 0.9581120600000 0.6000000000000 0.0200000000000 0.6000000000000 0.0200000000000 0.5680365943094 0.5680365943094 29104.612000000 28341.854077720 26859.852000000   461.702300000    66.156304557    95.777520000    -751015  0.410884089594  0.410884089594  0.104487300000  0.072009687500  0.416655800000 20641.182   203.307     0.843995750     1.000000000  -54.73786
   0 10 0.9749993800000 0.6000000000000 0.0200000000000 0.6000000000000 0.0200000000000 0.4323486274086 0.4323486274086 31077.340000000 21771.324647100 27539.160000000   407.426900000    64.564528814    92.017920000    -178170  0.413299586454  0.413299586454  0.151322450000  0.067804125000  0.298395600000 23357.285   192.391     0.869720125     1.000000000  -53.93033
   0  7 0.9881285000000 0.6000000000000 0.0200000000000 0.6000000000000 0.0200000000000 0.2275422651667 0.2275422651667 30934.928500000 17450.404599524 25949.532000000   432.973800000    66.856033668    97.439180000    -932490  0.462099445484  0.462099445484  0.129382500000  0.122602187500  0.538913200000 22084.984   207.491     0.850928625     1.000000000  -52.62705
   0  7 0.9780019200000 0.6000000000000 0.0200000000000 0.6000000000000 0.0200000000000 0.4323771560524 0.4323771560524 34868.464000000 20241.836709933 29809.880000000   262.547500000    78.017421268   115.190777500    -104491  0.320636587895  0.320636587895  0.171310200000  0.060055625000  0.586195100000 18881.065   200.882     0.721450375     1.000000000  -51.69325
   0 10 0.9684118400000 0.6000000000000 0.0200000000000 0.6000000000000 0.0200000000000 0.5851214065647 0.5851214065647 28995.761500000 22534.369920227 26015.700000000   244.903400000    72.171032272   101.216427500    -672976  0.362635365288  0.362635365288  0.143722750000  0.071684750000  0.579570100000 19910.894   175.883     0.826867750     1.000000000  -53.16946
   0  9 0.9786116100000 0.6000000000000 0.0200000000000 0.6000000000000 0.0200000000000 0.3632892902498 0.3632892902498 29879.242000000 21892.941387383 26655.944000000   286.056000000    72.487580447   106.101762500    -298047  0.420553594574  0.420553594574  0.109468500000  0.057047687500  0.301730000000 19575.153   197.549     0.804689625     1.000000000  -55.80029
   0 12 0.9857283400000 0.6000000000000 0.0200000000000 0.6000000000000 0.0200000000000 0.3517251041442 0.3517251041442 27947.851000000 21806.052834455 25077.892000000   310.189100000    67.406080364    96.938095000     -74969  0.412841257684  0.412841257684  0.133269400000  0.059511250000  0.520713800000 18431.264   189.625     0.807279000     1.000000000  -55.08886
   0  9 0.9557731800000 0.6000000000000 0.0200000000000 0.6000000000000 0.0200000000000 0.8653148071466 0.8653148071466 35060.879500000 14537.423743448 25504.868000000   311.220000000    68.999472230    99.028787500    -177250  0.306374244262  0.306374244262  0.161638050000  0.054687375000  0.553757200000 21820.238   190.589     0.793964250     1.000000000  -54.83053
   0 10 0.9737161000000 0.6000000000000 0.0200000000000 0.6000000000000 0.0200000000000 0.4050801575718 0.4050801575718 40934.662000000 11659.519880195 23450.724000000   287.966100000    73.667404895   109.070052500    -807044  0.456569428774  0.456569428774  0.229588950000  0.059470687500  0.370084300000 24815.025   201.772     0.811501625     1.000000000  -49.19575
   0 11 0.9806801000000 0.6000000000000 0.0200000000000 0.6000000000000 0.0200000000000 0.3434229975499 0.3434229975499 33141.490000000 26036.637476571 30199.904000000   262.815100000    67.941584845    94.323112500    -175797  0.469276338222  0.469276338222  0.189514100000  0.099720750000  0.511679600000 18623.805   172.781     0.725955500     1.000000000  -47.51051
   0  6 0.9783634300000 0.6000000000000 0.0200000000000 0.6000000000000 0.0200000000000 0.2168289221611 0.2168289221611 30207.670000000 23389.317780238 27246.560000000   229.583700000    80.704059199   115.165882500    -753773  0.599110505778  0.599110505778  0.148098000000  0.061556625000  0.301070400000 22690.163   185.339     0.874977125     1.000000000  -54.94016
   0  9 0.9591325100000 0.6000000000000 0.0200000000000 0.6000000000000 0.0200000000000 0.6359359729160 0.6359359729160 35415.592000000 17663.760749306 28403.592000000   385.537800000    65.905079855    94.139032500    -535941  0.387223990942  0.387223990942  0.162426350000  0.069879750000  0.548735600000 23484.565   192.955     0.809071375     1.000000000  -53.41637
   0 10 0.9514030900000 0.6000000000000 0.0200000000000 0.6000000000000 0.0200000000000 0.8902670853677 0.8902670853677 30228.433000000 21556.309040333 26691.612000000   305.047300000    68.119325245    96.806925000    -452958  0.355262567825  0.355262567825  0.103948850000  0.050782500000  0.334500200000 23451.932   185.312     0.890304875     1.000000000  -50.93131
   0 11 0.9852013200000 0.6000000000000 0.0200000000000 0.6000000000000 0.0200000000000 0.3232097744523 0.3232097744523 32520.557500000 18814.688367820 27554.408000000   318.826300000    70.412612565   104.447382500    -665608  0.433883107468  0.433883107468  0.138719650000  0.057799625000  0.536265000000 19175.964   204.956     0.753431875     1.000000000  -55.06012
   0 10 0.9671322300000 0.6000000000000 0.0200000000000 0.6000000000000 0.0200000000000 0.6603009758129 0.6603009758129 30149.755000000 22995.910344460 27054.176000000   313.168000000    67.946645174    97.192017500     -99570  0.331819375908  0.331819375908  0.164347650000  0.101870937500  0.577950400000 19518.692   188.868     0.795599375     1.000000000  -53.89352
   0 10 0.9546053200000 0.6000000000000 0.0200000000000 0.6000000000000 0.0200000000000 0.9219455189164 0.9219455189164 31963.682500000 27023.266401463 29263.324000000   251.337400000    79.974283429   117.325475000    -814392  0.319480120249  0.319480120249  0.184971300000  0.054222625000  0.249077200000 21844.861   195.790     0.813902875     1.000000000  -53.83339
   0  8 0.9746578100000 0.6000000000000 0.0200000000000 0.6000000000000 0.0200000000000 0.5245596988845 0.5245596988845 30242.297500000 19362.446551685 26174.788000000   420.314700000    65.969783112    94.983187500    -243057  0.304674432962  0.304674432962  0.168603450000  0.093764437500  0.320465700000 18347.465   199.389     0.774602875     1.000000000  -54.22656
   0 11 0.9735054300000 0.6000000000000 0.0200000000000 0.6000000000000 0.0200000000000 0.5177714475143 0.5177714475143 30633.487000000 15203.849924408 24128.408000000   427.962100000    65.426749567    95.310235000    -440605  0.382228000739  0.382228000739  0.208349400000  0.104375312500  0.354524400000 19767.341   202.896     0.806505750     1.000000000  -51.49096
   0  9 0.9737485600000 0.6000000000000 0.0200000000000 0.6000000000000 0.0200000000000 0.2921166200514 0.2921166200514 27373.669000000 21392.786134336 24470.560000000   334.568300000    68.648987061    99.791140000    -415550  0.594869013380  0.594869013380  0.137242150000  0.057902312500  0.547329400000 18278.235   198.353     0.820908500     1.000000000  -55.22432
   0  9 0.9713659700000 0.6000000000000 0.0200000000000 0.6000000000000 0.0200000000000 0.4302878380791 0.4302878380791 29268.934000000 16506.222084423 24196.592000000   459.701600000    65.252741622    94.228960000    -959121  0.429000258413  0.429000258413  0.131455500000  0.075163875000  0.368259200000 20576.605   201.282     0.849189500     1.000000000  -54.47342
   0 11 0.9732969000000 0.6000000000000 0.0200000000000 0.6000000000000 0.0200000000000 0.4604758139362 0.4604758139362 32711.704000000 25442.741720143 29686.712000000   229.269200000    84.691442617   122.053835000     -38880  0.432257044282  0.432257044282  0.132559550000  0.087649250000  0.475457900000 19787.374   189.278     0.756576250     1.000000000  -53.18783
   0  7 0.9845072500000 0.6000000000000 0.0200000000000 0.6000000000000 0.0200000000000 0.3689921485080 0.3689921485080 35975.923000000 19457.296688995 30192.196000000   206.638800000    80.326929710   109.902637500    -240229  0.316249931917  0.316249931917  0.118732200000  0.064540125000  0.319905200000 22368.986   168.911     0.776317000     1.000000000  -48.87359
   0  7 0.9644287300000 0.6000000000000 0.0200000000000 0.6000000000000 0.0200000000000 0.3398757943036 0.3398757943036 37607.128000000 13354.352662725 25137.628000000   286.170600000    72.877909692   106.009820000    -583318  0.558456413401  0.558456413401  0.138164200000  0.055181437500  0.495542800000 23629.895   196.214     0.808407375     1.000000000  -53.27929
 
  COND2           1      879269  6.941753863978426E+043  4.537608371058502E+041
  6.536688652423537E-003         100
    879269     77314     41525         0   1015205         0         0         0         0         0    246777    210959         0   3028951    879269
 PARAMETER FILE GP02D.PAR   
