  Aa Am            MSYL            MSYR           MORTJ           MORTA             K1+           PInit      ISEED   PTarget           CVADD              AR        PREG-MAX           GAMMA              P0   SSTILDA     LIKEL
   0  6 0.9815846800000 0.6000000000000 0.0450000000000 0.6000000000000 0.0100000000000 0.6440916395382 0.1841067720528 25424.917000000  2548.497180543 13837.420000000   428.721200000   129.126835116   141.057495000    -314894  0.416995283422  0.416995283422  0.129115950000  0.064088437500  0.482713000000 21167.844   182.827     0.826051000     1.000000000  -56.59232
   0  6 0.9802135200000 0.6000000000000 0.0450000000000 0.6000000000000 0.0100000000000 0.7735962958057 0.2269750063296 25152.230500000  2272.368519758 11683.822000000   399.121200000   130.486149643   141.948450000    -596454  0.354753057470  0.354753057470  0.150224050000  0.070675000000  0.298649000000 19597.170   182.295     0.786884000     1.000000000  -54.85884
   0  9 0.9600057600000 0.6000000000000 0.0450000000000 0.6000000000000 0.0100000000000 0.9530231623612 0.2921650611069 25847.602000000  2420.319443973 13373.950000000   405.934000000   134.393307196   148.142495000    -551456  0.574774307927  0.574774307927  0.167997550000  0.070978687500  0.227955400000 19275.679   191.234     0.741683625     1.000000000  -53.98476
   0 10 0.9898095000000 0.6000000000000 0.0450000000000 0.6000000000000 0.0100000000000 0.6231808178720 0.1046923274955 27158.614000000  2547.841448748 15392.582000000   402.347300000   133.673071471   147.086830000    -387665  0.587916880255  0.587916880255  0.113831400000  0.057456312500  0.465669000000 23041.832   190.772     0.815959250     1.000000000  -53.27881
   0  9 0.9748354200000 0.6000000000000 0.0450000000000 0.6000000000000 0.0100000000000 0.9100975777660 0.2312855324107 23601.620500000  2447.712821460 13275.092000000   345.458600000   137.785085424   149.216977500    -860357  0.468305109520  0.468305109520  0.132223400000  0.064153062500  0.428097800000 20270.033   187.512     0.845647125     1.000000000  -57.33128
   0 10 0.9877119400000 0.6000000000000 0.0450000000000 0.6000000000000 0.0100000000000 0.9092048212887 0.1621175552657 22714.076500000  2399.144419209 13136.808000000   411.774700000   134.050555938   148.077267500    -499663  0.419451714617  0.419451714617  0.113607450000  0.064681562500  0.568959300000 19828.651   192.695     0.857632375     1.000000000  -56.89022
   0  7 0.9788013400000 0.6000000000000 0.0450000000000 0.6000000000000 0.0100000000000 0.8745615919937 0.2441999304675 23685.847000000  2389.952781686 12567.010000000   485.316800000   127.968088746   140.954600000    -739116  0.358870965389  0.358870965389  0.165456950000  0.055468875000  0.470020600000 20534.728   185.130     0.863692125     1.000000000  -56.57239
   0  7 0.9874300900000 0.6000000000000 0.0450000000000 0.6000000000000 0.0100000000000 0.7342282536912 0.1706238968394 26528.623000000  2547.382445434 14455.084000000   438.176600000   128.541847952   140.590015000    -246216  0.370008153773  0.370008153773  0.136394950000  0.114064937500  0.349325900000 22059.328   182.974     0.818281250     1.000000000  -53.31355
   0  8 0.9669340300000 0.6000000000000 0.0450000000000 0.6000000000000 0.0100000000000 0.7729659174863 0.2375607242943 24009.172000000  2440.161334473 13001.220000000   416.255500000   131.390229476   144.124780000    -772878  0.554911241685  0.554911241685  0.112035350000  0.061758937500  0.411007100000 21743.135   186.249     0.906519000     1.000000000  -55.73214
   0  6 0.9840117000000 0.6000000000000 0.0450000000000 0.6000000000000 0.0100000000000 0.6953129983689 0.1890510754676 22581.209500000  2447.163564828 12571.340000000   384.093000000   132.270030294   143.851715000    -530567  0.371627441711  0.371627441711  0.138896800000  0.140690125000  0.397272200000 20385.101   184.111     0.909726000     1.000000000  -53.34883
   0  8 0.9744754400000 0.6000000000000 0.0450000000000 0.6000000000000 0.0100000000000 0.9233728309747 0.2560800537205 22608.479500000  2295.535750838 11823.048000000   427.465800000   131.220064101   144.321535000    -271129  0.410568991631  0.410568991631  0.156710500000  0.119530812500  0.261911900000 20491.894   187.452     0.914302500     1.000000000  -52.74090
   0  7 0.9548996500000 0.6000000000000 0.0450000000000 0.6000000000000 0.0100000000000 0.9214584331554 0.3450057137115 23966.404000000  2505.347269517 13019.726000000   300.115500000   138.987918685   146.329385000    -700174  0.491039501141  0.491039501141  0.116710650000  0.087283562500  0.479172400000 19457.960   177.070     0.810920000     1.000000000  -55.51409
   0  7 0.9692690300000 0.6000000000000 0.0450000000000 0.6000000000000 0.0100000000000 0.8025288208937 0.2586180573157 23785.382500000  2465.622214960 12942.652000000   343.396000000   130.890326331   139.559635000    -379108  0.454895244559  0.454895244559  0.112966750000  0.108594687500  0.395859800000 19766.821   174.117     0.828003375     1.000000000  -54.41281
   0  8 0.9782870900000 0.6000000000000 0.0450000000000 0.6000000000000 0.0100000000000 0.7067579646282 0.1840849559215 18998.107000000  2894.349621619 13668.894000000   380.919000000   129.080811092   139.198625000    -675310  0.503090528989  0.503090528989  0.188726950000  0.075297312500  0.546248500000 17532.677   176.993     0.950991375     1.000000000  -51.28221
   0  8 0.9827653400000 0.6000000000000 0.0450000000000 0.6000000000000 0.0100000000000 0.6555809127215 0.1566514561282 21450.517000000  2549.322339020 13223.508000000   348.543400000   133.504600962   143.567600000     -23281  0.502183048656  0.502183048656  0.116191650000  0.050950437500  0.254109200000 17567.917   180.568     0.818184250     1.000000000  -55.53190
   0  6 0.9533571100000 0.6000000000000 0.0450000000000 0.6000000000000 0.0100000000000 0.7117366582171 0.2897729571632 23526.817000000  2700.062550715 13882.120000000   493.204200000   126.546259156   138.700822500    -300357  0.568583600805  0.568583600805  0.108694600000  0.115214687500  0.368123400000 20632.654   180.644     0.876532875     1.000000000  -54.65138
   0  8 0.9854666500000 0.6000000000000 0.0450000000000 0.6000000000000 0.0100000000000 0.9779971180448 0.2200347654470 22266.254500000  2610.849374321 13876.688000000   392.073100000   132.549436021   144.796587500    -344963  0.321058509069  0.321058509069  0.162502450000  0.114390750000  0.579249900000 20345.773   186.282     0.918150125     1.000000000  -54.01588
   0 10 0.9808015800000 0.6000000000000 0.0450000000000 0.6000000000000 0.0100000000000 0.7478753777643 0.1565845895378 23641.189000000  2348.142460391 12933.104000000   396.079900000   130.272112569   141.789947500    -747547  0.580569689830  0.580569689830  0.120961700000  0.107352500000  0.434276200000 19759.734   182.142     0.817339375     1.000000000  -55.36618
   0  9 0.9643961700000 0.6000000000000 0.0450000000000 0.6000000000000 0.0100000000000 0.9621063774567 0.2813395333141 25299.043000000  2329.240654496 12683.316000000   401.828800000   128.597391215   139.488915000    -474551  0.529346338285  0.529346338285  0.169164850000  0.079990250000  0.214569400000 20095.321   178.486     0.784265125     1.000000000  -54.41339
   0 12 0.9890603800000 0.6000000000000 0.0450000000000 0.6000000000000 0.0100000000000 0.8050478277457 0.1127921226275 22909.435000000  2573.205335790 14422.202000000   429.378100000   134.408750053   149.537590000    -365620  0.598211418925  0.598211418925  0.144701200000  0.073686937500  0.429335200000 20517.523   196.290     0.871339000     1.000000000  -55.43840
   0  9 0.9746693400000 0.6000000000000 0.0450000000000 0.6000000000000 0.0100000000000 0.9359359284499 0.2384764236815 23458.007500000  2585.361806739 14057.520000000   445.493600000   131.119700459   144.888952500    -508447  0.456695661138  0.456695661138  0.150301850000  0.060069125000  0.262310900000 20977.299   189.535     0.884888625     1.000000000  -56.78781
   0  7 0.9819639200000 0.6000000000000 0.0450000000000 0.6000000000000 0.0100000000000 0.9374017139740 0.2465777996146 22217.857000000  2447.305105210 12662.456000000   254.008200000   148.834935838   149.767007500    -992511  0.317849347924  0.317849347924  0.134729700000  0.051971625000  0.376371000000 20435.473   172.407     0.933100375     1.000000000  -54.60962
   0  9 0.9697870200000 0.6000000000000 0.0450000000000 0.6000000000000 0.0100000000000 0.7895584568549 0.2159729612715 23541.748000000  2602.413230925 14093.402000000   415.600700000   130.996583163   143.602732500    -390052  0.588888558571  0.588888558571  0.135260400000  0.053686875000  0.341275900000 21610.659   185.679     0.918700250     1.000000000  -56.50061
   0  8 0.9840358000000 0.6000000000000 0.0450000000000 0.6000000000000 0.0100000000000 0.5416840388722 0.1259310451050 23620.655500000  2379.295239123 12806.170000000   381.279800000   135.154692774   147.970862500    -663396  0.594441156799  0.594441156799  0.124923150000  0.085610750000  0.512827600000 20432.470   189.836     0.857160000     1.000000000  -56.45569
   0  8 0.9679983300000 0.6000000000000 0.0450000000000 0.6000000000000 0.0100000000000 0.8614641637390 0.2613236636311 22183.823500000  2532.552681587 13110.828000000   394.661400000   130.209955581   141.479312500    -320610  0.489429360252  0.489429360252  0.182579600000  0.064411875000  0.397535400000 20777.418   180.971     0.962354625     1.000000000  -53.90789
   0  9 0.9687540100000 0.6000000000000 0.0450000000000 0.6000000000000 0.0100000000000 0.7982102845201 0.2213390028333 21601.555000000  2589.135376630 13372.312000000   433.652900000   131.217518824   144.610297500    -457715  0.592844650816  0.592844650816  0.160069550000  0.056532562500  0.478591000000 20137.435   188.161     0.953108125     1.000000000  -55.50920
   0  6 0.9659346000000 0.6000000000000 0.0450000000000 0.6000000000000 0.0100000000000 0.6985234485490 0.2520641070213 24344.552500000  2556.683411044 13381.674000000   434.578600000   128.979406694   140.986645000    -798287  0.486474522153  0.486474522153  0.119323050000  0.057708000000  0.544550000000 21300.425   182.343     0.872326625     1.000000000  -57.05268
   0  6 0.9555125700000 0.6000000000000 0.0450000000000 0.6000000000000 0.0100000000000 0.7325379886216 0.2929392575671 23742.223000000  2628.706317976 13539.608000000   456.211200000   129.276301264   142.039320000    -955060  0.536552399442  0.536552399442  0.144195500000  0.073996562500  0.324355500000 20767.528   184.536     0.873925000     1.000000000  -56.81120
   0  7 0.9762885600000 0.6000000000000 0.0450000000000 0.6000000000000 0.0100000000000 0.5532669303208 0.1611990105936 22178.315500000  2734.644964966 14198.774000000   448.826600000   127.450634625   139.220367500    -902587  0.590794751631  0.590794751631  0.144125050000  0.091933125000  0.330389800000 19163.298   180.832     0.862350250     1.000000000  -55.42924
   0  9 0.9880865100000 0.6000000000000 0.0450000000000 0.6000000000000 0.0100000000000 0.7649267098388 0.1478932254161 25111.042000000  2415.560384163 13717.498000000   413.479100000   130.412834471   142.694845000    -257990  0.439180025066  0.439180025066  0.149361000000  0.104156250000  0.325012300000 21770.260   184.920     0.848286125     1.000000000  -54.95740
   0  6 0.9690160100000 0.6000000000000 0.0450000000000 0.6000000000000 0.0100000000000 0.9247330975804 0.3216555971314 24891.680500000  2425.024557474 12621.184000000   399.588700000   128.999817679   139.760647500    -458418  0.351447789902  0.351447789902  0.168131900000  0.066394750000  0.498659700000 18734.011   178.671     0.764414750     1.000000000  -54.40489
   0  6 0.9759008200000 0.6000000000000 0.0450000000000 0.6000000000000 0.0100000000000 0.7770949059489 0.2454260961566 21991.880500000  2368.793701146 11773.264000000   372.578700000   132.406893488   143.424795000    -431108  0.377451271058  0.377451271058  0.119246850000  0.056145187500  0.462461100000 20124.707   182.223     0.932144250     1.000000000  -54.44110
   0  6 0.9704489800000 0.6000000000000 0.0450000000000 0.6000000000000 0.0100000000000 0.7042788482024 0.2405262159750 26177.339500000  2455.107916704 13090.836000000   423.905100000   129.129280212   140.870620000    -619665  0.451868089072  0.451868089072  0.230757750000  0.068401312500  0.561633500000 17277.555   181.820     0.695444625     1.000000000  -50.11314
   0  8 0.9855144700000 0.6000000000000 0.0450000000000 0.6000000000000 0.0100000000000 0.6600587128766 0.1483354241953 19717.441000000  2800.588743015 13775.626000000   460.760500000   126.674139504   138.477905000    -507029  0.475304841257  0.475304841257  0.110341050000  0.092083687500  0.355419200000 17529.567   180.612     0.896672750     1.000000000  -52.17239
   0  9 0.9697551900000 0.6000000000000 0.0450000000000 0.6000000000000 0.0100000000000 0.8482921934154 0.2321378699965 21644.728000000  2409.864025916 12409.412000000   381.293600000   129.925458827   140.501452500    -477226  0.548413115546  0.548413115546  0.126374700000  0.062303750000  0.280291000000 19103.013   178.687     0.881237250     1.000000000  -55.94164
   0  7 0.9652835200000 0.6000000000000 0.0450000000000 0.6000000000000 0.0100000000000 0.8010951173332 0.2708238125371 24380.948500000  2498.878785579 13232.806000000   465.433100000   126.775962994   138.598057500    -467863  0.484366094920  0.484366094920  0.176784700000  0.096511437500  0.422803900000 21010.860   180.139     0.856339875     1.000000000  -54.26323
   0  9 0.9819682300000 0.6000000000000 0.0450000000000 0.6000000000000 0.0100000000000 0.9120698108524 0.2037525708692 25109.935000000  2626.363699009 14938.534000000   412.823900000   134.123171869   148.135962500    -388451  0.411871727662  0.411871727662  0.120831200000  0.053594062500  0.588658900000 20593.851   192.654     0.800713875     1.000000000  -55.14373
   0  8 0.9720768100000 0.6000000000000 0.0450000000000 0.6000000000000 0.0100000000000 0.8110708855363 0.2330466029614 23066.764000000  2172.787951391 10978.338000000   360.985300000   133.847590390   144.878000000    -882830  0.486365294193  0.486365294193  0.200221150000  0.052488187500  0.492226500000 19448.223   183.106     0.845022125     1.000000000  -52.69763
   0  7 0.9880347800000 0.6000000000000 0.0450000000000 0.6000000000000 0.0100000000000 0.5767874342888 0.1319475063876 24656.740000000  2382.903480382 12893.014000000   435.098600000   123.495417721   132.776072500    -774310  0.466122865338  0.466122865338  0.118959550000  0.180675812500  0.281281900000 21731.818   170.688     0.874494500     1.000000000  -50.31976
   0  6 0.9867491500000 0.6000000000000 0.0450000000000 0.6000000000000 0.0100000000000 0.4746646663704 0.1211548505062 20936.936500000  2434.297558443 12132.330000000   449.736500000   130.966346961   144.542795000    -389718  0.520724889229  0.520724889229  0.143559200000  0.065144187500  0.466362600000 18412.002   189.330     0.888127875     1.000000000  -56.10568
   0  7 0.9533803300000 0.6000000000000 0.0450000000000 0.6000000000000 0.0100000000000 0.8355060015833 0.3168386563635 25404.721000000  2326.326376751 12000.062000000   432.989200000   131.186535892   144.306942500    -420426  0.553551292785  0.553551292785  0.120393150000  0.070637625000  0.210490600000 19019.925   186.840     0.760138875     1.000000000  -54.32621
   0  6 0.9836390700000 0.6000000000000 0.0450000000000 0.6000000000000 0.0100000000000 0.4342827997883 0.1190294548244 22215.643000000  2917.044557320 15094.754000000   352.948500000   132.885774928   142.915877500    -310253  0.598566191564  0.598566191564  0.132354800000  0.070690562500  0.380102900000 16890.066   180.109     0.773444375     1.000000000  -51.46668
   0  6 0.9891307900000 0.6000000000000 0.0450000000000 0.6000000000000 0.0100000000000 0.6851741670024 0.1643685374344 24965.417500000  2559.578415770 13967.246000000   440.438200000   128.972494394   141.221522500    -150835  0.346804562279  0.346804562279  0.105724500000  0.105541500000  0.367903500000 20034.127   183.983     0.800373375     1.000000000  -53.92982
   0  6 0.9751790000000 0.6000000000000 0.0450000000000 0.6000000000000 0.0100000000000 0.6504910314010 0.2077594343171 23258.261500000  2629.620312333 13742.666000000   407.013500000   127.993185099   138.569750000    -590699  0.455881288600  0.455881288600  0.147180200000  0.091875062500  0.316547300000 21467.520   177.580     0.935348000     1.000000000  -54.18728
   0  7 0.9618312800000 0.6000000000000 0.0450000000000 0.6000000000000 0.0100000000000 0.6974692217731 0.2447272157855 21140.435500000  2639.058586060 13135.336000000   361.958800000   136.366673910   148.380882500     -92409  0.585958075941  0.585958075941  0.187121300000  0.056801875000  0.481458300000 18105.021   187.627     0.860366875     1.000000000  -54.76210
   0  6 0.9532390400000 0.6000000000000 0.0450000000000 0.6000000000000 0.0100000000000 0.8821281801896 0.3594885558506 26312.231500000  2735.903459683 14775.660000000   388.304500000   131.740503144   143.229925000    -244156  0.459486142630  0.459486142630  0.128496200000  0.074216125000  0.393552300000 21143.487   182.429     0.798687250     1.000000000  -54.68609
   0  8 0.9681532300000 0.6000000000000 0.0450000000000 0.6000000000000 0.0100000000000 0.8119631311865 0.2458311215006 20891.293000000  2827.726309539 14126.004000000   285.483200000   139.456619570   145.020805000    -123183  0.517967799849  0.517967799849  0.105110550000  0.126927687500  0.311381800000 18700.550   173.462     0.900491500     1.000000000  -51.11669
   0  8 0.9732138800000 0.6000000000000 0.0450000000000 0.6000000000000 0.0100000000000 0.7074794971702 0.1999672268482 25559.917000000  2361.295016127 12888.240000000   350.438500000   134.849020152   145.555625000    -846314  0.547206156595  0.547206156595  0.139925350000  0.055971750000  0.435585600000 22859.788   183.148     0.887526875     1.000000000  -55.39786
   0  7 0.9774425500000 0.6000000000000 0.0450000000000 0.6000000000000 0.0100000000000 0.7124792541920 0.2036710680895 23425.324000000  2693.379034460 14396.010000000   339.624900000   138.690693476   149.886087500    -517618  0.450327656464  0.450327656464  0.104789950000  0.072748812500  0.263490800000 20081.668   187.777     0.851123625     1.000000000  -55.84452
   0  9 0.9731569000000 0.6000000000000 0.0450000000000 0.6000000000000 0.0100000000000 0.7749153813779 0.2020849403872 24350.722000000  2441.488138397 13399.446000000   487.167600000   129.489648581   143.568087500    -185359  0.566262441858  0.566262441858  0.147711100000  0.053980750000  0.333488700000 20639.285   189.375     0.832109375     1.000000000  -57.40640
   0  6 0.9897356700000 0.6000000000000 0.0450000000000 0.6000000000000 0.0100000000000 0.7562055766565 0.1783571366546 22495.795000000  2446.376464921 12651.344000000   325.256300000   127.932480022   134.098302500     -50029  0.311064349752  0.311064349752  0.123926850000  0.072630125000  0.317329500000 19999.337   165.483     0.891895125     1.000000000  -52.07358
   0 10 0.9877525400000 0.6000000000000 0.0450000000000 0.6000000000000 0.0100000000000 0.8170925479472 0.1455337202337 21907.357000000  2343.557965824 12556.978000000   376.428700000   133.996240090   146.157200000    -496883  0.466376384764  0.466376384764  0.185093300000  0.107485750000  0.519425000000 19139.873   187.041     0.862764875     1.000000000  -53.39499
   0  9 0.9807465300000 0.6000000000000 0.0450000000000 0.6000000000000 0.0100000000000 0.7313399869594 0.1674517418555 22313.801500000  2684.066421106 14311.214000000   247.275600000   149.391234834   148.783590000    -751595  0.525034962386  0.525034962386  0.166403850000  0.117466687500  0.310073000000 20634.883   169.625     0.931785375     1.000000000  -51.84576
   0  6 0.9899242100000 0.6000000000000 0.0450000000000 0.6000000000000 0.0100000000000 0.4522872685878 0.1061014099070 23831.120500000  2563.319231528 13744.992000000   497.884200000   131.750988707   147.064112500     -16344  0.518443426986  0.518443426986  0.137132450000  0.072898562500  0.350634000000 21688.257   195.634     0.911821750     1.000000000  -55.50242
   0  6 0.9629530000000 0.6000000000000 0.0450000000000 0.6000000000000 0.0100000000000 0.6239300761464 0.2325795263128 20711.716000000  2993.028598884 14491.112000000   357.657300000   136.590502861   148.348545000    -833424  0.568242078107  0.568242078107  0.153094850000  0.099004062500  0.303628800000 17845.081   187.140     0.868192375     1.000000000  -53.47046
   0 11 0.9857743400000 0.6000000000000 0.0450000000000 0.6000000000000 0.0100000000000 0.9316639480859 0.1585963798045 26043.203500000  2625.616028199 15617.438000000   377.292000000   130.638584144   141.450095000    -124343  0.482246115956  0.482246115956  0.118249500000  0.074912875000  0.333338100000 22552.090   180.606     0.829729875     1.000000000  -53.59886
   0  6 0.9817067300000 0.6000000000000 0.0450000000000 0.6000000000000 0.0100000000000 0.7575629722817 0.2160231905148 23420.113000000  2462.155535237 12818.484000000   287.885300000   136.893370064   142.156742500    -972131  0.353852674974  0.353852674974  0.118966350000  0.077818312500  0.224828200000 19378.633   170.939     0.827915750     1.000000000  -54.87649
   0  7 0.9544152100000 0.6000000000000 0.0450000000000 0.6000000000000 0.0100000000000 0.9317327720397 0.3502921382580 22432.790500000  2777.062022015 14163.904000000   364.443500000   128.816968618   137.914680000    -467389  0.489036445032  0.489036445032  0.127923250000  0.079167312500  0.209738700000 18930.110   173.140     0.842193875     1.000000000  -54.40356
   0  6 0.9505868800000 0.6000000000000 0.0450000000000 0.6000000000000 0.0100000000000 0.7930171034395 0.3299501809949 24159.602500000  2655.951511233 13734.068000000   452.327600000   131.752033742   145.655107500    -797466  0.529582509021  0.529582509021  0.184422800000  0.065456437500  0.323817000000 19770.441   189.676     0.817453750     1.000000000  -55.24234
   0  8 0.9857902000000 0.6000000000000 0.0450000000000 0.6000000000000 0.0100000000000 0.8676366554748 0.1937072857699 25407.151000000  2614.701043995 14842.436000000   329.050200000   136.818790165   146.499165000     -88050  0.359831407795  0.359831407795  0.164463100000  0.065941562500  0.382107200000 21052.303   182.437     0.813389125     1.000000000  -54.80298
   0  6 0.9774100600000 0.6000000000000 0.0450000000000 0.6000000000000 0.0100000000000 0.7957872911524 0.2452646584921 21581.710000000  2513.612829424 12632.848000000   474.569600000   130.104300665   143.880575000    -769932  0.360179109964  0.360179109964  0.140252900000  0.119342625000  0.337074400000 18654.156   189.049     0.869688625     1.000000000  -54.70928
   0  6 0.9784107400000 0.6000000000000 0.0450000000000 0.6000000000000 0.0100000000000 0.5310320893827 0.1609129061157 20314.154500000  2931.823140670 14298.912000000   444.723800000   128.030321143   139.888860000     -48516  0.531492905792  0.531492905792  0.205524000000  0.091342312500  0.343960300000 18681.835   181.582     0.942122875     1.000000000  -51.83837
   0  8 0.9693142700000 0.6000000000000 0.0450000000000 0.6000000000000 0.0100000000000 0.7987796959896 0.2382841694524 22381.261000000  2774.248449096 14477.882000000   321.594900000   135.290873323   143.828250000    -568585  0.516692259609  0.516692259609  0.175284400000  0.057882312500  0.341545700000 20793.325   177.436     0.944367250     1.000000000  -54.07661
   0  7 0.9893682700000 0.6000000000000 0.0450000000000 0.6000000000000 0.0100000000000 0.5001440071427 0.1103307106850 24209.255500000  2505.431316099 13679.046000000   417.168800000   130.371661158   142.617300000    -883667  0.525258334432  0.525258334432  0.161165500000  0.088206000000  0.347638200000 20791.187   184.915     0.850235250     1.000000000  -55.68847
   0  7 0.9784819100000 0.6000000000000 0.0450000000000 0.6000000000000 0.0100000000000 0.6803098486085 0.1910325144617 24605.251000000  2527.183947907 13705.500000000   434.966100000   128.976203198   141.125387500    -769016  0.463744817499  0.463744817499  0.108729450000  0.071783187500  0.324361600000 21371.298   183.221     0.860595750     1.000000000  -56.38544
   0  6 0.9510292600000 0.6000000000000 0.0450000000000 0.6000000000000 0.0100000000000 0.7251447475028 0.3006954433677 25137.056500000  2597.385176939 13581.600000000   332.312500000   137.567224080   147.708490000    -984587  0.575749397421  0.575749397421  0.136298950000  0.059094312500  0.395571200000 19568.662   183.116     0.782258500     1.000000000  -56.20456
   0  6 0.9700444100000 0.6000000000000 0.0450000000000 0.6000000000000 0.0100000000000 0.9378173125969 0.3219729796075 22576.565500000  2582.129751881 13189.986000000   490.867900000   128.017497888   141.000165000    -204751  0.341366455255  0.341366455255  0.113373000000  0.078850000000  0.393441200000 18608.574   184.862     0.827213625     1.000000000  -56.41964
   0  6 0.9813511700000 0.6000000000000 0.0450000000000 0.6000000000000 0.0100000000000 0.5163079224049 0.1482542246574 24906.476500000  2534.496021299 13627.352000000   321.419400000   131.534545314   138.730560000    -958349  0.522120262726  0.522120262726  0.132631200000  0.100454937500  0.272091600000 23092.755   171.138     0.935284125     1.000000000  -51.26494
   0  8 0.9862267500000 0.6000000000000 0.0450000000000 0.6000000000000 0.0100000000000 0.6671343451840 0.1473766868284 22470.077500000  2482.654345022 13215.864000000   434.312500000   127.922191997   139.617095000    -380812  0.464369394054  0.464369394054  0.182726500000  0.065953125000  0.559749300000 18051.594   181.252     0.801258500     1.000000000  -54.64607
   0 10 0.9676158200000 0.6000000000000 0.0450000000000 0.6000000000000 0.0100000000000 0.9269871634832 0.2397407485675 21083.006500000  2535.536503849 12992.932000000   447.786300000   127.110648884   138.946035000     -58782  0.594389042810  0.594389042810  0.171232050000  0.073495375000  0.520251200000 18247.960   180.348     0.855506000     1.000000000  -54.48780
   0  7 0.9781235400000 0.6000000000000 0.0450000000000 0.6000000000000 0.0100000000000 0.7847873369426 0.2217487151916 21118.957000000  2706.054038548 13714.264000000   410.054400000   132.242544907   145.079955000    -775074  0.404353363741  0.404353363741  0.219736800000  0.074898375000  0.566475100000 14763.446   187.578     0.728994875     1.000000000  -49.12133
   0  6 0.9757917600000 0.6000000000000 0.0450000000000 0.6000000000000 0.0100000000000 0.8809942612112 0.2787173843301 22974.950500000  2616.350001923 13597.956000000   458.766000000   129.267277831   142.170262500    -117359  0.333489511429  0.333489511429  0.179510800000  0.078061812500  0.544589100000 21009.796   185.690     0.923825125     1.000000000  -54.79228
   0  8 0.9663093900000 0.6000000000000 0.0450000000000 0.6000000000000 0.0100000000000 0.7361871029228 0.2279547278715 22321.186000000  2475.807535969 12788.758000000   431.187000000   129.318600245   141.580127500    -373870  0.588512835611  0.588512835611  0.117186250000  0.089400062500  0.501322100000 19094.406   183.264     0.852555750     1.000000000  -56.16201
   0  7 0.9553013300000 0.6000000000000 0.0450000000000 0.6000000000000 0.0100000000000 0.8444508355290 0.3150833687764 27864.610000000  2685.259949439 15073.988000000   366.324900000   137.217228935   149.830480000    -695761  0.532711624263  0.532711624263  0.126790150000  0.087520750000  0.426062100000 23758.770   189.936     0.837581000     1.000000000  -52.27260
   0  6 0.9723503200000 0.6000000000000 0.0450000000000 0.6000000000000 0.0100000000000 0.8453261884040 0.2813836741590 24333.955000000  2645.175814733 14062.460000000   440.334400000   134.464996598   149.446980000    -646352  0.366025415838  0.366025415838  0.112665200000  0.087354500000  0.381612500000 21757.150   195.660     0.892613875     1.000000000  -54.67686
   0  8 0.9688460900000 0.6000000000000 0.0450000000000 0.6000000000000 0.0100000000000 0.7275487528712 0.2183493189208 22167.380500000  2183.900669158 10840.816000000   422.437200000   127.913175817   139.174997500    -550987  0.571610934850  0.571610934850  0.134627750000  0.086673187500  0.552721300000 17173.493   179.149     0.786744000     1.000000000  -51.52725
   0  6 0.9865327900000 0.6000000000000 0.0450000000000 0.6000000000000 0.0100000000000 0.6585450339535 0.1689803813154 20210.123500000  2764.262949672 13666.632000000   421.255700000   133.804502726   147.802447500     -39297  0.376659412636  0.376659412636  0.126417750000  0.079626437500  0.380222600000 17757.576   192.574     0.888300000     1.000000000  -54.54313
   0  6 0.9517535200000 0.6000000000000 0.0450000000000 0.6000000000000 0.0100000000000 0.7040948138006 0.2903376607139 24134.195500000  2346.394193909 11642.742000000   325.371600000   137.720742293   147.300160000    -250230  0.587257031682  0.587257031682  0.160634650000  0.101226187500  0.262051800000 17956.208   181.678     0.762534625     1.000000000  -52.77885
   0  7 0.9789955800000 0.6000000000000 0.0450000000000 0.6000000000000 0.0100000000000 0.5822797083895 0.1620261776186 24575.686000000  2477.130197331 13369.434000000   354.023700000   133.757379250   144.251042500    -165690  0.537306977096  0.537306977096  0.164565100000  0.121162500000  0.352260800000 22194.458   181.941     0.901267125     1.000000000  -53.05090
   0  9 0.9788875200000 0.6000000000000 0.0450000000000 0.6000000000000 0.0100000000000 0.7750047377813 0.1838231354480 23039.345500000  2603.125298261 14102.190000000   440.598800000   131.097407723   144.706367500     -91111  0.512132356791  0.512132356791  0.127072150000  0.069790562500  0.384435500000 20927.709   189.156     0.904494000     1.000000000  -56.54105
   0 10 0.9820269300000 0.6000000000000 0.0450000000000 0.6000000000000 0.0100000000000 0.7502483607843 0.1531725434931 25393.003000000  2434.388401117 13988.528000000   480.356500000   125.052570884   136.650137500    -721548  0.565724811441  0.565724811441  0.147211150000  0.067254125000  0.411628900000 21005.668   178.740     0.802194625     1.000000000  -55.37717
   0  6 0.9618281500000 0.6000000000000 0.0450000000000 0.6000000000000 0.0100000000000 0.9474051909604 0.3572629882564 19709.786500000  2719.039344393 12904.248000000   273.592900000   144.244751390   148.782257500    -282350  0.380198712444  0.380198712444  0.121523600000  0.061529250000  0.458978700000 17227.808   175.256     0.887872500     1.000000000  -53.40317
   0  8 0.9825684100000 0.6000000000000 0.0450000000000 0.6000000000000 0.0100000000000 0.7311413294904 0.1754288481474 20692.019500000  2413.502395012 12214.700000000   494.597400000   129.410061514   143.546150000     -32994  0.451829043671  0.451829043671  0.144022200000  0.050022437500  0.234547600000 18687.097   189.794     0.913771625     1.000000000  -56.04722
   0 12 0.9880664800000 0.6000000000000 0.0450000000000 0.6000000000000 0.0100000000000 0.8464707742525 0.1220930460985 22522.147000000  2294.286001922 12727.662000000   391.963900000   132.283978686   144.666977500    -694431  0.580261875798  0.580261875798  0.170857800000  0.110107500000  0.474831700000 19448.510   186.290     0.839630750     1.000000000  -54.14701
   0 12 0.9807738000000 0.6000000000000 0.0450000000000 0.6000000000000 0.0100000000000 0.9637018361654 0.1661605539097 24488.705500000  2387.381173680 13729.356000000   308.428000000   138.684721934   146.911427500    -512167  0.588189624307  0.588189624307  0.181358250000  0.076563687500  0.507955900000 20112.651   179.733     0.786720875     1.000000000  -54.28766
   0  8 0.9778938400000 0.6000000000000 0.0450000000000 0.6000000000000 0.0100000000000 0.6541771968517 0.1715662335152 22421.707000000  2263.447911393 11615.206000000   388.527500000   129.843299666   140.672922500    -486807  0.547166236494  0.547166236494  0.126433600000  0.052786250000  0.292020100000 19316.460   179.685     0.861362375     1.000000000  -55.69299
   0  8 0.9818941000000 0.6000000000000 0.0450000000000 0.6000000000000 0.0100000000000 0.7190013347159 0.1749261154224 25026.343000000  2233.737391445 11977.852000000   319.484600000   138.124870748   147.308415000    -619893  0.464863713101  0.464863713101  0.159480500000  0.097924625000  0.464802400000 18686.163   181.963     0.753871250     1.000000000  -53.24054
   0  7 0.9592275200000 0.6000000000000 0.0450000000000 0.6000000000000 0.0100000000000 0.8623003266903 0.3104663822921 24578.656000000  2530.828783577 13391.744000000   263.708500000   144.126554025   146.944772500     -75893  0.492599097043  0.492599097043  0.104054650000  0.094265062500  0.594754300000 20444.299   171.216     0.826549375     1.000000000  -53.97230
   0  7 0.9842260500000 0.6000000000000 0.0450000000000 0.6000000000000 0.0100000000000 0.5623634556665 0.1410371337832 24032.257000000  2655.637805359 14480.406000000   298.084900000   141.221980272   148.756225000    -162681  0.510158225397  0.510158225397  0.142954200000  0.075593875000  0.516297100000 19711.150   180.584     0.814096500     1.000000000  -55.61456
   0  6 0.9786616400000 0.6000000000000 0.0450000000000 0.6000000000000 0.0100000000000 0.4875678140607 0.1471003512266 25567.841500000  2464.763242104 13207.842000000   418.690300000   128.236700841   139.365642500    -817643  0.576629838705  0.576629838705  0.168641500000  0.090709562500  0.372234600000 19051.421   179.600     0.756074250     1.000000000  -53.44203
   0  8 0.9739187500000 0.6000000000000 0.0450000000000 0.6000000000000 0.0100000000000 0.6610223564878 0.1848831391626 26798.056000000  2571.432016719 14659.254000000   338.644200000   134.410539354   144.079605000    -188808  0.578855541834  0.578855541834  0.178301050000  0.110250500000  0.215108100000 23263.753   180.008     0.850369125     1.000000000  -51.59938
   0  6 0.9755676600000 0.6000000000000 0.0450000000000 0.6000000000000 0.0100000000000 0.6616529007593 0.2100591189077 23750.134000000  2757.738307510 14639.308000000   360.248500000   136.410188908   148.301842500     -65899  0.445557302979  0.445557302979  0.168726900000  0.071109625000  0.596147800000 21968.032   187.903     0.935426125     1.000000000  -54.28844
   0  6 0.9782563700000 0.6000000000000 0.0450000000000 0.6000000000000 0.0100000000000 0.7081342240078 0.2151495776341 21981.634000000  2511.033076452 12735.818000000   480.083500000   127.825797149   140.492125000    -926163  0.399520128934  0.399520128934  0.147093850000  0.054406625000  0.523275300000 19769.617   184.010     0.908197500     1.000000000  -56.88700
   0  6 0.9883364700000 0.6000000000000 0.0450000000000 0.6000000000000 0.0100000000000 0.7824675311446 0.1917877491157 24938.687500000  2616.530689336 14327.816000000   447.355100000   129.786103536   142.674467500    -909526  0.307723355061  0.307723355061  0.227836700000  0.058791812500  0.464183600000 19983.333   186.526     0.799106000     1.000000000  -52.56756
   0  8 0.9887074700000 0.6000000000000 0.0450000000000 0.6000000000000 0.0100000000000 0.6776952450997 0.1403761340877 23201.467000000  2172.126013007 11296.308000000   471.166000000   123.959802660   134.520250000    -757648  0.437302606701  0.437302606701  0.261415150000  0.092026687500  0.441195900000 19666.768   174.889     0.845132500     1.000000000  -47.65022
   0  6 0.9617673700000 0.6000000000000 0.0450000000000 0.6000000000000 0.0100000000000 0.7030913536430 0.2652959618314 24719.771500000  2552.879275988 13367.056000000   455.564000000   131.308898418   145.133385000    -798660  0.512749322166  0.512749322166  0.187848250000  0.070157062500  0.445436500000 18187.054   189.506     0.750527625     1.000000000  -53.72645
   0  7 0.9519195000000 0.6000000000000 0.0450000000000 0.6000000000000 0.0100000000000 0.8223417734514 0.3155550978850 26008.144000000  2462.235385812 13091.790000000   446.399200000   134.495440478   149.699342500     -14095  0.574313285973  0.574313285973  0.111450300000  0.057577062500  0.342518100000 21257.226   195.626     0.812193000     1.000000000  -55.23052
   0  8 0.9794450100000 0.6000000000000 0.0450000000000 0.6000000000000 0.0100000000000 0.7068602862342 0.1803099041023 24627.121000000  2330.360216059 12591.154000000   346.797100000   138.083335714   149.697002500    -612771  0.493192165279  0.493192165279  0.232351450000  0.055694437500  0.373133900000 21954.457   188.458     0.885851500     1.000000000  -52.22806
   0  8 0.9802020200000 0.6000000000000 0.0450000000000 0.6000000000000 0.0100000000000 0.7109877169086 0.1788146660809 23592.805000000  2622.935392559 14263.458000000   457.210800000   130.003473942   143.480532500    -223518  0.484014643921  0.484014643921  0.108352250000  0.165107812500  0.576120200000 20879.310   188.107     0.876774625     1.000000000  -52.27909
   0 10 0.9733684900000 0.6000000000000 0.0450000000000 0.6000000000000 0.0100000000000 0.9313520363299 0.2221790489730 23049.133000000  2379.239748502 12829.504000000   494.102900000   130.610799148   145.584225000     -98515  0.533932143657  0.533932143657  0.107795100000  0.065566312500  0.310246300000 19926.895   192.897     0.849065750     1.000000000  -56.63721
 
  COND2           1      514496  2.196437371174902E+044  2.009383422035802E+042
  9.148375676020108E-003         100
    514496  14924616    638552         0     20494         0         0         0         0         0    644074    970386         0   6287382    514496
 PARAMETER FILE GP02C.PAR   
