  Aa Am            MSYL            MSYR           MORTJ           MORTA             K1+           PInit      ISEED   PTarget           CVADD              AR        PREG-MAX           GAMMA              P0   SSTILDA     LIKEL
   0  9 0.9848843200000 0.6000000000000 0.0450000000000 0.6000000000000 0.0450000000000 0.6829831640420 0.6829831640420 23753.941000000  2634.655761521 14603.704000000   188.650800000    20.548709786    43.195217500    -498521  0.521717922061  0.521717922061  0.161776900000  0.107589375000  0.226029300000 21619.882   173.926     0.903260750     0.993780218  -54.52304
   0  6 0.9671331500000 0.6000000000000 0.0450000000000 0.6000000000000 0.0450000000000 0.6003616936713 0.6003616936713 21199.727500000  2654.024581800 13139.944000000   198.209800000    21.720923745    46.335952500    -558644  0.556334366412  0.556334366412  0.184006900000  0.131612875000  0.346090400000 18254.797   183.194     0.867789000     0.994760068  -53.32466
   0  7 0.9696415900000 0.6000000000000 0.0450000000000 0.6000000000000 0.0450000000000 0.9548100760425 0.9548100760425 23526.560500000  2527.700465231 13269.302000000   262.066100000    20.039944396    37.638985000    -588623  0.380147405794  0.380147405794  0.171774200000  0.067078937500  0.287789500000 20266.356   225.578     0.858066125     0.995598122  -54.12570
   0 12 0.9811357100000 0.6000000000000 0.0450000000000 0.6000000000000 0.0450000000000 0.9457391905514 0.9457391905514 21340.384000000  2396.992314881 12746.212000000   267.042600000    17.654367120    30.489342500    -456598  0.595147214469  0.595147214469  0.142645550000  0.204083500000  0.314136500000 19795.812   214.817     0.936805000     0.996061224  -51.31006
   0  7 0.9836319200000 0.6000000000000 0.0450000000000 0.6000000000000 0.0450000000000 0.5913804857824 0.5913804857824 20546.678500000  2704.165035880 13563.364000000   199.802100000    20.562712660    41.705060000    -144044  0.489995108235  0.489995108235  0.157802950000  0.072297312500  0.259327900000 17209.497   183.016     0.842613000     0.994924184  -56.23742
   0  8 0.9894265200000 0.6000000000000 0.0450000000000 0.6000000000000 0.0450000000000 0.8802294286798 0.8802294286798 21188.536000000  2321.035744903 11889.584000000   197.433100000    21.183763722    44.204212500    -561936  0.332340643933  0.332340643933  0.181770100000  0.071733875000  0.538673300000 19120.271   182.439     0.910514750     0.994682447  -55.25840
   0  8 0.9652845000000 0.6000000000000 0.0450000000000 0.6000000000000 0.0450000000000 0.8272158105231 0.8272158105231 24321.683500000  2651.524452029 14354.008000000   215.734000000    20.170517399    39.063362500    -944216  0.532419855434  0.532419855434  0.251039950000  0.092522437500  0.459442500000 18655.704   192.157     0.765487625     0.994479893  -51.52999
   0  9 0.9751357400000 0.6000000000000 0.0450000000000 0.6000000000000 0.0450000000000 0.7345416599168 0.7345416599168 25094.491000000  2447.675301569 13638.468000000   192.984000000    21.660082840    48.667080000     -20615  0.577200482400  0.577200482400  0.131560650000  0.063358187500  0.555936400000 20502.966   177.446     0.801320875     0.993609981  -57.02858
   0  9 0.9886610200000 0.6000000000000 0.0450000000000 0.6000000000000 0.0450000000000 0.9813469295483 0.9813469295483 22737.526000000  2243.437607135 11937.414000000   181.763000000    22.009349704    49.046745000    -435130  0.338691931028  0.338691931028  0.171954650000  0.067029312500  0.592167300000 19601.768   168.289     0.854861875     0.993805160  -54.54778
   0  9 0.9682694900000 0.6000000000000 0.0450000000000 0.6000000000000 0.0450000000000 0.9279988176526 0.9279988176526 23670.524500000  2336.774320693 12424.166000000   226.076000000    19.830732341    35.591095000    -531502  0.514143191914  0.514143191914  0.197323900000  0.123805937500  0.393026500000 17739.465   193.541     0.751534750     0.994868591  -52.44742
   0  7 0.9756012700000 0.6000000000000 0.0450000000000 0.6000000000000 0.0450000000000 0.6973010153280 0.6973010153280 24133.898500000  2419.963401028 12791.200000000   193.198400000    22.342455958    48.653072500    -664592  0.473949985918  0.473949985918  0.120630950000  0.087787437500  0.489781600000 19974.460   178.712     0.824471625     0.993860124  -56.89745
   0  9 0.9640740100000 0.6000000000000 0.0450000000000 0.6000000000000 0.0450000000000 0.9523207012854 0.9523207012854 26310.233500000  2391.101424103 13309.844000000   187.738500000    28.988134832    92.479062500    -495638  0.537672776180  0.537672776180  0.117543000000  0.215224625000  0.382279800000 21945.126   174.928     0.816930000     0.993140505  -48.43960
   0  6 0.9642044200000 0.6000000000000 0.0450000000000 0.6000000000000 0.0450000000000 0.7013187760896 0.7013187760896 25517.891500000  2563.893366412 13620.054000000   255.748700000    20.218339921    34.847722500    -371458  0.496655263864  0.496655263864  0.123128100000  0.053145812500  0.522066600000 21305.280   213.665     0.829820625     0.995116085  -58.12019
   0  6 0.9764353100000 0.6000000000000 0.0450000000000 0.6000000000000 0.0450000000000 0.7815034695109 0.7815034695109 26070.041500000  2442.908801710 13065.068000000   224.890800000    21.081333802    38.241210000    -477507  0.372277480853  0.372277480853  0.131565200000  0.059651812500  0.251345100000 22245.311   199.731     0.846540625     0.994300037  -58.00204
   0  6 0.9694495300000 0.6000000000000 0.0450000000000 0.6000000000000 0.0450000000000 0.8069312285694 0.8069312285694 20967.932500000  2907.977222964 14317.062000000   199.088600000    21.411899596    47.749930000    -622588  0.400211236381  0.400211236381  0.145264900000  0.109929312500  0.217549700000 17420.367   184.626     0.837450500     0.994836194  -53.88786
   0  8 0.9813889600000 0.6000000000000 0.0450000000000 0.6000000000000 0.0450000000000 0.7103490041594 0.7103490041594 23251.957000000  2574.711708200 13879.116000000   258.435300000    19.097536271    33.107705000    -675018  0.474653526531  0.474653526531  0.100902900000  0.097309750000  0.539110400000 19746.302   215.047     0.840517625     0.995564850  -56.31791
   0  7 0.9802431800000 0.6000000000000 0.0450000000000 0.6000000000000 0.0450000000000 0.8474926575265 0.8474926575265 25485.667000000  2387.897996388 12911.870000000   203.871600000    23.839819777    61.273602500    -574677  0.361702265592  0.361702265592  0.194597650000  0.083673812500  0.257398600000 20411.773   190.689     0.797797750     0.993841594  -49.25676
   0  8 0.9737772100000 0.6000000000000 0.0450000000000 0.6000000000000 0.0450000000000 0.6574009044719 0.6574009044719 22909.732000000  2517.144408862 13300.988000000   199.369300000    20.204216103    36.542922500    -639697  0.583414480993  0.583414480993  0.145021150000  0.067533687500  0.426961400000 20194.757   177.351     0.877941375     0.994356464  -55.40866
   0  6 0.9859992000000 0.6000000000000 0.0450000000000 0.6000000000000 0.0450000000000 0.7379961236799 0.7379961236799 21603.377500000  2762.463357722 14142.296000000   272.839900000    19.167166435    31.769127500     -60157  0.339051203242  0.339051203242  0.154319150000  0.070104562500  0.586703700000 20221.442   217.690     0.962397750     0.996085998  -54.53495
   0 10 0.9773356600000 0.6000000000000 0.0450000000000 0.6000000000000 0.0450000000000 0.8102609614817 0.8102609614817 22137.140500000  2781.344889959 14698.210000000   218.796400000    18.642045897    35.273732500    -337088  0.571127109572  0.571127109572  0.136497850000  0.067856500000  0.475168900000 19564.272   192.505     0.869446000     0.995022987  -58.04159
   0  6 0.9689884100000 0.6000000000000 0.0450000000000 0.6000000000000 0.0450000000000 0.7631215859388 0.7631215859388 20691.979000000  2764.262434140 13553.838000000   208.111900000    21.914385516    51.310825000    -590763  0.426047880497  0.426047880497  0.212052550000  0.083260000000  0.207413500000 17322.661   194.015     0.845237750     0.995125889  -50.45236
   0  6 0.9656358900000 0.6000000000000 0.0450000000000 0.6000000000000 0.0450000000000 0.9022313957811 0.9022313957811 23084.921500000  2340.574623604 11604.322000000   223.792500000    21.182811232    38.621135000    -962310  0.378253321279  0.378253321279  0.166182350000  0.078359687500  0.250315300000 20666.897   197.274     0.904562500     0.994948726  -55.45895
   0  7 0.9858467200000 0.6000000000000 0.0450000000000 0.6000000000000 0.0450000000000 0.7178113274435 0.7178113274435 23822.021500000  2344.779839163 12378.908000000   224.653500000    20.567616978    37.128637500    -972683  0.388863082752  0.388863082752  0.158473300000  0.076403187500  0.415087000000 20924.586   198.695     0.875526875     0.994758813  -57.45219
   0  8 0.9720133400000 0.6000000000000 0.0450000000000 0.6000000000000 0.0450000000000 0.9049882667716 0.9049882667716 24071.488000000  2627.160398519 14255.344000000   182.731000000    36.794301096   124.544732500    -107483  0.436347452424  0.436347452424  0.129824050000  0.062497437500  0.286498100000 21712.092   171.084     0.898131125     0.993535008  -51.08306
   0  9 0.9609405400000 0.6000000000000 0.0450000000000 0.6000000000000 0.0450000000000 0.9365610529902 0.9365610529902 23715.263500000  2464.174697184 13148.640000000   197.949000000    21.104490566    44.907480000    -275597  0.575929140108  0.575929140108  0.140889000000  0.061201312500  0.495087200000 19603.202   179.765     0.815000375     0.994140768  -58.17208
   0  7 0.9539653200000 0.6000000000000 0.0450000000000 0.6000000000000 0.0450000000000 0.8527881177772 0.8527881177772 24852.368500000  2778.216449122 14877.846000000   293.757600000    18.865113203    30.649600000     -70643  0.537786143705  0.537786143705  0.149251350000  0.076283562500  0.284661700000 21617.481   222.683     0.862112375     0.995868247  -54.94683
   0  9 0.9891012800000 0.6000000000000 0.0450000000000 0.6000000000000 0.0450000000000 0.6402516771608 0.6402516771608 22824.628000000  2480.891132066 13512.118000000   200.782700000    20.410865123    42.514862500    -183983  0.514890907325  0.514890907325  0.165720250000  0.055891437500  0.407899400000 20191.825   184.665     0.874980625     0.994368731  -58.22167
   0  7 0.9806113800000 0.6000000000000 0.0450000000000 0.6000000000000 0.0450000000000 0.6736563772665 0.6736563772665 24410.162500000  2534.985757378 13726.490000000   283.868300000    19.296794501    32.066275000    -349361  0.452292238353  0.452292238353  0.133755950000  0.114178812500  0.294324100000 19579.724   224.302     0.799282375     0.995762898  -55.18337
   0  6 0.9737904100000 0.6000000000000 0.0450000000000 0.6000000000000 0.0450000000000 0.6062232185174 0.6062232185174 22869.367000000  2567.836703356 13215.822000000   268.701100000    19.636726131    31.917295000    -483864  0.499521103099  0.499521103099  0.112551150000  0.141706187500  0.512500900000 19029.785   211.030     0.833798375     0.995819996  -54.45328
   0 11 0.9882753800000 0.6000000000000 0.0450000000000 0.6000000000000 0.0450000000000 0.7326471388039 0.7326471388039 25124.974000000  2270.673894780 13116.128000000   193.474600000    20.928407265    47.237307500    -871050  0.584147171510  0.584147171510  0.119668050000  0.101007250000  0.355316700000 20190.591   177.795     0.779088625     0.993570813  -55.19457
   0  6 0.9745278500000 0.6000000000000 0.0450000000000 0.6000000000000 0.0450000000000 0.8521493824855 0.8521493824855 23780.590000000  2545.689755042 13305.786000000   247.715800000    20.241723757    35.545952500    -651817  0.351440019198  0.351440019198  0.162311700000  0.054332062500  0.335920600000 18372.375   210.226     0.780977875     0.995283737  -57.36667
   0  6 0.9854956600000 0.6000000000000 0.0450000000000 0.6000000000000 0.0450000000000 0.5810450401368 0.5810450401368 23347.361500000  2945.386844695 15659.904000000   232.588100000    19.852753071    37.815395000     -80097  0.434177992773  0.434177992773  0.134811900000  0.138276625000  0.266895700000 20460.606   208.589     0.872938250     0.995039602  -53.51637
   0  7 0.9853675800000 0.6000000000000 0.0450000000000 0.6000000000000 0.0450000000000 0.6837484473734 0.6837484473734 24005.284000000  2610.363545529 14195.620000000   205.146200000    21.823691872    50.042837500    -760993  0.411572545486  0.411572545486  0.103063000000  0.083243375000  0.365840600000 20663.785   191.456     0.853034375     0.994218053  -54.46752
   0  7 0.9789937100000 0.6000000000000 0.0450000000000 0.6000000000000 0.0450000000000 0.9172899310127 0.9172899310127 22396.178500000  2368.790410363 12116.736000000   236.741200000    20.580759378    39.271492500    -362284  0.341083530796  0.341083530796  0.154764700000  0.084642875000  0.240734000000 18102.672   209.354     0.813031500     0.995342582  -55.98306
   0  8 0.9892735800000 0.6000000000000 0.0450000000000 0.6000000000000 0.0450000000000 0.5182210234997 0.5182210234997 24431.033500000  2452.493269497 13580.754000000   188.646900000    21.641585741    46.439042500    -436114  0.566063848129  0.566063848129  0.128085600000  0.078412125000  0.359010400000 21543.605   175.029     0.871099750     0.993583844  -56.98630
   0  8 0.9861306900000 0.6000000000000 0.0450000000000 0.6000000000000 0.0450000000000 0.7462443513969 0.7462443513969 22928.902000000  2714.197326603 14642.918000000   234.409300000    18.950001570    32.473695000    -852952  0.415849252333  0.415849252333  0.128127300000  0.083707562500  0.333827500000 20656.121   200.192     0.897496625     0.995164372  -56.82532
   0  7 0.9828485400000 0.6000000000000 0.0450000000000 0.6000000000000 0.0450000000000 0.9531848739109 0.9531848739109 23605.468000000  2620.992227863 14101.610000000   224.759400000    20.235561339    38.554380000    -344561  0.308017015833  0.308017015833  0.169125200000  0.052121750000  0.230322500000 21031.733   202.168     0.887671750     0.994818479  -57.92527
   0  7 0.9626856100000 0.6000000000000 0.0450000000000 0.6000000000000 0.0450000000000 0.7469846541595 0.7469846541595 25985.734000000  2797.046742485 15442.150000000   203.047400000    20.871214213    41.656862500    -439145  0.540178440507  0.540178440507  0.104444100000  0.062666312500  0.209476300000 20649.307   184.461     0.787805000     0.993738267  -54.43476
   0  6 0.9602036300000 0.6000000000000 0.0450000000000 0.6000000000000 0.0450000000000 0.7309391595915 0.7309391595915 22137.815500000  2980.272571707 14954.190000000   231.461100000    19.786549830    36.749232500    -234904  0.504112024124  0.504112024124  0.124360100000  0.070070062500  0.542281100000 19520.239   202.587     0.885177750     0.995323220  -57.56143
   0  8 0.9567960500000 0.6000000000000 0.0450000000000 0.6000000000000 0.0450000000000 0.9526472107829 0.9526472107829 25753.183000000  2615.900018312 14372.362000000   343.034200000    18.346969283    27.952132500    -237360  0.528265706751  0.528265706751  0.197747350000  0.107128125000  0.306373000000 22049.431   230.599     0.842883750     0.996331667  -50.37715
   0 10 0.9890584500000 0.6000000000000 0.0450000000000 0.6000000000000 0.0450000000000 0.6594277815594 0.6594277815594 25706.459500000  2162.867194333 12211.742000000   352.211200000    18.196477048    28.806752500    -838276  0.563643357289  0.563643357289  0.113451450000  0.070136937500  0.422464600000 20813.305   244.582     0.792928125     0.996384615  -51.33084
   0 10 0.9873584900000 0.6000000000000 0.0450000000000 0.6000000000000 0.0450000000000 0.7729463389930 0.7729463389930 23404.480000000  2425.763811762 13474.904000000   235.463700000    19.057592667    35.879792500    -142829  0.496725056929  0.496725056929  0.148211300000  0.106297625000  0.419984500000 19922.695   206.400     0.831993000     0.995082156  -56.96972
   0  6 0.9662334100000 0.6000000000000 0.0450000000000 0.6000000000000 0.0450000000000 0.8356248378480 0.8356248378480 23575.012000000  2619.095561453 13584.406000000   193.681600000    22.454991970    49.440937500    -640954  0.404917458339  0.404917458339  0.155752600000  0.131768562500  0.459492000000 18266.070   179.160     0.782820750     0.994038428  -53.65598
   0  6 0.9643441100000 0.6000000000000 0.0450000000000 0.6000000000000 0.0450000000000 0.7474754843799 0.7474754843799 21944.468500000  2703.514395431 13593.392000000   230.299700000    20.872638259    42.741062500    -437706  0.465062150043  0.465062150043  0.151223900000  0.060438375000  0.417966100000 18064.111   208.493     0.828003250     0.995335710  -55.51138
   0 10 0.9815412800000 0.6000000000000 0.0450000000000 0.6000000000000 0.0450000000000 0.9473149323341 0.9473149323341 24223.930000000  2134.946854957 11534.396000000   294.094900000    18.964928012    33.503230000    -691672  0.452100289069  0.452100289069  0.118951350000  0.066240375000  0.262188500000 20262.980   234.484     0.824091000     0.995939359  -52.74019
   0  8 0.9605262500000 0.6000000000000 0.0450000000000 0.6000000000000 0.0450000000000 0.9579358973090 0.9579358973090 24334.751500000  2392.365162978 12620.952000000   200.938100000    21.132901257    41.165365000    -559874  0.495723113174  0.495723113174  0.110257400000  0.091782062500  0.232752000000 20852.988   180.870     0.850958250     0.994077737  -56.52015
   0 10 0.9708244800000 0.6000000000000 0.0450000000000 0.6000000000000 0.0450000000000 0.9496031325097 0.9496031325097 24980.402500000  2700.435899123 15219.192000000   240.097900000    18.314487489    30.967937500     -30697  0.548104274170  0.548104274170  0.158365850000  0.097239000000  0.322477000000 21445.394   200.053     0.831429750     0.994896245  -55.20819
   0 10 0.9688686300000 0.6000000000000 0.0450000000000 0.6000000000000 0.0450000000000 0.9630612609424 0.9630612609424 22379.141500000  2569.674211646 13618.540000000   187.799000000    21.633882538    53.354067500    -864408  0.559580200715  0.559580200715  0.140058650000  0.059718437500  0.567259300000 20996.431   173.791     0.959130125     0.994158527  -54.79483
   0  6 0.9713733600000 0.6000000000000 0.0450000000000 0.6000000000000 0.0450000000000 0.8177814324062 0.8177814324062 23868.691000000  2548.445148145 13289.352000000   191.235200000    22.277337961    46.699822500    -370801  0.383879435994  0.383879435994  0.111181900000  0.065726000000  0.395434200000 20435.413   176.875     0.854177375     0.993876073  -57.87671
   0  7 0.9717475000000 0.6000000000000 0.0450000000000 0.6000000000000 0.0450000000000 0.8032246222988 0.8032246222988 22518.583000000  2406.704556550 12277.666000000   195.719600000    21.521768945    42.960632500    -350476  0.437313124379  0.437313124379  0.155694600000  0.076844187500  0.483080800000 21220.410   179.760     0.976169750     0.994354027  -54.13618
   0  8 0.9852703100000 0.6000000000000 0.0450000000000 0.6000000000000 0.0450000000000 0.7897550289781 0.7897550289781 23997.332500000  2536.596521064 13933.716000000   221.184500000    20.258437263    40.362355000    -994671  0.398965125860  0.398965125860  0.148423500000  0.079456500000  0.431450500000 19646.316   200.352     0.809695375     0.994639416  -57.08601
   0 12 0.9828073000000 0.6000000000000 0.0450000000000 0.6000000000000 0.0450000000000 0.9131691582859 0.9131691582859 21261.935500000  2480.299720029 13175.736000000   202.297400000    18.886188902    38.282387500    -775775  0.596567635788  0.596567635788  0.125414850000  0.083855750000  0.444228500000 18119.704   180.954     0.829015625     0.994814812  -56.20765
   0  6 0.9741697700000 0.6000000000000 0.0450000000000 0.6000000000000 0.0450000000000 0.5370311799431 0.5370311799431 21570.707500000  2517.428356183 12578.100000000   196.733600000    21.983325578    46.494585000    -260555  0.560673940137  0.560673940137  0.131582000000  0.059864250000  0.200213800000 19563.809   182.487     0.921173125     0.994614229  -57.47399
   0  7 0.9769904000000 0.6000000000000 0.0450000000000 0.6000000000000 0.0450000000000 0.8632362241813 0.8632362241813 21155.434000000  2404.549387659 12011.166000000   198.256400000    21.215918247    41.905357500    -925959  0.374403318617  0.374403318617  0.177456700000  0.120407375000  0.243780700000 19220.356   181.233     0.924144500     0.994751801  -53.20694
   0 10 0.9857143600000 0.6000000000000 0.0450000000000 0.6000000000000 0.0450000000000 0.8291001625911 0.8291001625911 22597.774000000  3008.937256385 15994.200000000   243.051700000    17.566047243    30.795460000    -119245  0.477739427304  0.477739427304  0.133634450000  0.087522312500  0.303492200000 20229.276   205.142     0.879970250     0.995404909  -55.31815
   0  7 0.9769990300000 0.6000000000000 0.0450000000000 0.6000000000000 0.0450000000000 0.9060409625122 0.9060409625122 23852.032000000  2623.613351472 14077.336000000   235.022300000    19.756875311    34.548300000    -783113  0.356665507117  0.356665507117  0.146487500000  0.104413187500  0.516395900000 20306.058   202.193     0.844943250     0.995008470  -57.05986
   0  7 0.9884285700000 0.6000000000000 0.0450000000000 0.6000000000000 0.0450000000000 0.5296419766630 0.5296419766630 22483.604500000  2748.430719340 14569.040000000   212.649800000    20.526678914    42.921632500     -87910  0.504168995519  0.504168995519  0.148807350000  0.068260062500  0.449574600000 20106.714   196.484     0.893914500     0.994764936  -56.78601
   0 10 0.9890106200000 0.6000000000000 0.0450000000000 0.6000000000000 0.0450000000000 0.7921909757652 0.7921909757652 24163.612000000  2384.788613275 13466.446000000   268.259900000    18.647725754    33.702357500    -515970  0.469612584983  0.469612584983  0.180317850000  0.051253187500  0.497888600000 19548.350   225.124     0.790319500     0.995538235  -54.51356
   0  8 0.9839854500000 0.6000000000000 0.0450000000000 0.6000000000000 0.0450000000000 0.7174810355039 0.7174810355039 23207.353000000  2561.616764019 13837.888000000   209.400500000    20.310911941    40.138267500    -513615  0.449187424290  0.449187424290  0.130184150000  0.075061750000  0.261768900000 20429.170   190.548     0.873251375     0.994528518  -58.84636
   0 11 0.9816961500000 0.6000000000000 0.0450000000000 0.6000000000000 0.0450000000000 0.9257243795214 0.9257243795214 25261.526500000  2599.152513260 15093.438000000   237.000300000    18.146008137    31.709977500    -523093  0.524927365819  0.524927365819  0.198288450000  0.053559562500  0.346823900000 20498.476   201.074     0.778936375     0.994744840  -55.08624
   0  6 0.9640730200000 0.6000000000000 0.0450000000000 0.6000000000000 0.0450000000000 0.9098711879867 0.9098711879867 22084.976500000  2704.276229553 13636.168000000   190.599300000    22.328067726    50.082227500    -337836  0.383531803128  0.383531803128  0.132107550000  0.063161187500  0.530275600000 20331.711   177.716     0.938174625     0.994328521  -56.47849
   0  7 0.9870373700000 0.6000000000000 0.0450000000000 0.6000000000000 0.0450000000000 0.8764060751200 0.8764060751200 22632.320500000  2553.836886302 13502.636000000   212.300500000    20.470506780    39.084292500    -160352  0.312080504297  0.312080504297  0.176066950000  0.064636750000  0.212504900000 19583.520   192.258     0.862456750     0.994726688  -57.97349
   0  9 0.9778760600000 0.6000000000000 0.0450000000000 0.6000000000000 0.0450000000000 0.7503455077312 0.7503455077312 25631.318500000  2503.133713291 14195.250000000   270.217900000    18.926898654    33.334132500    -126495  0.538514956020  0.538514956020  0.147934700000  0.089957937500  0.599391200000 20476.510   223.842     0.782978250     0.995332778  -54.59567
   0  6 0.9768352100000 0.6000000000000 0.0450000000000 0.6000000000000 0.0450000000000 0.8836084019636 0.8836084019636 25063.805500000  2316.413051925 11936.492000000   211.651000000    21.701827675    40.712542500    -764458  0.327252810369  0.327252810369  0.164357950000  0.076445875000  0.491817100000 20067.611   190.498     0.804283000     0.994176149  -56.69311
   0  9 0.9704379000000 0.6000000000000 0.0450000000000 0.6000000000000 0.0450000000000 0.9658544057844 0.9658544057844 22558.124500000  2484.960856407 13109.018000000   216.283400000    19.935651454    38.746942500    -526338  0.476075108014  0.476075108014  0.108448450000  0.055391437500  0.327962100000 20498.649   192.946     0.911188000     0.994884407  -58.30380
   0  8 0.9777170500000 0.6000000000000 0.0450000000000 0.6000000000000 0.0450000000000 0.7324569139777 0.7324569139777 26016.865000000  2485.032588793 13936.110000000   223.734200000    20.489786119    40.195240000    -951058  0.490155017401  0.490155017401  0.153532300000  0.098995312500  0.583077000000 20605.977   201.054     0.782986250     0.994278757  -55.32214
   0  6 0.9833830100000 0.6000000000000 0.0450000000000 0.6000000000000 0.0450000000000 0.5878542013964 0.5878542013964 21299.276500000  2474.933268271 12399.290000000   256.527500000    20.316068124    37.472162500    -860991  0.444012864680  0.444012864680  0.177509450000  0.096238312500  0.524465600000 19129.298   221.711     0.909574375     0.995902391  -53.62910
   0  6 0.9681804300000 0.6000000000000 0.0450000000000 0.6000000000000 0.0450000000000 0.8837244729838 0.8837244729838 24443.048500000  2544.470101864 13334.470000000   200.124900000    21.616065716    41.990215000    -863200  0.372258253181  0.372258253181  0.120688750000  0.107070000000  0.273262100000 20050.662   182.204     0.819239750     0.994014169  -56.83083
   0  7 0.9801660100000 0.6000000000000 0.0450000000000 0.6000000000000 0.0450000000000 0.6221077990352 0.6221077990352 24090.793000000  2481.292991519 13285.526000000   259.810000000    19.723811286    33.950072500    -488770  0.493369076309  0.493369076309  0.123112800000  0.072347812500  0.290166800000 18751.268   215.503     0.781354375     0.995432207  -56.77679
   0  9 0.9791428200000 0.6000000000000 0.0450000000000 0.6000000000000 0.0450000000000 0.9612885481874 0.9612885481874 25374.805000000  2329.343742469 12951.256000000   192.630900000    20.651451449    38.305787500    -813446  0.411022286260  0.411022286260  0.184608000000  0.142335125000  0.394126000000 19828.355   172.173     0.772289750     0.993514326  -51.28559
   0  8 0.9874646800000 0.6000000000000 0.0450000000000 0.6000000000000 0.0450000000000 0.9662537415585 0.9662537415585 22463.678500000  2396.330845140 12674.820000000   209.767800000    20.206652588    37.187657500    -773080  0.313624683474  0.313624683474  0.147440400000  0.090323625000  0.429485100000 19781.987   187.596     0.877782125     0.994701253  -57.23325
   0  6 0.9868519100000 0.6000000000000 0.0450000000000 0.6000000000000 0.0450000000000 0.7319678626875 0.7319678626875 23681.959000000  2714.784289035 14557.262000000   228.707400000    20.068782760    35.745145000    -577799  0.337109795303  0.337109795303  0.127416500000  0.054993062500  0.281963400000 21016.223   201.758     0.884825875     0.994878599  -58.86126
   0  6 0.9530246900000 0.6000000000000 0.0450000000000 0.6000000000000 0.0450000000000 0.9366843732380 0.9366843732380 27613.618000000  2338.791592429 12062.036000000   224.382200000    21.289052360    36.132350000    -240813  0.433973641798  0.433973641798  0.215256250000  0.050696750000  0.415315700000 22377.417   191.368     0.810402625     0.993990676  -51.60896
   0  8 0.9779558300000 0.6000000000000 0.0450000000000 0.6000000000000 0.0450000000000 0.9308750802445 0.9308750802445 24230.977000000  2487.335685470 13537.450000000   240.057700000    19.343211284    31.883235000    -320325  0.384119963573  0.384119963573  0.133640450000  0.086712687500  0.376327800000 21497.535   199.499     0.879829500     0.995033231  -55.98199
   0  7 0.9869693800000 0.6000000000000 0.0450000000000 0.6000000000000 0.0450000000000 0.7815070516671 0.7815070516671 21721.313500000  2590.727713678 13442.576000000   176.581300000    22.641884994    53.024550000    -903698  0.350385014001  0.350385014001  0.130270200000  0.123076125000  0.383653100000 20643.786   165.253     0.991572750     0.993915471  -50.97506
   0 10 0.9783741600000 0.6000000000000 0.0450000000000 0.6000000000000 0.0450000000000 0.8029673205063 0.8029673205063 20366.467000000  2869.815721969 14288.468000000   233.172800000    18.507314800    37.590950000    -182136  0.565465437994  0.565465437994  0.142459800000  0.051075812500  0.221462500000 18522.906   206.752     0.912838250     0.995701205  -56.42755
   0  7 0.9807513900000 0.6000000000000 0.0450000000000 0.6000000000000 0.0450000000000 0.8820124296247 0.8820124296247 21254.389000000  2571.917585667 13082.520000000   268.866200000    19.415457670    34.256027500    -363608  0.344652464279  0.344652464279  0.135090800000  0.053048750000  0.376058100000 18666.947   222.043     0.882821500     0.996104524  -57.28308
   0  9 0.9758453000000 0.6000000000000 0.0450000000000 0.6000000000000 0.0450000000000 0.7044090425987 0.7044090425987 24797.437000000  2211.473425216 11884.630000000   209.396500000    20.824662804    40.605747500    -225306  0.594476199025  0.594476199025  0.119653600000  0.067676937500  0.400519000000 19697.116   187.333     0.788434500     0.994178684  -56.93184
   0 12 0.9866726600000 0.6000000000000 0.0450000000000 0.6000000000000 0.0450000000000 0.8674887063380 0.8674887063380 25756.963000000  2321.217220782 13780.384000000   232.845500000    18.533135218    34.538452500    -311648  0.582027561844  0.582027561844  0.142998650000  0.105200937500  0.273267800000 21490.807   202.461     0.798281750     0.994529509  -56.51720
   0  9 0.9883024600000 0.6000000000000 0.0450000000000 0.6000000000000 0.0450000000000 0.8974927943343 0.8974927943343 20469.080500000  2379.364299979 12171.048000000   198.887800000    21.423791462    51.130872500    -506079  0.372812841189  0.372812841189  0.145891550000  0.052024312500  0.489776100000 18057.830   185.387     0.884050500     0.994904664  -55.03172
   0  8 0.9634547500000 0.6000000000000 0.0450000000000 0.6000000000000 0.0450000000000 0.7576680089182 0.7576680089182 23996.968000000  2327.701132000 12141.598000000   255.387400000    20.100767813    37.071112500    -460437  0.598473802756  0.598473802756  0.125337850000  0.080783312500  0.494559700000 20513.473   217.270     0.850936500     0.995401636  -56.28567
   0  6 0.9654099000000 0.6000000000000 0.0450000000000 0.6000000000000 0.0450000000000 0.9095356653212 0.9095356653212 20276.017000000  2848.030252046 13725.242000000   211.694700000    20.885719178    44.026957500     -96550  0.376431381927  0.376431381927  0.134355750000  0.076205062500  0.206117000000 18324.313   194.597     0.921355250     0.995310125  -56.00946
   0  8 0.9865487100000 0.6000000000000 0.0450000000000 0.6000000000000 0.0450000000000 0.9285674529207 0.9285674529207 23391.803500000  2629.738092108 14340.482000000   226.515500000    19.364569472    34.277055000    -544784  0.331726230196  0.331726230196  0.139502750000  0.146295000000  0.414648300000 21180.382   198.144     0.902211250     0.994893427  -54.93052
   0  8 0.9685067900000 0.6000000000000 0.0450000000000 0.6000000000000 0.0450000000000 0.7746694622481 0.7746694622481 21073.556500000  2953.764558592 14700.640000000   203.044700000    19.827619689    40.879040000    -433324  0.539804004704  0.539804004704  0.140462850000  0.066568375000  0.241816800000 19051.136   184.713     0.911440625     0.994912969  -56.98771
   0  8 0.9895284600000 0.6000000000000 0.0450000000000 0.6000000000000 0.0450000000000 0.7757991583379 0.7757991583379 24210.686500000  2251.601161714 12094.360000000   194.868400000    21.655149304    44.619790000    -110985  0.376381972311  0.376381972311  0.125233000000  0.111351437500  0.254751600000 19204.834   179.088     0.791619250     0.993843573  -55.20179
   0  8 0.9883217200000 0.6000000000000 0.0450000000000 0.6000000000000 0.0450000000000 0.6669058452000 0.6669058452000 23900.618500000  2367.324528366 12849.790000000   169.808700000    33.395655900   106.223410000    -467039  0.447472051742  0.447472051742  0.139685850000  0.059051437500  0.307001400000 19342.216   159.839     0.803732875     0.993031526  -52.99805
   0  8 0.9813260300000 0.6000000000000 0.0450000000000 0.6000000000000 0.0450000000000 0.5834980682289 0.5834980682289 24059.581000000  2691.352710634 14795.402000000   219.990700000    19.992633528    39.902350000     -24352  0.578470060500  0.578470060500  0.172993750000  0.095565500000  0.215855000000 20195.507   199.168     0.827403000     0.994609002  -55.30875
   0  7 0.9552056900000 0.6000000000000 0.0450000000000 0.6000000000000 0.0450000000000 0.9059337618281 0.9059337618281 23194.420000000  2424.533470512 12295.220000000   203.222400000    22.021644087    47.010262500    -330839  0.497246606856  0.497246606856  0.131950750000  0.099837312500  0.250533400000 18056.476   185.925     0.786583000     0.994424814  -55.58095
   0  7 0.9799734000000 0.6000000000000 0.0450000000000 0.6000000000000 0.0450000000000 0.6412161981410 0.6412161981410 20462.033500000  2797.229694070 13894.816000000   224.999500000    19.866696465    39.232947500    -132437  0.480181789400  0.480181789400  0.190254750000  0.051440562500  0.231707100000 16643.892   201.729     0.820609875     0.995520455  -55.07762
   0  9 0.9776040600000 0.6000000000000 0.0450000000000 0.6000000000000 0.0450000000000 0.8342088903459 0.8342088903459 24533.161000000  2736.875164694 15274.392000000   185.606400000    20.023427592    38.599262500    -128016  0.486707929568  0.486707929568  0.151529100000  0.108698562500  0.461735000000 20861.327   167.979     0.830632375     0.993497140  -52.49368
   0  6 0.9724265900000 0.6000000000000 0.0450000000000 0.6000000000000 0.0450000000000 0.7977190529409 0.7977190529409 24062.726500000  2408.075901837 12381.066000000   271.558800000    20.465810548    36.903412500    -544916  0.387429325245  0.387429325245  0.141455700000  0.083209375000  0.474386000000 20484.311   228.180     0.850837750     0.995650599  -54.88405
   0 10 0.9880348100000 0.6000000000000 0.0450000000000 0.6000000000000 0.0450000000000 0.7641662987819 0.7641662987819 24696.875500000  2536.037927762 14547.284000000   249.560400000    18.040103436    27.827982500    -672596  0.496001457995  0.496001457995  0.169439600000  0.093689000000  0.417745700000 21109.050   198.488     0.829694625     0.995101446  -51.98797
   0  9 0.9873191800000 0.6000000000000 0.0450000000000 0.6000000000000 0.0450000000000 0.6386597009020 0.6386597009020 27439.117000000  2355.802375672 13750.400000000   240.490300000    19.496423738    33.831025000    -238010  0.533533577975  0.533533577975  0.155021050000  0.057141937500  0.479029200000 19908.690   205.205     0.723656375     0.994355042  -55.08844
   0  8 0.9828549200000 0.6000000000000 0.0450000000000 0.6000000000000 0.0450000000000 0.7980008866074 0.7980008866074 21051.362500000  2474.855744321 12661.348000000   220.534400000    19.905893143    37.293185000    -631999  0.411915341720  0.411915341720  0.192706900000  0.066462875000  0.336265500000 16916.536   194.864     0.807437000     0.995290574  -55.28510
   0  9 0.9864608500000 0.6000000000000 0.0450000000000 0.6000000000000 0.0450000000000 0.8983650153510 0.8983650153510 23357.176000000  2649.755551504 14587.994000000   236.519400000    18.820061586    33.655297500    -532645  0.385345139859  0.385345139859  0.133682700000  0.110690000000  0.422592800000 19649.115   204.049     0.825707125     0.995116939  -56.50563
   0  6 0.9822381400000 0.6000000000000 0.0450000000000 0.6000000000000 0.0450000000000 0.5411359773485 0.5411359773485 22436.638000000  2546.528046433 13118.884000000   218.431200000    21.363990224    44.303565000    -655821  0.491224120253  0.491224120253  0.136895000000  0.071022562500  0.247474500000 18436.330   200.833     0.825407250     0.994934153  -56.53006
   0  8 0.9635574500000 0.6000000000000 0.0450000000000 0.6000000000000 0.0450000000000 0.8274904900641 0.8274904900641 24758.516500000  2472.214978314 13308.822000000   223.176100000    20.446566694    39.202332500    -602950  0.547083420864  0.547083420864  0.148487250000  0.157212687500  0.438908400000 19115.239   197.374     0.770973250     0.994570804  -53.76869
   0  7 0.9883390300000 0.6000000000000 0.0450000000000 0.6000000000000 0.0450000000000 0.7039088355782 0.7039088355782 25427.819500000  2650.892581923 14887.166000000   195.486900000    20.930477525    40.806532500    -298641  0.379940272643  0.379940272643  0.140037350000  0.052570375000  0.282373300000 20905.736   179.186     0.812089000     0.993560010  -57.01896
   0  7 0.9530921200000 0.6000000000000 0.0450000000000 0.6000000000000 0.0450000000000 0.9063755238428 0.9063755238428 23357.257000000  2705.978223724 14030.466000000   250.597200000    19.743847281    35.871180000    -896310  0.512386446665  0.512386446665  0.207898700000  0.055919437500  0.513639200000 21194.061   213.360     0.913302500     0.995448643  -55.13089
   0 10 0.9884112300000 0.6000000000000 0.0450000000000 0.6000000000000 0.0450000000000 0.8734608767208 0.8734608767208 21139.180000000  2798.579431308 14551.702000000   197.020800000    19.930157529    46.636025000    -622910  0.430830505619  0.430830505619  0.105381350000  0.077884937500  0.297555100000 19185.509   182.893     0.904690250     0.994687587  -54.69222
 
  COND2           1     1513429  5.687417298624472E+044  8.607971969716357E+042
  1.513511584915395E-002         100
   1513429  31467638   1345618         0     43607         0         0         0         0         0   1036518         0         0  15193190   1513429
 PARAMETER FILE GP03A.PAR   
