  Aa Am            MSYL            MSYR           MORTJ           MORTA             K1+           PInit      ISEED   PTarget           CVADD              AR        PREG-MAX           GAMMA              P0   SSTILDA     LIKEL
   0  8 0.9735595000000 0.6000000000000 0.0450000000000 0.6000000000000 0.0200000000000 0.7114020113487 0.3035503980100 22973.654500000  2535.787323122 13427.168000000   386.390500000    62.812285582    90.084430000    -944712  0.541080331580  0.541080331580  0.123945650000  0.078687812500  0.570474300000 20878.568   212.428     0.912342375     0.997080197  -55.90801
   0  6 0.9574117900000 0.6000000000000 0.0450000000000 0.6000000000000 0.0200000000000 0.9560478782959 0.5074820826162 26839.474000000  2605.717150057 14049.650000000   197.066700000   149.419330922   146.414957500    -208352  0.400580752096  0.400580752096  0.165742500000  0.053888312500  0.394311400000 22699.318   175.559     0.837102375     0.993344377  -53.66327
   0  6 0.9625668800000 0.6000000000000 0.0450000000000 0.6000000000000 0.0200000000000 0.8960810212208 0.4622218976311 22849.454500000  2790.352513588 14309.332000000   320.506300000    64.150336337    89.439597500    -355069  0.397820560935  0.397820560935  0.172382750000  0.062271750000  0.501597000000 20952.070   196.707     0.928871000     0.996511950  -56.11783
   0  6 0.9733763100000 0.6000000000000 0.0450000000000 0.6000000000000 0.0200000000000 0.8213836628001 0.3938162230414 26454.332500000  2565.767919382 13979.554000000   297.822900000    68.713507996    93.679157500    -657468  0.370968544714  0.370968544714  0.155602350000  0.055736062500  0.312210400000 24017.336   198.166     0.905032125     0.995638303  -54.83143
   0 12 0.9895421800000 0.6000000000000 0.0450000000000 0.6000000000000 0.0200000000000 0.8108510740637 0.2170288582481 22006.271500000  2769.575257076 14927.648000000   257.481100000    70.574109440    99.305915000    -875518  0.588273097360  0.588273097360  0.150499550000  0.069113750000  0.229360600000 19641.950   190.980     0.869886625     0.995764853  -56.28140
   0  6 0.9869278500000 0.6000000000000 0.0450000000000 0.6000000000000 0.0200000000000 0.4122656756384 0.1736560684857 23682.566500000  2532.993767538 13427.036000000   414.178300000    58.450756566    79.519070000    -413581  0.597784995823  0.597784995823  0.143508150000  0.085115437500  0.350650600000 20977.451   194.845     0.884254000     0.997171769  -56.30351
   0  7 0.9651410400000 0.6000000000000 0.0450000000000 0.6000000000000 0.0200000000000 0.8216877047212 0.3949876351442 20914.607500000  2635.929724614 13070.850000000   386.503100000    63.594134316    92.688785000    -648125  0.473247501362  0.473247501362  0.117183050000  0.170610187500  0.325232100000 19104.187   214.843     0.931512625     0.997350580  -50.73880
   0  9 0.9875625500000 0.6000000000000 0.0450000000000 0.6000000000000 0.0200000000000 0.9658661972652 0.3352820728571 21648.319000000  2562.170359292 13555.056000000   337.504600000    62.900482351    89.311710000    -741776  0.351204796515  0.351204796515  0.139284400000  0.083368562500  0.536255200000 18776.582   201.652     0.859524500     0.996826017  -56.95598
   0  7 0.9582105700000 0.6000000000000 0.0450000000000 0.6000000000000 0.0200000000000 0.8247303372805 0.4129933091786 22505.434000000  2511.285533457 12732.698000000   473.551500000    60.311188319    86.083192500    -912527  0.522797981040  0.522797981040  0.193569550000  0.079625937500  0.420827000000 17612.566   210.217     0.790207125     0.997677160  -54.00866
   0 10 0.9837687100000 0.6000000000000 0.0450000000000 0.6000000000000 0.0200000000000 0.7066193859920 0.2393108156229 25286.393500000  2574.440526476 14859.190000000   472.887300000    55.270470946    75.942965000    -848843  0.581441985859  0.581441985859  0.122076550000  0.059271875000  0.230743600000 22075.025   198.407     0.847198750     0.997360454  -55.98281
   0  6 0.9840276300000 0.6000000000000 0.0450000000000 0.6000000000000 0.0200000000000 0.8001542421523 0.3481843882957 22364.575000000  2600.399416287 13457.676000000   300.183000000    68.142554497    96.006970000    -145351  0.322851829951  0.322851829951  0.133428800000  0.106687125000  0.379927600000 19780.891   201.827     0.887444875     0.996321737  -56.04631
   0 11 0.9824442300000 0.6000000000000 0.0450000000000 0.6000000000000 0.0200000000000 0.9541672367304 0.3043545250527 23975.030500000  2427.958190669 13701.836000000   376.773500000    58.918321831    80.960217500    -611040  0.502045754415  0.502045754415  0.107449400000  0.065731687500  0.355244000000 20924.662   194.477     0.847861250     0.996861376  -56.91222
   0  6 0.9800389400000 0.6000000000000 0.0450000000000 0.6000000000000 0.0200000000000 0.4981305031249 0.2256055640397 26031.836500000  2490.820829869 13484.788000000   266.356400000    73.462081984    98.877890000    -248431  0.552437451859  0.552437451859  0.126866800000  0.052793937500  0.316267800000 22832.329   192.815     0.869651250     0.995185808  -56.57904
   0  9 0.9878518500000 0.6000000000000 0.0450000000000 0.6000000000000 0.0200000000000 0.9339151107640 0.3230004766745 26691.419500000  2331.229670484 13425.344000000   194.605400000    93.993621380   108.759482500    -199277  0.361280199426  0.361280199426  0.141634700000  0.130122687500  0.232918500000 22827.289   161.495     0.834476875     0.993211665  -49.67819
   0 10 0.9775208800000 0.6000000000000 0.0450000000000 0.6000000000000 0.0200000000000 0.9159510082810 0.3311784431047 20576.014000000  2673.578529444 13584.798000000   351.650200000    59.727254040    84.037740000    -740413  0.503518826237  0.503518826237  0.184780900000  0.065227125000  0.258393600000 16142.875   192.462     0.777925750     0.997121431  -52.31979
   0  6 0.9795951800000 0.6000000000000 0.0450000000000 0.6000000000000 0.0200000000000 0.6334275884201 0.2880754528020 20783.657500000  2326.093193689 11256.698000000   220.047400000    80.999155977   105.385235000    -459386  0.437458591123  0.437458591123  0.153795400000  0.080103437500  0.329289700000 18132.845   174.853     0.884760000     0.995348576  -52.45676
   0  6 0.9671518900000 0.6000000000000 0.0450000000000 0.6000000000000 0.0200000000000 0.8067797524605 0.4044310001276 22976.881000000  2427.610509218 12218.456000000   386.262100000    61.790708529    85.153205000    -494045  0.413881799029  0.413881799029  0.156217650000  0.079143875000  0.451364300000 21152.190   198.861     0.937473625     0.997085714  -54.90651
   0 10 0.9846813700000 0.6000000000000 0.0450000000000 0.6000000000000 0.0200000000000 0.8395570092369 0.2813263284164 24655.552000000  2265.448204920 12671.600000000   224.125900000    73.910858909    92.615237500    -468185  0.481063396052  0.481063396052  0.152265550000  0.141289125000  0.402508600000 20186.153   165.309     0.800710375     0.994566674  -50.14740
   0  9 0.9865783000000 0.6000000000000 0.0450000000000 0.6000000000000 0.0200000000000 0.7061552273095 0.2481499506743 22452.797500000  2608.364058179 14059.722000000   452.149800000    56.253246439    78.402760000    -191786  0.489174790885  0.489174790885  0.111966800000  0.051490562500  0.222327600000 18893.443   197.835     0.829475375     0.997544384  -56.62231
   0  8 0.9803993200000 0.6000000000000 0.0450000000000 0.6000000000000 0.0200000000000 0.8901112217724 0.3572727420490 21907.910500000  2692.564021660 14067.778000000   414.012100000    58.797173444    83.482575000    -788445  0.385305733512  0.385305733512  0.137705850000  0.084429750000  0.245709700000 20047.215   204.421     0.922976375     0.997392926  -56.46598
   0  7 0.9559570500000 0.6000000000000 0.0450000000000 0.6000000000000 0.0200000000000 0.9134979954444 0.4629494332596 20981.500000000  2910.332608208 14242.548000000   457.890000000    54.991167306    75.650400000    -703854  0.487783245754  0.487783245754  0.110174900000  0.065153812500  0.537428800000 18256.963   186.151     0.874765375     0.997761373  -50.99557
   0  8 0.9888938800000 0.6000000000000 0.0450000000000 0.6000000000000 0.0200000000000 0.9740613958817 0.3551581761114 20631.283000000  2326.841943333 11764.484000000   303.250700000    66.932650204    93.753907500    -292364  0.303229300902  0.303229300902  0.107081050000  0.122676062500  0.460816700000 17376.380   196.931     0.845933625     0.996630320  -52.68767
   0 11 0.9752873200000 0.6000000000000 0.0450000000000 0.6000000000000 0.0200000000000 0.9602804798198 0.3297119083168 23772.260500000  2508.288440406 13963.138000000   211.211300000   104.960900401   130.389272500    -809007  0.571266718608  0.571266718608  0.126213150000  0.074703812500  0.290425300000 21442.098   182.645     0.884968750     0.994468694  -55.83641
   0  7 0.9823979800000 0.6000000000000 0.0450000000000 0.6000000000000 0.0200000000000 0.9524297871510 0.3980746686372 23273.260000000  2420.360701988 12727.104000000   409.884700000    61.864033623    87.522747500     -54975  0.310585052949  0.310585052949  0.142752100000  0.077884000000  0.237651400000 18710.083   209.131     0.805351625     0.997199443  -56.70486
   0  6 0.9558353700000 0.6000000000000 0.0450000000000 0.6000000000000 0.0200000000000 0.9127475113321 0.4884438549750 26841.391000000  2738.110828403 14923.104000000   233.306100000    85.948558241   113.058842500    -549170  0.428729056704  0.428729056704  0.218537700000  0.064641437500  0.279394000000 22672.264   187.921     0.834645250     0.994379492  -51.70574
   0  8 0.9790487600000 0.6000000000000 0.0450000000000 0.6000000000000 0.0200000000000 0.9731025472320 0.3957139662517 28489.390000000  2255.891311156 12621.554000000   342.944000000    63.350307298    83.638217500    -577578  0.360685527618  0.360685527618  0.159409650000  0.122824000000  0.353418400000 22622.255   189.988     0.785341000     0.995910057  -51.54985
   0  9 0.9692584500000 0.6000000000000 0.0450000000000 0.6000000000000 0.0200000000000 0.9341399932223 0.3872076446193 24570.056500000  2322.744988789 12544.686000000   261.376200000    76.017785771   103.287750000    -712917  0.502248833630  0.502248833630  0.132705050000  0.055301000000  0.554552600000 20301.885   192.077     0.814759625     0.995391374  -57.68653
   0  9 0.9680323200000 0.6000000000000 0.0450000000000 0.6000000000000 0.0200000000000 0.9502845955870 0.3974529349277 28532.522500000  2215.535102309 12385.056000000   275.700000000    70.548105355    91.525220000    -695698  0.504109059423  0.504109059423  0.160906650000  0.079250250000  0.308007700000 20972.598   181.595     0.735252875     0.994928318  -52.02228
   0  9 0.9761105700000 0.6000000000000 0.0450000000000 0.6000000000000 0.0200000000000 0.8192343640207 0.3211496350366 24215.317000000  2237.138060533 11970.642000000   341.245200000    64.567245763    88.879492500    -180469  0.508784987152  0.508784987152  0.163834100000  0.050602187500  0.416373300000 19440.797   197.382     0.796249500     0.996511327  -56.77022
   0  8 0.9749291500000 0.6000000000000 0.0450000000000 0.6000000000000 0.0200000000000 0.9166719802716 0.3867348431935 28531.172500000  2488.417768110 14413.896000000   410.780100000    60.190581375    82.261322500    -644731  0.410451945935  0.410451945935  0.140041650000  0.126899437500  0.213751100000 21061.351   201.793     0.736162625     0.996587163  -50.57182
   0  6 0.9859757200000 0.6000000000000 0.0450000000000 0.6000000000000 0.0200000000000 0.8062930738721 0.3433958808068 23554.937500000  2547.681481912 13474.746000000   424.466700000    59.465128726    82.595812500    -120032  0.310450711241  0.310450711241  0.147464550000  0.053617500000  0.401672300000 21333.135   203.377     0.908840375     0.997256917  -57.60941
   0  8 0.9817251300000 0.6000000000000 0.0450000000000 0.6000000000000 0.0200000000000 0.6385446040861 0.2529036836190 22341.827500000  2698.467038857 14274.734000000   236.811200000    73.942221276    99.656915000    -744110  0.524969503510  0.524969503510  0.154249800000  0.091198312500  0.416587300000 19956.198   181.165     0.891122000     0.995348438  -55.36807
   0 10 0.9749104800000 0.6000000000000 0.0450000000000 0.6000000000000 0.0200000000000 0.9560685231029 0.3540960588163 23118.455500000  2277.775543949 12193.968000000   324.818000000    64.891237532    89.713312500      -9440  0.505848534138  0.505848534138  0.109983950000  0.081272812500  0.245860900000 20967.269   196.672     0.905848375     0.996502800  -55.09294
   0  6 0.9804296300000 0.6000000000000 0.0450000000000 0.6000000000000 0.0200000000000 0.8230523705159 0.3713870778350 23133.386500000  2529.204443198 13151.324000000   422.098600000    60.052981468    83.759572500    -371110  0.332309952015  0.332309952015  0.117222650000  0.064827750000  0.201532700000 18910.862   202.690     0.819762125     0.997299788  -57.95489
   0  6 0.9607320100000 0.6000000000000 0.0450000000000 0.6000000000000 0.0200000000000 0.9602169082572 0.5005759665641 21334.498000000  2423.688006208 11736.076000000   277.308800000    67.395507725    90.379335000    -421705  0.380925717248  0.380925717248  0.108901300000  0.063642125000  0.235350900000 18824.159   181.682     0.894175250     0.996237616  -53.32547
   0  7 0.9500797100000 0.6000000000000 0.0450000000000 0.6000000000000 0.0200000000000 0.9270470841225 0.4834488491882 22015.235500000  2494.377145005 12391.478000000   297.138900000    70.624784574    99.430422500    -656587  0.522970904767  0.522970904767  0.108469850000  0.069799125000  0.489556300000 19485.351   201.031     0.892804875     0.996383608  -56.09215
   0  8 0.9681421600000 0.6000000000000 0.0450000000000 0.6000000000000 0.0200000000000 0.7751850312662 0.3445920872635 25310.801500000  2693.334942176 14929.168000000   271.563300000    70.195250806    95.901702500    -730121  0.542639591533  0.542639591533  0.162420300000  0.073510875000  0.526170900000 22165.335   191.637     0.862415000     0.995432280  -55.49303
   0  8 0.9589851800000 0.6000000000000 0.0450000000000 0.6000000000000 0.0200000000000 0.8982126273618 0.4230708757698 25429.493500000  2725.055452889 14992.390000000   408.331000000    60.064659174    84.470445000    -813144  0.541570409831  0.541570409831  0.123041750000  0.091968812500  0.269360000000 19003.113   204.281     0.746916250     0.996955638  -52.42703
   0  7 0.9886940400000 0.6000000000000 0.0450000000000 0.6000000000000 0.0200000000000 0.5867988805631 0.2282383227331 22446.074500000  2678.841950793 14192.418000000   439.468200000    57.727859794    81.106825000    -586681  0.452971458748  0.452971458748  0.113307750000  0.064173875000  0.522734000000 20004.383   202.913     0.890693875     0.997470612  -57.52681
   0  9 0.9687613400000 0.6000000000000 0.0450000000000 0.6000000000000 0.0200000000000 0.8412656539892 0.3499941388915 24120.668500000  2933.981642184 15949.350000000   234.085500000    83.228114842   113.910732500    -438181  0.562433213362  0.562433213362  0.167720800000  0.080668125000  0.563793300000 20065.879   189.775     0.812836125     0.994949074  -52.98546
   0  8 0.9567941000000 0.6000000000000 0.0450000000000 0.6000000000000 0.0200000000000 0.8616892671008 0.4108207594306 24327.340000000  2319.053113467 12040.956000000   414.224500000    63.334749245    89.582142500    -815225  0.584045820025  0.584045820025  0.103979450000  0.129881000000  0.533937400000 20250.338   210.765     0.829259000     0.997130317  -53.04451
   0  7 0.9766316000000 0.6000000000000 0.0450000000000 0.6000000000000 0.0200000000000 0.6950460964046 0.3067424130018 22420.735000000  2489.131267153 12863.070000000   371.423000000    62.864376958    88.759242500     -47512  0.467696610202  0.467696610202  0.173389750000  0.052957250000  0.351993200000 20743.790   206.245     0.942298500     0.997031596  -56.01247
   0  9 0.9899445900000 0.6000000000000 0.0450000000000 0.6000000000000 0.0200000000000 0.8414993603813 0.2830796020061 23485.993000000  2382.089001679 13096.350000000   403.309400000    60.740704079    85.741877500     -58122  0.385626414632  0.385626414632  0.119920750000  0.053714937500  0.312312000000 20693.717   208.059     0.869742500     0.997113536  -58.29824
   0  7 0.9703412900000 0.6000000000000 0.0450000000000 0.6000000000000 0.0200000000000 0.7387169828604 0.3427169462826 28002.094000000  2288.752038362 12328.792000000   360.907900000    62.250777294    81.959755000     -57173  0.486045680224  0.486045680224  0.187428000000  0.083539375000  0.461052300000 19026.488   186.743     0.705447250     0.996194648  -50.49511
   0  8 0.9878600000000 0.6000000000000 0.0450000000000 0.6000000000000 0.0200000000000 0.6037411854550 0.2230549126506 24615.511000000  2589.594826276 14487.644000000   345.321400000    62.956405376    88.249577500    -260579  0.498399785168  0.498399785168  0.151292050000  0.063281812500  0.248377200000 21930.997   204.249     0.879814375     0.996471953  -56.72907
   0  6 0.9858352400000 0.6000000000000 0.0450000000000 0.6000000000000 0.0200000000000 0.7702493098034 0.3285693589267 23006.041000000  2324.902390674 11813.680000000   356.126300000    64.679047627    90.127655000    -351373  0.325722763570  0.325722763570  0.104903900000  0.057868875000  0.428059500000 17638.049   202.764     0.780954875     0.996807000  -54.90076
   0  6 0.9772415900000 0.6000000000000 0.0450000000000 0.6000000000000 0.0200000000000 0.9381916329306 0.4357835533114 23179.894000000  2948.584779109 15465.076000000   298.079000000    63.531298883    87.800330000     -87597  0.306300150770  0.306300150770  0.104868950000  0.055448875000  0.351433700000 19940.927   190.076     0.857411375     0.996174856  -55.17079
   0 12 0.9899050000000 0.6000000000000 0.0450000000000 0.6000000000000 0.0200000000000 0.9211979237027 0.2452310267114 23537.941000000  2682.121874357 15197.410000000   215.597600000    84.945736411   111.128570000    -315417  0.514084164400  0.514084164400  0.126773250000  0.074300750000  0.595792000000 21340.187   178.370     0.883162375     0.994588627  -55.31767
   0  7 0.9895428800000 0.6000000000000 0.0450000000000 0.6000000000000 0.0200000000000 0.4577169102302 0.1760954385889 24952.592500000  2362.433554744 12805.132000000   219.120200000    93.057520014   118.770717500    -564763  0.572200738669  0.572200738669  0.135489550000  0.084850375000  0.587567700000 21173.671   183.624     0.840584625     0.994357119  -55.94921
   0  9 0.9830973000000 0.6000000000000 0.0450000000000 0.6000000000000 0.0200000000000 0.7796331769283 0.2852391518054 27487.757500000  2357.843916689 13678.312000000   454.551000000    59.364108197    82.373252500     -59117  0.472122386402  0.472122386402  0.177411650000  0.067840937500  0.500123300000 20579.491   207.689     0.741075375     0.997016111  -54.09181
   0  8 0.9805630300000 0.6000000000000 0.0450000000000 0.6000000000000 0.0200000000000 0.5822138981943 0.2333111818156 20964.854500000  2670.843849428 13619.210000000   240.997600000    70.875916070    95.689347500    -554422  0.587415708777  0.587415708777  0.173863750000  0.120489062500  0.583892800000 16229.103   177.089     0.781482375     0.995713697  -50.18884
   0  6 0.9635877600000 0.6000000000000 0.0450000000000 0.6000000000000 0.0200000000000 0.6016793588214 0.3084769885182 27488.905000000  2493.492806641 13444.460000000   229.440400000    89.192313943   114.551600000     -40101  0.583990113013  0.583990113013  0.153794050000  0.054480062500  0.217508400000 24386.336   186.481     0.880053375     0.994136597  -53.72562
   0  6 0.9623984600000 0.6000000000000 0.0450000000000 0.6000000000000 0.0200000000000 0.6060497261019 0.3129261109191 23399.917000000  2937.192572274 15238.850000000   380.193000000    61.716983553    88.474022500    -530619  0.589598570227  0.589598570227  0.162075350000  0.109167687500  0.229162600000 20288.480   208.171     0.864503375     0.996988834  -54.03944
   0  9 0.9891423300000 0.6000000000000 0.0450000000000 0.6000000000000 0.0200000000000 0.5710346745151 0.1941943784808 24179.218000000  2454.975815803 13739.532000000   425.774800000    58.725047315    82.028525000    -429309  0.576860733676  0.576860733676  0.169784350000  0.063402187500  0.312058700000 21561.814   204.884     0.878914375     0.997186778  -56.73178
   0  8 0.9817509300000 0.6000000000000 0.0450000000000 0.6000000000000 0.0200000000000 0.9003422740487 0.3564975092484 25267.925500000  2297.290239566 12488.732000000   433.312700000    58.744787055    79.489007500    -287801  0.372154988952  0.372154988952  0.151184100000  0.066492937500  0.460481600000 20950.673   195.365     0.820272750     0.997124874  -55.97035
   0  6 0.9749525600000 0.6000000000000 0.0450000000000 0.6000000000000 0.0200000000000 0.9640445478858 0.4564685094091 22747.718500000  2537.003191082 13012.200000000   312.397100000    62.613491795    83.865197500    -627581  0.308662736288  0.308662736288  0.122625850000  0.057601562500  0.415696400000 20871.996   184.566     0.930802125     0.996421997  -54.17892
   0  7 0.9829522600000 0.6000000000000 0.0450000000000 0.6000000000000 0.0200000000000 0.6229092748280 0.2588559153223 23249.446000000  2296.075756620 11854.938000000   320.266400000    66.171381540    91.016205000    -183166  0.470516553448  0.470516553448  0.137117400000  0.082320062500  0.257839900000 21070.157   197.947     0.912988500     0.996418292  -55.11227
   0  7 0.9623547700000 0.6000000000000 0.0450000000000 0.6000000000000 0.0200000000000 0.7897271422936 0.3862235458907 17954.975500000  3147.994827721 13629.160000000   264.932600000    72.194789616   105.845305000    -914604  0.513476837004  0.513476837004  0.164948900000  0.084380937500  0.253300500000 16710.918   198.805     0.977776750     0.996684348  -49.89497
   0  7 0.9873495800000 0.6000000000000 0.0450000000000 0.6000000000000 0.0200000000000 0.6617523028986 0.2617163524979 25223.686000000  2290.182210640 12253.596000000   243.907500000    82.797287660   110.550330000    -864601  0.411100643671  0.411100643671  0.123668900000  0.063264000000  0.389415900000 21648.678   192.423     0.851424625     0.994883412  -55.76461
   0  7 0.9899269300000 0.6000000000000 0.0450000000000 0.6000000000000 0.0200000000000 0.8401002642756 0.3215778503789 23867.449000000  2286.820285352 12036.628000000   353.842800000    62.615403461    85.166205000    -545437  0.309670187459  0.309670187459  0.123036750000  0.078000562500  0.334476800000 19155.158   194.570     0.803917250     0.996656621  -56.29851
   0  9 0.9809202100000 0.6000000000000 0.0450000000000 0.6000000000000 0.0200000000000 0.8130285684152 0.3043966302128 26146.559500000  2544.593031592 14662.894000000   215.911900000    97.267171451   122.680207500    -844987  0.470816895318  0.470816895318  0.241025300000  0.125201000000  0.276129300000 19811.184   181.926     0.747674250     0.994032036  -47.77297
   0  6 0.9820937100000 0.6000000000000 0.0450000000000 0.6000000000000 0.0200000000000 0.7739087121579 0.3435745814894 23580.088000000  2530.075359993 13292.748000000   255.668200000    71.879591448    96.410652500    -789079  0.344263600204  0.344263600204  0.157765550000  0.061940500000  0.557222400000 20405.449   185.405     0.863409125     0.995451777  -57.13743
   0  7 0.9701532500000 0.6000000000000 0.0450000000000 0.6000000000000 0.0200000000000 0.8317243745253 0.3863943412636 20919.427000000  2409.696469904 11874.560000000   420.093000000    58.654925723    80.297152500    -626371  0.432956483784  0.432956483784  0.128971050000  0.166147687500  0.485585200000 18872.235   191.364     0.917716500     0.997557834  -50.87882
   0  7 0.9879389200000 0.6000000000000 0.0450000000000 0.6000000000000 0.0200000000000 0.6823831276772 0.2679374568748 24723.848500000  2349.754948029 12633.742000000   240.504200000    81.449556909   108.496492500    -952733  0.394645077822  0.394645077822  0.110382300000  0.061624750000  0.504095500000 20922.426   189.286     0.839558250     0.994911778  -56.80540
   0  7 0.9794770900000 0.6000000000000 0.0450000000000 0.6000000000000 0.0200000000000 0.9262270481877 0.3984075043460 26637.932500000  2463.867195644 13678.538000000   427.094200000    58.457660097    78.733707500    -559723  0.335136949720  0.335136949720  0.127359800000  0.051623875000  0.434640500000 22699.584   195.753     0.840052500     0.996928643  -55.54208
   0  7 0.9755070400000 0.6000000000000 0.0450000000000 0.6000000000000 0.0200000000000 0.9321687973648 0.4153507552314 23232.328000000  2469.437903515 12921.516000000   477.568600000    57.427179602    78.906185000    -624019  0.355068683874  0.355068683874  0.128198050000  0.052263812500  0.522536600000 17107.191   195.681     0.751762875     0.997609030  -54.07576
   0  7 0.9806426000000 0.6000000000000 0.0450000000000 0.6000000000000 0.0200000000000 0.5559497813579 0.2364829037452 26060.281000000  2375.561522079 12929.406000000   251.008300000    81.592484332   109.916677500    -533081  0.547770650888  0.547770650888  0.148213050000  0.081308187500  0.256060000000 19008.159   193.941     0.741070375     0.994884201  -53.70136
   0  7 0.9849968500000 0.6000000000000 0.0450000000000 0.6000000000000 0.0200000000000 0.5269725618633 0.2141966760755 24760.622500000  2553.862326538 14020.842000000   280.331400000    69.627332751    95.465422500    -506456  0.537381685305  0.537381685305  0.136384850000  0.074730125000  0.533065600000 22519.696   195.734     0.907251625     0.995636664  -56.07456
   0  6 0.9656450400000 0.6000000000000 0.0450000000000 0.6000000000000 0.0200000000000 0.9071089537681 0.4591806035142 21516.316000000  2522.919163070 12465.214000000   342.146100000    64.365893991    90.173122500    -914515  0.376170136237  0.376170136237  0.159892800000  0.080599875000  0.251393300000 19016.522   199.761     0.893114375     0.996920533  -56.19166
   0  6 0.9841734200000 0.6000000000000 0.0450000000000 0.6000000000000 0.0200000000000 0.7202199028792 0.3129124638675 23775.122500000  2461.623656352 12912.256000000   439.084700000    61.157711089    86.462565000    -363805  0.357844129094  0.357844129094  0.102604900000  0.060351875000  0.420089000000 18938.328   211.094     0.800621000     0.997326493  -56.23643
   0  8 0.9768866800000 0.6000000000000 0.0450000000000 0.6000000000000 0.0200000000000 0.6452895004135 0.2676675291887 23179.840000000  2677.798678881 14359.200000000   459.191200000    58.249827218    83.031540000     -36117  0.564228762673  0.564228762673  0.135777400000  0.061711812500  0.301129200000 20448.500   209.374     0.875508125     0.997517375  -57.72944
   0  6 0.9869520600000 0.6000000000000 0.0450000000000 0.6000000000000 0.0200000000000 0.5204711763733 0.2191722870369 24161.668000000  2538.225000824 13573.070000000   263.259500000    75.366928101   103.995242500    -303257  0.473317870781  0.473317870781  0.117503600000  0.083164687500  0.414111500000 18993.840   196.747     0.790007125     0.995460339  -55.45328
   0  7 0.9673587400000 0.6000000000000 0.0450000000000 0.6000000000000 0.0200000000000 0.6538433797820 0.3097564358064 22968.065500000  2676.645795974 13970.014000000   270.943200000    77.397139881   110.531577500    -598176  0.574987601923  0.574987601923  0.133786250000  0.092810250000  0.205836500000 18911.660   205.791     0.821566375     0.995846652  -53.76633
   0  8 0.9789728600000 0.6000000000000 0.0450000000000 0.6000000000000 0.0200000000000 0.8906570800664 0.3624474961191 23447.936500000  2312.118061303 12179.656000000   471.339300000    61.548518752    88.659890000    -187264  0.394583376087  0.394583376087  0.117810750000  0.090541687500  0.226811900000 18655.848   218.733     0.795650375     0.997550872  -54.08292
   0  6 0.9891706400000 0.6000000000000 0.0450000000000 0.6000000000000 0.0200000000000 0.6306604798298 0.2584517549902 23540.155000000  2441.522518853 12817.714000000   435.362100000    60.158881886    83.923567500    -527496  0.376531421502  0.376531421502  0.144716050000  0.052261312500  0.201177200000 20320.254   206.237     0.861150875     0.997321392  -58.38623
   0  6 0.9812093600000 0.6000000000000 0.0450000000000 0.6000000000000 0.0200000000000 0.6665003603201 0.2984925016567 22058.881000000  2574.595644721 13169.806000000   480.682900000    60.574046078    87.863380000    -824699  0.405368211612  0.405368211612  0.140187100000  0.087931062500  0.208196800000 19415.063   219.364     0.884378625     0.997738055  -55.39781
   0  9 0.9880751400000 0.6000000000000 0.0450000000000 0.6000000000000 0.0200000000000 0.6234582111395 0.2150103056034 22854.368500000  2340.547366122 12617.564000000   257.406200000    71.017173963    95.494152500     -90006  0.538947746315  0.538947746315  0.181252000000  0.055194062500  0.363787800000 19694.307   184.406     0.851907500     0.995604949  -55.83100
   0  7 0.9854102600000 0.6000000000000 0.0450000000000 0.6000000000000 0.0200000000000 0.7375036666724 0.2983781590546 21452.987500000  3015.173700941 15311.910000000   340.652200000    61.434006497    88.482927500    -942091  0.381297592802  0.381297592802  0.147873000000  0.059226062500  0.216736400000 20266.008   203.718     0.978289125     0.996888147  -54.75844
   0  7 0.9624561600000 0.6000000000000 0.0450000000000 0.6000000000000 0.0200000000000 0.6901227171530 0.3373061337522 21480.581500000  2682.294384954 13458.128000000   476.795800000    57.950367261    82.056182500    -111147  0.586696312763  0.586696312763  0.146977450000  0.064623500000  0.283560300000 19299.442   203.736     0.907786500     0.997795833  -57.17240
   0  7 0.9630274100000 0.6000000000000 0.0450000000000 0.6000000000000 0.0200000000000 0.9558432873630 0.4655717688779 21979.717000000  2677.064093317 13600.972000000   487.505400000    59.734091760    86.755357500    -592756  0.419989658135  0.419989658135  0.127658600000  0.078354125000  0.205588700000 18880.770   216.119     0.859857125     0.997793830  -56.24791
   0  8 0.9775340800000 0.6000000000000 0.0450000000000 0.6000000000000 0.0200000000000 0.7130610459905 0.2940649943060 26873.291500000  2170.349518027 11633.900000000   372.161200000    63.863216118    86.823705000    -922076  0.505049450568  0.505049450568  0.280557300000  0.071823687500  0.304612600000 20621.151   198.920     0.769973250     0.996447625  -49.52102
   0  7 0.9874973700000 0.6000000000000 0.0450000000000 0.6000000000000 0.0200000000000 0.6788712895247 0.2680055846462 22248.016000000  2554.108470825 13402.168000000   359.040700000    62.520850782    88.305055000    -266441  0.399716678827  0.399716678827  0.117453100000  0.062404250000  0.272403000000 19852.590   204.506     0.893992375     0.996933885  -57.98977
   0  7 0.9654901300000 0.6000000000000 0.0450000000000 0.6000000000000 0.0200000000000 0.8857901724381 0.4248483043759 21493.150000000  2385.762983895 11801.140000000   475.805500000    59.548437492    83.752195000    -448712  0.436683355124  0.436683355124  0.128143950000  0.074748875000  0.336866800000 18418.066   204.221     0.863316625     0.997788079  -56.27075
   0  6 0.9842855700000 0.6000000000000 0.0450000000000 0.6000000000000 0.0200000000000 0.6846260085829 0.2970896280072 23914.226500000  2320.439645006 11915.946000000   312.164500000    65.718373403    88.573927500    -395720  0.375769768845  0.375769768845  0.178190050000  0.062652187500  0.391416400000 21858.210   192.139     0.922715875     0.996217233  -54.10453
   0  9 0.9775250200000 0.6000000000000 0.0450000000000 0.6000000000000 0.0200000000000 0.7721002578240 0.2988030419013 23843.243500000  2546.982038100 13979.430000000   284.889900000    70.149199559    98.213265000    -446496  0.526592516363  0.526592516363  0.136239900000  0.078406187500  0.242572900000 21719.879   199.789     0.906709000     0.995882672  -56.24014
   0 11 0.9856802700000 0.6000000000000 0.0450000000000 0.6000000000000 0.0200000000000 0.8087587827712 0.2481623828713 24907.462000000  2326.591837975 13385.968000000   494.421900000    57.335236152    80.653255000    -609477  0.556544128705  0.556544128705  0.145670200000  0.052843437500  0.305916700000 20915.683   208.929     0.811941875     0.997510286  -57.86645
   0  6 0.9608954600000 0.6000000000000 0.0450000000000 0.6000000000000 0.0200000000000 0.7004838473671 0.3648355861018 22569.437500000  2641.580643843 13374.816000000   265.520600000    75.180083939   104.917462500    -363480  0.520979097383  0.520979097383  0.155573250000  0.064159750000  0.522901500000 19064.276   196.981     0.846686000     0.995842964  -56.87303
   0  6 0.9794144000000 0.6000000000000 0.0450000000000 0.6000000000000 0.0200000000000 0.5226714959525 0.2381033661891 25597.339000000  2360.439010319 12410.580000000   294.948700000    68.704502603    92.390695000    -988343  0.531652433439  0.531652433439  0.141122350000  0.056831812500  0.290731100000 20139.645   191.752     0.790375500     0.995726461  -56.86400
   0  8 0.9807537400000 0.6000000000000 0.0450000000000 0.6000000000000 0.0200000000000 0.9051538092990 0.3620366024787 21415.795000000  2653.984068845 13704.104000000   219.189800000    88.996094670   118.528462500    -190767  0.376600842646  0.376600842646  0.110170100000  0.074981500000  0.296771500000 17650.198   183.554     0.822693250     0.995185374  -54.34676
   0 12 0.9875452000000 0.6000000000000 0.0450000000000 0.6000000000000 0.0200000000000 0.9843375768477 0.2711312750020 24919.423000000  2551.284321565 14969.166000000   215.667100000    93.329417966   119.655660000    -997216  0.504166030147  0.504166030147  0.117867300000  0.065605687500  0.511499300000 22340.739   182.212     0.865773375     0.994282462  -55.43169
   0  8 0.9693929900000 0.6000000000000 0.0450000000000 0.6000000000000 0.0200000000000 0.7935459920082 0.3496102879311 23425.135000000  2985.859805943 15835.614000000   476.700600000    56.727961363    81.762122500    -922651  0.519434401598  0.519434401598  0.151298450000  0.079494937500  0.281252900000 21106.428   210.300     0.896915875     0.997590714  -54.88471
   0  8 0.9727826700000 0.6000000000000 0.0450000000000 0.6000000000000 0.0200000000000 0.9094959646354 0.3905033764921 25493.267500000  2471.918541622 13634.276000000   192.694100000   169.428410795   149.796680000    -340544  0.428708839520  0.428708839520  0.163151800000  0.114511812500  0.369282100000 21432.814   172.805     0.828178875     0.993505167  -52.98116
   0  9 0.9835288000000 0.6000000000000 0.0450000000000 0.6000000000000 0.0200000000000 0.8771863998883 0.3194071851788 25189.004500000  2394.572398807 13467.126000000   396.529800000    58.710549147    79.523945000    -202082  0.416351264260  0.416351264260  0.103468400000  0.091966187500  0.227612800000 21792.955   193.988     0.847905250     0.996864747  -55.03267
   0  6 0.9782334400000 0.6000000000000 0.0450000000000 0.6000000000000 0.0200000000000 0.6387387636145 0.2941142563156 25466.591500000  2531.045961832 13632.978000000   405.293400000    64.818960450    93.578180000    -982330  0.443082676029  0.443082676029  0.167750250000  0.063574187500  0.363999600000 22204.918   223.377     0.865322750     0.996907714  -51.75992
   0  9 0.9821288000000 0.6000000000000 0.0450000000000 0.6000000000000 0.0200000000000 0.8604685805035 0.3181204505430 24824.194000000  2582.292892389 14568.260000000   278.883800000    67.349423897    91.639327500    -703018  0.435311411987  0.435311411987  0.106434650000  0.080705062500  0.453179200000 20673.291   189.061     0.814035375     0.995610312  -55.52051
   0  7 0.9835635400000 0.6000000000000 0.0450000000000 0.6000000000000 0.0200000000000 0.8679397750802 0.3583572916889 23516.759500000  2734.712280187 14744.710000000   245.676000000    79.590564589   110.284512500    -246434  0.334246765440  0.334246765440  0.159242950000  0.072430750000  0.336849500000 20114.796   195.134     0.848477500     0.995275442  -55.29049
   0  9 0.9689612700000 0.6000000000000 0.0450000000000 0.6000000000000 0.0200000000000 0.8853653468623 0.3677992028898 23714.156500000  2254.741767758 11869.022000000   308.373600000    68.575610732    94.994822500    -209829  0.532604877073  0.532604877073  0.120970050000  0.064173687500  0.254490100000 19963.358   198.366     0.834366125     0.996230214  -56.94688
   0  7 0.9734706400000 0.6000000000000 0.0450000000000 0.6000000000000 0.0200000000000 0.8140361943584 0.3687842508620 23184.038500000  2795.337562082 14780.500000000   333.028700000    64.043329330    91.021567500    -946843  0.419967758231  0.419967758231  0.111603500000  0.051135312500  0.494984900000 19268.379   203.241     0.826765000     0.996581456  -56.63732
   0  6 0.9791041900000 0.6000000000000 0.0450000000000 0.6000000000000 0.0200000000000 0.5759588953456 0.2631281082762 23327.597500000  2598.846246339 13616.906000000   456.042800000    58.790647808    82.260120000    -504354  0.484796873021  0.484796873021  0.189688850000  0.092678250000  0.476169900000 18681.576   203.727     0.804406500     0.997481545  -54.65861
   0  9 0.9826349000000 0.6000000000000 0.0450000000000 0.6000000000000 0.0200000000000 0.9212533271033 0.3387515674565 20191.952500000  2984.795211580 14652.748000000   198.348600000    95.992594012   121.729907500    -254805  0.402897049648  0.402897049648  0.180714850000  0.064614312500  0.298196400000 18053.725   171.873     0.896128125     0.994978221  -52.52647
 
  COND2           1      690522  4.403530157936458E+044  5.353006486560684E+042
  1.215617083242405E-002         100
    690522  10196981    437273         0     14175         0         0         0         0         0    648193         1         0   4412855    690522
 PARAMETER FILE GP03B.PAR   
