  Aa Am            MSYL            MSYR           MORTJ           MORTA             K1+           PInit      ISEED   PTarget           CVADD              AR        PREG-MAX           GAMMA              P0   SSTILDA     LIKEL
   0  7 0.9633195300000 0.6000000000000 0.0450000000000 0.6000000000000 0.0200000000000 0.9409761594515 0.4575143212978 23635.127500000  2660.362141312 13933.380000000   373.519100000    31.971129892    47.677292500    -116973  0.424759816738  0.424759816738  0.109569150000  0.116311437500  0.332222900000 20410.455   210.548     0.860651500     0.987613872  -55.90147
   0  9 0.9788423200000 0.6000000000000 0.0450000000000 0.6000000000000 0.0200000000000 0.7229425725108 0.2763153822125 28890.623500000  2229.833816844 12703.962000000   440.730100000    36.516867909    46.220675000    -618851  0.549453406971  0.549453406971  0.163411850000  0.125176187500  0.227534000000 23533.681   224.652     0.798929125     0.987092095  -50.13995
   0  6 0.9891802900000 0.6000000000000 0.0450000000000 0.6000000000000 0.0200000000000 0.4068014527560 0.1666913106382 26644.507000000  2735.249997240 15424.494000000   494.891200000    17.187190685    26.921622500    -246368  0.583639062430  0.583639062430  0.134605300000  0.052822312500  0.335321000000 23623.327   223.291     0.876093750     0.989331301  -53.71466
   0  6 0.9896464900000 0.6000000000000 0.0450000000000 0.6000000000000 0.0200000000000 0.4332567967413 0.1764710041656 21244.723000000  2684.321839105 13616.372000000   421.746300000    26.532557283    42.220640000    -560979  0.543743551487  0.543743551487  0.158703800000  0.067139625000  0.518297100000 17633.065   208.001     0.836799375     0.990014720  -56.45538
   0  7 0.9886387900000 0.6000000000000 0.0450000000000 0.6000000000000 0.0200000000000 0.4577647515619 0.1781745885469 23532.028000000  2617.870136512 14102.058000000   433.552700000    22.670465210    33.442195000    -732497  0.581211209823  0.581211209823  0.126988950000  0.050611000000  0.411127800000 21729.630   210.384     0.931826125     0.989248651  -56.12708
   0 11 0.9740428000000 0.6000000000000 0.0450000000000 0.6000000000000 0.0200000000000 0.9524483015548 0.3307666308010 24850.505500000  2679.089230339 15163.300000000   255.944800000    48.387466700    63.285905000    -555082  0.589524277402  0.589524277402  0.203300700000  0.069247437500  0.336454500000 20177.769   183.158     0.780517750     0.980923995  -52.38696
   0  6 0.9848357300000 0.6000000000000 0.0450000000000 0.6000000000000 0.0200000000000 0.6818672726108 0.2941284121568 27218.554000000  2691.738740471 15166.156000000   384.926100000    22.888606145    32.701585000    -305491  0.373956644305  0.373956644305  0.189012400000  0.125469125000  0.291516100000 23848.992   209.583     0.864424250     0.986028836  -51.26831
   0  8 0.9821099900000 0.6000000000000 0.0450000000000 0.6000000000000 0.0200000000000 0.6943738711909 0.2739249522334 25066.222000000  2515.376442850 13935.238000000   489.785200000    21.848107050    30.228367500    -292318  0.479554128254  0.479554128254  0.128908100000  0.076526625000  0.355519100000 18994.623   205.763     0.758453375     0.989904675  -55.08722
   0  8 0.9821498700000 0.6000000000000 0.0450000000000 0.6000000000000 0.0200000000000 0.7282317213971 0.2871625693457 23279.024500000  2415.887856394 12840.022000000   361.811800000    40.361881355    57.019807500    -863055  0.456942071668  0.456942071668  0.103501350000  0.085197687500  0.406358700000 18898.897   214.011     0.809157000     0.987308030  -54.70935
   0  6 0.9780982200000 0.6000000000000 0.0450000000000 0.6000000000000 0.0200000000000 0.9415391200534 0.4340641417166 23208.379000000  2633.214476397 13706.950000000   427.528400000    26.643260036    39.878820000    -453433  0.301214712815  0.301214712815  0.196092950000  0.095300125000  0.269393800000 18043.115   206.076     0.786696750     0.989314642  -54.14703
   0  8 0.9899884100000 0.6000000000000 0.0450000000000 0.6000000000000 0.0200000000000 0.8368145243819 0.3007273746737 24015.868000000  2424.092245787 13229.894000000   315.517800000    42.793914039    57.012592500    -595798  0.346040988144  0.346040988144  0.135705250000  0.064910125000  0.387408100000 18705.377   200.328     0.778480750     0.984908095  -56.69571
   0  9 0.9854374400000 0.6000000000000 0.0450000000000 0.6000000000000 0.0200000000000 0.9306779910356 0.3315643967583 22705.382500000  2347.412075710 12503.040000000   485.069400000    30.889206104    44.640850000     -47645  0.379015508726  0.379015508726  0.137403600000  0.092590125000  0.429096200000 18336.880   219.551     0.802532875     0.990748014  -55.53476
   0  7 0.9715170100000 0.6000000000000 0.0450000000000 0.6000000000000 0.0200000000000 0.9166223225545 0.4215681773329 22508.134000000  2721.540786190 14070.698000000   472.059500000    25.405686603    41.982772500    -185369  0.384596439092  0.384596439092  0.170735850000  0.101987625000  0.588078800000 18446.074   219.127     0.820356250     0.990641721  -54.46273
   0  6 0.9835963300000 0.6000000000000 0.0450000000000 0.6000000000000 0.0200000000000 0.6041620452523 0.2641043495497 21081.157000000  2484.827566375 12338.400000000   357.896800000    36.182344954    51.208742500    -134573  0.430555131941  0.430555131941  0.108472750000  0.103578625000  0.248052200000 17481.969   200.204     0.839014750     0.988370753  -54.91869
   0  8 0.9626334600000 0.6000000000000 0.0450000000000 0.6000000000000 0.0200000000000 0.8642080624211 0.3983672496529 22698.740500000  2183.117890288 10753.902000000   337.805600000    50.395535409    63.964927500    -876468  0.531561061241  0.531561061241  0.157694850000  0.083092625000  0.276338600000 18300.948   200.078     0.815409375     0.986849388  -53.10645
   0  7 0.9861532200000 0.6000000000000 0.0450000000000 0.6000000000000 0.0200000000000 0.8076442023344 0.3239803956942 23226.617500000  2383.345562984 12461.700000000   336.330000000    41.412386973    55.086902500    -560949  0.343810639044  0.343810639044  0.111729850000  0.082986187500  0.595950200000 18021.733   200.623     0.784035125     0.986343759  -55.51550
   0  6 0.9567892000000 0.6000000000000 0.0450000000000 0.6000000000000 0.0200000000000 0.9548335247977 0.5084810224372 26116.940500000  2555.501596594 13475.242000000   460.791700000    24.423362935    32.240800000    -989032  0.404528106493  0.404528106493  0.118927700000  0.133029000000  0.480804400000 20696.439   201.429     0.793579000     0.988922231  -54.34378
   0  6 0.9774582300000 0.6000000000000 0.0450000000000 0.6000000000000 0.0200000000000 0.5937178100489 0.2752590989072 21134.927500000  2565.223689392 12724.274000000   222.247200000   101.240794007   111.450417500    -886966  0.482407502907  0.482407502907  0.153339700000  0.068471000000  0.215337800000 19366.225   187.586     0.937477625     0.981287252  -54.32525
   0  8 0.9801467200000 0.6000000000000 0.0450000000000 0.6000000000000 0.0200000000000 0.7692892327325 0.3095441751387 23472.547000000  2676.106485982 14432.948000000   258.282400000    61.410157077    81.238580000    -391780  0.447757551883  0.447757551883  0.128298350000  0.051810750000  0.368554000000 19990.921   197.720     0.842897750     0.982092619  -55.79673
   0  6 0.9777875100000 0.6000000000000 0.0450000000000 0.6000000000000 0.0200000000000 0.6660929578342 0.3079240995972 24963.581500000  2440.686053279 12804.276000000   402.978600000    34.210412587    46.155090000    -913815  0.427818574343  0.427818574343  0.121256150000  0.070781437500  0.465310400000 20824.659   212.280     0.832499250     0.987808205  -57.15948
   0 10 0.9845682000000 0.6000000000000 0.0450000000000 0.6000000000000 0.0200000000000 0.8927758291575 0.2995589418639 22805.201500000  2592.748621132 14110.798000000   275.113700000    45.713667196    63.305567500    -181697  0.453350494385  0.453350494385  0.111013750000  0.052184250000  0.258469700000 19838.946   194.286     0.853680250     0.983624514  -57.62094
   0  7 0.9887064100000 0.6000000000000 0.0450000000000 0.6000000000000 0.0200000000000 0.7254418921615 0.2821199224885 24002.030500000  2547.205187971 13789.748000000   242.459200000    67.065571424    79.762950000    -364173  0.366323069421  0.366323069421  0.132631050000  0.096442437500  0.529237700000 20589.666   187.420     0.851552875     0.980390088  -56.16148
   0  9 0.9845120000000 0.6000000000000 0.0450000000000 0.6000000000000 0.0200000000000 0.9729852626561 0.3503849510075 25434.596500000  2280.904709295 12641.304000000   304.341800000    44.817743396    53.540390000    -631686  0.368711983905  0.368711983905  0.116540950000  0.064901750000  0.375496200000 22677.205   195.559     0.881706500     0.983491005  -55.01809
   0  7 0.9884669000000 0.6000000000000 0.0450000000000 0.6000000000000 0.0200000000000 0.4971231087661 0.1939142573812 25144.238500000  2622.896043738 14561.058000000   285.218100000    38.122674655    50.250480000    -584753  0.536792284163  0.536792284163  0.146301550000  0.109482875000  0.233996400000 22651.027   193.858     0.895080750     0.982539600  -54.44716
   0 11 0.9893123200000 0.6000000000000 0.0450000000000 0.6000000000000 0.0200000000000 0.8324216250623 0.2433173061781 23373.916000000  2334.485974861 13031.808000000   233.389900000    95.165678484   103.442287500    -914417  0.503811919210  0.503811919210  0.141166700000  0.099408062500  0.299829000000 19804.973   188.180     0.825827750     0.980152568  -54.86260
   0  6 0.9796952300000 0.6000000000000 0.0450000000000 0.6000000000000 0.0200000000000 0.6745633163031 0.3064980452794 27502.499500000  2668.207395352 14953.246000000   341.631700000    32.025605713    44.166122500    -127620  0.410141645279  0.410141645279  0.141908250000  0.148101937500  0.215851700000 22111.730   205.788     0.797423500     0.984140957  -51.69173
   0  7 0.9861323300000 0.6000000000000 0.0450000000000 0.6000000000000 0.0200000000000 0.7309779834302 0.2932975034982 24645.913000000  2593.967269742 14201.320000000   260.497400000    52.838635462    66.492322500    -772740  0.380005421224  0.380005421224  0.197802650000  0.053111437500  0.460765400000 20808.771   189.897     0.836437750     0.981291180  -54.86959
   0  7 0.9543202300000 0.6000000000000 0.0450000000000 0.6000000000000 0.0200000000000 0.8378420347069 0.4281583715007 23818.444000000  3050.651661171 15869.416000000   331.551000000    25.625589617    44.142787500    -494821  0.544585223864  0.544585223864  0.115833150000  0.110525312500  0.499255400000 21415.952   202.900     0.899735625     0.985965263  -53.82564
   0  6 0.9579684100000 0.6000000000000 0.0450000000000 0.6000000000000 0.0200000000000 0.9246634956013 0.4893855360280 21004.531000000  3075.523942678 14789.982000000   416.340900000    20.629561775    38.970217500    -614103  0.411019681900  0.411019681900  0.128912850000  0.107586562500  0.263862100000 19009.836   204.997     0.920673125     0.990137181  -54.27672
   0  8 0.9642730800000 0.6000000000000 0.0450000000000 0.6000000000000 0.0200000000000 0.8349500587438 0.3809343016758 23708.662000000  2619.326287931 13904.368000000   267.169200000    51.212030087    66.527195000    -150137  0.536065130803  0.536065130803  0.100276200000  0.067519750000  0.564224300000 20812.017   191.411     0.872728500     0.982624961  -56.60080
   0 10 0.9833182000000 0.6000000000000 0.0450000000000 0.6000000000000 0.0200000000000 0.9122025084050 0.3105270722629 22494.364000000  2394.529905743 12864.752000000   250.680800000    58.693996157    71.904450000    -999701  0.454215662334  0.454215662334  0.168993250000  0.086670375000  0.462532400000 20479.255   186.503     0.910336375     0.982286864  -55.03222
   0  8 0.9854211600000 0.6000000000000 0.0450000000000 0.6000000000000 0.0200000000000 0.9520741920447 0.3622144925189 20731.601500000  2587.355407117 13140.634000000   335.526000000    35.942705729    54.112812500    -382511  0.330065358671  0.330065358671  0.142767950000  0.089592875000  0.504449700000 17521.389   202.163     0.847095375     0.987787286  -55.80238
   0  7 0.9848708700000 0.6000000000000 0.0450000000000 0.6000000000000 0.0200000000000 0.6868967421709 0.2795933657683 23637.841000000  2656.197214812 14286.490000000   353.655100000    24.079467867    34.051017500    -822189  0.413147337230  0.413147337230  0.129612050000  0.128224687500  0.436419800000 20311.130   190.696     0.853813750     0.986793665  -54.33883
   0  6 0.9788768300000 0.6000000000000 0.0450000000000 0.6000000000000 0.0200000000000 0.4786709024255 0.2191359251146 22661.764000000  2536.474508036 12984.512000000   441.964200000    26.246652264    36.776305000    -298362  0.585391980651  0.585391980651  0.165192050000  0.087777000000  0.233903100000 18822.508   200.314     0.834398500     0.989903152  -55.41323
   0 10 0.9814481600000 0.6000000000000 0.0450000000000 0.6000000000000 0.0200000000000 0.7905584321321 0.2747156458049 19074.247000000  3822.434530645 15766.092000000   254.742800000    30.780689735    65.954675000    -252981  0.542682412260  0.542682412260  0.174893150000  0.050253437500  0.597633700000 17697.768   190.551     0.952314125     0.985235443  -52.31289
   0  9 0.9620461900000 0.6000000000000 0.0450000000000 0.6000000000000 0.0200000000000 0.9042670768725 0.3937161712881 22508.944000000  2821.470282287 14640.458000000   497.075200000    21.626895459    38.026385000    -281184  0.585680822628  0.585680822628  0.114351000000  0.055214062500  0.215696600000 19707.989   221.673     0.867077875     0.991139094  -56.23130
   0  8 0.9818109000000 0.6000000000000 0.0450000000000 0.6000000000000 0.0200000000000 0.6744594370306 0.2668928467717 20457.403000000  2924.582729841 14455.142000000   219.978900000    57.596661621    77.997257500    -514022  0.496277960593  0.496277960593  0.142987250000  0.093447812500  0.301285700000 18776.289   175.733     0.935119750     0.981658586  -52.81670
   0 10 0.9849358500000 0.6000000000000 0.0450000000000 0.6000000000000 0.0200000000000 0.9622302148314 0.3214608495401 22371.257500000  2279.710505607 12140.950000000   295.609300000    48.172166961    61.743260000    -701991  0.417728524884  0.417728524884  0.136091050000  0.104158125000  0.383684100000 19197.429   194.070     0.848214500     0.985046445  -55.78657
   0  7 0.9865245600000 0.6000000000000 0.0450000000000 0.6000000000000 0.0200000000000 0.8917442800752 0.3561661887395 27625.052500000  2174.672853296 11530.306000000   336.934100000    49.359459432    56.637445000    -404254  0.309417957935  0.309417957935  0.167619150000  0.104217375000  0.498264700000 22571.906   202.089     0.814426250     0.983782833  -52.12670
   0  7 0.9747166500000 0.6000000000000 0.0450000000000 0.6000000000000 0.0200000000000 0.9567037871968 0.4290857329019 24413.065000000  2614.836285114 14056.954000000   225.848800000    86.045180126    93.320487500    -261216  0.350350336392  0.350350336392  0.109088950000  0.137659687500  0.578724800000 20807.616   180.969     0.846035625     0.978756339  -53.46281
   0  9 0.9773967000000 0.6000000000000 0.0450000000000 0.6000000000000 0.0200000000000 0.6850300116330 0.2654221124994 24623.273500000  2582.800732213 14346.050000000   415.679200000    26.264162173    39.114875000    -493766  0.594868276183  0.594868276183  0.122734050000  0.052257187500  0.288538700000 22091.138   216.732     0.886613750     0.988344050  -56.84940
   0  6 0.9528244300000 0.6000000000000 0.0450000000000 0.6000000000000 0.0200000000000 0.7320978973992 0.3975896147783 22994.471500000  2760.894927834 13978.446000000   205.102200000   128.541315359   116.224732500    -895156  0.556745267099  0.556745267099  0.115851250000  0.069506562500  0.263604400000 19180.908   170.393     0.835946875     0.978102703  -54.30409
   0  6 0.9783155300000 0.6000000000000 0.0450000000000 0.6000000000000 0.0200000000000 0.5947044475525 0.2736374892425 19647.821500000  3298.650451035 15114.740000000   448.684600000    17.556169711    40.214577500    -394603  0.475287240093  0.475287240093  0.144129300000  0.087127500000  0.530748300000 18274.380   213.724     0.965862250     0.991379560  -52.74503
   0  7 0.9738466000000 0.6000000000000 0.0450000000000 0.6000000000000 0.0200000000000 0.8230337485771 0.3717455947563 21877.711000000  3014.738205246 15241.906000000   305.443100000    31.982490039    54.102185000    -895991  0.412913845682  0.412913845682  0.109338200000  0.075735062500  0.247549700000 20672.148   205.496     0.981889500     0.985928711  -52.16457
   0  6 0.9667921500000 0.6000000000000 0.0450000000000 0.6000000000000 0.0200000000000 0.7017030813262 0.3525886418550 20545.720000000  2780.599155606 13483.232000000   490.767300000    25.126951963    42.658935000    -264717  0.478334982377  0.478334982377  0.163773750000  0.115255187500  0.376873600000 18111.893   215.590     0.893923625     0.991796882  -54.38578
   0  6 0.9818018600000 0.6000000000000 0.0450000000000 0.6000000000000 0.0200000000000 0.6034621918119 0.2686876316159 22269.967000000  2769.416186528 14262.238000000   390.452800000    25.222886137    40.255787500    -924741  0.443545151475  0.443545151475  0.155560050000  0.106525812500  0.593604700000 20297.458   207.640     0.922780625     0.988751045  -55.57230
   0  9 0.9883930400000 0.6000000000000 0.0450000000000 0.6000000000000 0.0200000000000 0.7905457612170 0.2715136671635 25871.483500000  2339.595097340 13255.988000000   411.024700000    30.332740528    39.466330000    -601351  0.422536416303  0.422536416303  0.120312250000  0.066126687500  0.456249100000 19610.944   206.127     0.752974875     0.987534100  -55.30919
   0 10 0.9876455900000 0.6000000000000 0.0450000000000 0.6000000000000 0.0200000000000 0.6722304200033 0.2171296253174 24283.276000000  2716.886419627 15346.968000000   343.893300000    27.106915657    42.858712500    -189689  0.568034027282  0.568034027282  0.125764800000  0.105732562500  0.269882300000 20784.092   206.026     0.831931375     0.986022535  -55.16798
   0  6 0.9762548600000 0.6000000000000 0.0450000000000 0.6000000000000 0.0200000000000 0.8787561818829 0.4116304826238 26287.702000000  2435.021438339 12960.542000000   468.376000000    27.283503123    35.188550000    -461112  0.331989888636  0.331989888636  0.121224200000  0.087194250000  0.546257700000 21644.314   209.800     0.819976125     0.988962174  -55.87313
   0 10 0.9709101100000 0.6000000000000 0.0450000000000 0.6000000000000 0.0200000000000 0.8875716068146 0.3400008550205 23123.234500000  2494.126615158 13409.320000000   306.633900000    45.723337339    63.260750000    -874919  0.585515082197  0.585515082197  0.114477500000  0.067764187500  0.453774900000 19962.129   204.059     0.847637375     0.985202746  -57.26920
   0  6 0.9751555500000 0.6000000000000 0.0450000000000 0.6000000000000 0.0200000000000 0.7621519571344 0.3602781909144 21878.224000000  2616.479737735 13193.256000000   303.468400000    39.405428970    54.957780000    -404163  0.389229478105  0.389229478105  0.182440200000  0.063232187500  0.456422600000 19738.337   195.731     0.914044875     0.985828773  -55.70964
   0  8 0.9623139200000 0.6000000000000 0.0450000000000 0.6000000000000 0.0200000000000 0.8070116069031 0.3727326599292 22548.296500000  2640.208485394 13646.706000000   280.592400000    43.430113572    59.134160000    -214470  0.572115627178  0.572115627178  0.112676650000  0.084945062500  0.508264700000 20225.383   191.199     0.900540000     0.984274199  -56.28955
   0  6 0.9660288900000 0.6000000000000 0.0450000000000 0.6000000000000 0.0200000000000 0.6987189903419 0.3528279155968 20310.442000000  2779.947494945 13382.894000000   225.091200000    77.551746237    96.839880000    -167123  0.485680780696  0.485680780696  0.148579850000  0.090192500000  0.429871500000 18700.127   185.183     0.948571375     0.982323725  -53.83915
   0  7 0.9812675500000 0.6000000000000 0.0450000000000 0.6000000000000 0.0200000000000 0.8602373015525 0.3636741716425 21770.143000000  2761.141205814 14184.984000000   481.108700000    20.613419115    34.195740000    -654495  0.350379285073  0.350379285073  0.117114700000  0.109602687500  0.327770900000 19259.988   209.366     0.888206500     0.991078264  -55.83040
   0  6 0.9687013900000 0.6000000000000 0.0450000000000 0.6000000000000 0.0200000000000 0.8255838599993 0.4095673323926 23659.333000000  2851.260295621 14912.830000000   304.680300000    39.502400995    59.649642500     -10864  0.395465445042  0.395465445042  0.181921150000  0.065235437500  0.345787100000 20977.147   207.124     0.886978000     0.984774720  -54.47431
   0  7 0.9770377400000 0.6000000000000 0.0450000000000 0.6000000000000 0.0200000000000 0.8195799793421 0.3604259119995 24796.276000000  2492.109500530 13385.638000000   299.692000000    42.311343343    53.830972500    -676365  0.394045747219  0.394045747219  0.136455100000  0.058546937500  0.500862700000 20945.255   193.548     0.838765750     0.983722164  -57.67139
   0  6 0.9542428600000 0.6000000000000 0.0450000000000 0.6000000000000 0.0200000000000 0.8027472599409 0.4329925579714 24985.978000000  2403.041159420 12140.830000000   325.849500000    46.509311979    57.961755000    -487487  0.498130528443  0.498130528443  0.132112650000  0.081068312500  0.541506700000 19250.532   195.284     0.781365875     0.985019893  -55.83282
   0  7 0.9790183500000 0.6000000000000 0.0450000000000 0.6000000000000 0.0200000000000 0.7951476877078 0.3434939643630 25373.590000000  2694.112260883 14878.766000000   378.167500000    26.593447318    39.902382500     -68536  0.393319151478  0.393319151478  0.127890350000  0.051047500000  0.259971900000 21738.634   210.608     0.846567750     0.986786791  -56.96333
   0  7 0.9876720200000 0.6000000000000 0.0450000000000 0.6000000000000 0.0200000000000 0.5356733321577 0.2110234438768 24756.505000000  2405.921780390 12974.454000000   414.630800000    30.115733696    39.875862500    -723697  0.505049238015  0.505049238015  0.176869050000  0.102082687500  0.207951500000 19064.443   204.360     0.774805250     0.988181007  -54.91036
   0 10 0.9885513900000 0.6000000000000 0.0450000000000 0.6000000000000 0.0200000000000 0.8779421161107 0.2802018384247 23597.489500000  2614.054381254 14581.762000000   355.815500000    27.015243960    40.625832500    -411077  0.427484744701  0.427484744701  0.174530450000  0.084708812500  0.200123200000 19650.010   201.048     0.812168250     0.986864107  -55.49913
   0  6 0.9751661500000 0.6000000000000 0.0450000000000 0.6000000000000 0.0200000000000 0.5949218779526 0.2812022319725 22175.926000000  2343.667491790 11535.134000000   232.930800000    75.630132456    83.434117500     -59339  0.498560256917  0.498560256917  0.142337500000  0.085907250000  0.298732000000 17444.618   174.101     0.801350125     0.981286037  -52.59376
   0  6 0.9576064600000 0.6000000000000 0.0450000000000 0.6000000000000 0.0200000000000 0.8143438075162 0.4318224640033 23152.880500000  2322.888409638 11299.212000000   248.484700000    72.246970982    80.305505000     -70131  0.469030014246  0.469030014246  0.103757150000  0.096723062500  0.512733000000 18999.469   179.874     0.829895125     0.981785789  -52.29340
   0  6 0.9732393900000 0.6000000000000 0.0450000000000 0.6000000000000 0.0200000000000 0.5193169494205 0.2492533167137 21104.498500000  2507.843133409 12315.370000000   246.953400000    63.528468642    79.293617500    -363438  0.587950581349  0.587950581349  0.129161300000  0.063318937500  0.578069600000 18530.388   186.113     0.889228125     0.983215357  -56.33642
   0 10 0.9898752800000 0.6000000000000 0.0450000000000 0.6000000000000 0.0200000000000 0.6935847106230 0.2173691737561 23147.048500000  2369.491140602 13036.312000000   446.515000000    27.390836911    37.937107500    -847717  0.527571312430  0.527571312430  0.163479550000  0.060255937500  0.426495300000 20270.618   210.381     0.861815750     0.989722370  -57.08681
   0  6 0.9896314900000 0.6000000000000 0.0450000000000 0.6000000000000 0.0200000000000 0.5700515846214 0.2322343986234 21800.855500000  2505.969020230 12765.256000000   291.668500000    49.203679345    67.160165000    -890832  0.413365785820  0.413365785820  0.132754650000  0.080433062500  0.349546600000 19502.401   203.580     0.902854250     0.985183701  -56.53870
   0  6 0.9688324300000 0.6000000000000 0.0450000000000 0.6000000000000 0.0200000000000 0.6519085912142 0.3231170186340 24921.245500000  2532.307344387 13287.314000000   455.286000000    29.123382210    41.388412500    -174405  0.499865978596  0.499865978596  0.187494300000  0.090361437500  0.398214000000 21755.776   219.093     0.870704625     0.989267220  -54.31030
   0  8 0.9779387600000 0.6000000000000 0.0450000000000 0.6000000000000 0.0200000000000 0.6136449136655 0.2521342062669 22568.992000000  2516.241460658 13203.316000000   371.523300000    30.508096314    42.929107500    -991036  0.582863478736  0.582863478736  0.169820900000  0.058584125000  0.204014300000 20241.595   201.787     0.899143125     0.988043581  -56.23418
   0  8 0.9795234600000 0.6000000000000 0.0450000000000 0.6000000000000 0.0200000000000 0.6452170718697 0.2611936269990 24460.004500000  2323.418410017 12411.814000000   336.220000000    42.377828258    54.125487500    -947095  0.539587137625  0.539587137625  0.162721250000  0.057639250000  0.590595100000 22356.436   206.912     0.918931625     0.985669645  -55.29615
   0  7 0.9853913100000 0.6000000000000 0.0450000000000 0.6000000000000 0.0200000000000 0.9333668655184 0.3777013227889 23799.706000000  2576.358107722 13857.006000000   238.283000000    76.323037864    89.544832500    -813235  0.301380758506  0.301380758506  0.138315300000  0.050872625000  0.459937400000 20671.805   189.746     0.863511500     0.980258698  -56.76798
   0 11 0.9736290200000 0.6000000000000 0.0450000000000 0.6000000000000 0.0200000000000 0.9552601654156 0.3329734864080 25114.147000000  2259.091273509 12633.794000000   218.422200000   172.215393147   130.187642500    -849064  0.592343525303  0.592343525303  0.119480550000  0.059534375000  0.480459400000 20204.513   178.364     0.782716625     0.977413747  -53.83601
   0  7 0.9727243900000 0.6000000000000 0.0450000000000 0.6000000000000 0.0200000000000 0.8319944674930 0.3791327519959 25813.406500000  2751.184910501 15224.620000000   348.353100000    31.596688302    47.710475000    -835923  0.415766841712  0.415766841712  0.122199700000  0.069049812500  0.579627300000 22327.040   213.622     0.854020125     0.985449221  -54.59801
   0  7 0.9656951600000 0.6000000000000 0.0450000000000 0.6000000000000 0.0200000000000 0.6972662411518 0.3339842057958 25106.236000000  2524.896328829 13475.794000000   383.310200000    32.185485359    44.053217500    -958904  0.553028597239  0.553028597239  0.145956650000  0.068689875000  0.550670400000 20596.748   205.952     0.816177375     0.987170285  -57.49266
   0  8 0.9884902200000 0.6000000000000 0.0450000000000 0.6000000000000 0.0200000000000 0.6861768255834 0.2514962028899 22892.897500000  2406.410846890 12802.554000000   312.769600000    50.357723388    69.323982500    -767327  0.433589484083  0.433589484083  0.165363200000  0.078028500000  0.524242400000 21263.385   217.557     0.942969875     0.985503066  -51.89180
   0 11 0.9809700800000 0.6000000000000 0.0450000000000 0.6000000000000 0.0200000000000 0.9134456072960 0.2961941488202 25349.627500000  2456.781347490 14177.482000000   485.307200000    23.836863733    34.263080000    -328278  0.539404507457  0.539404507457  0.116839600000  0.135479687500  0.575981700000 19382.655   215.023     0.742520625     0.989702901  -51.86499
   0  7 0.9583010700000 0.6000000000000 0.0450000000000 0.6000000000000 0.0200000000000 0.8694890283325 0.4351921517277 24144.833500000  2672.478120137 14063.468000000   329.044100000    33.245407597    46.618605000    -316659  0.495227845029  0.495227845029  0.158109150000  0.057943875000  0.365401800000 17660.231   190.323     0.745023750     0.985653783  -54.01303
   0  9 0.9875137000000 0.6000000000000 0.0450000000000 0.6000000000000 0.0200000000000 0.9491109110103 0.3296693413792 23921.597500000  2458.919007487 13588.564000000   386.255900000    31.584453661    45.029420000    -222408  0.357727910575  0.357727910575  0.145362200000  0.060576625000  0.464265100000 19854.029   210.856     0.816739375     0.987741970  -57.64148
   0  6 0.9656799500000 0.6000000000000 0.0450000000000 0.6000000000000 0.0200000000000 0.8389119305395 0.4245649369116 21347.147500000  2806.669507384 13877.228000000   286.440300000    41.280322633    60.991632500    -769458  0.406546491803  0.406546491803  0.142278900000  0.093404312500  0.319742200000 18196.909   193.191     0.858767875     0.985402129  -55.87229
   0  7 0.9881946100000 0.6000000000000 0.0450000000000 0.6000000000000 0.0200000000000 0.5441062069062 0.2129662005381 25565.384500000  2622.328955806 14656.682000000   242.904900000    62.809433217    74.136712500    -174015  0.492757270930  0.492757270930  0.136527400000  0.055150312500  0.304368700000 22560.214   187.767     0.872298250     0.979158647  -55.73011
   0  7 0.9565803000000 0.6000000000000 0.0450000000000 0.6000000000000 0.0200000000000 0.7723290940616 0.3901371333273 22479.446500000  2605.158096529 13191.892000000   456.817900000    26.920943795    40.032090000    -668583  0.571734028141  0.571734028141  0.169219750000  0.110541312500  0.247876300000 17065.989   202.788     0.771604125     0.990382555  -53.77673
   0  9 0.9873578400000 0.6000000000000 0.0450000000000 0.6000000000000 0.0200000000000 0.7680107451744 0.2672894232386 22632.644500000  2483.844264044 13367.950000000   361.886500000    30.796940505    43.447287500    -576039  0.443357195387  0.443357195387  0.127123300000  0.068842687500  0.366081300000 20152.181   202.248     0.884770750     0.987622799  -57.73388
   0  7 0.9764197000000 0.6000000000000 0.0450000000000 0.6000000000000 0.0200000000000 0.6616141756738 0.2925223960364 20109.319000000  2629.439248890 12865.442000000   240.174900000    65.644888893    86.079292500    -786615  0.493005861627  0.493005861627  0.178151300000  0.059363375000  0.517540900000 16555.055   185.198     0.833531875     0.983532466  -53.46298
   0  7 0.9869704700000 0.6000000000000 0.0450000000000 0.6000000000000 0.0200000000000 0.5783358215745 0.2297713002222 23895.893500000  2545.366456251 13716.500000000   393.454200000    27.506799270    38.770472500    -510558  0.473467545353  0.473467545353  0.139798500000  0.099481312500  0.324432700000 20616.467   205.462     0.857196500     0.987983583  -57.07248
   0  6 0.9619002100000 0.6000000000000 0.0450000000000 0.6000000000000 0.0200000000000 0.8221125610883 0.4257237410814 21475.235500000  2917.003096167 14380.646000000   282.279600000    39.443120903    60.028170000    -710870  0.437699202095  0.437699202095  0.167682700000  0.131138062500  0.597301000000 19462.663   194.578     0.920648250     0.985113676  -53.45870
   0  8 0.9783863700000 0.6000000000000 0.0450000000000 0.6000000000000 0.0200000000000 0.8853685027370 0.3622803755453 24366.152500000  2572.032087367 14047.758000000   444.518100000    25.839940814    38.449307500    -610732  0.400922351795  0.400922351795  0.148331300000  0.071689125000  0.529403200000 21542.444   218.369     0.876273500     0.989208816  -56.62400
   0  6 0.9781359500000 0.6000000000000 0.0450000000000 0.6000000000000 0.0200000000000 0.9356468031672 0.4312030544245 26311.259500000  2842.949673216 15791.846000000   399.668500000    18.351701553    29.488732500    -991723  0.302935211305  0.302935211305  0.174384150000  0.101583562500  0.229169700000 23639.688   209.532     0.892075000     0.987041370  -52.33053
   0  7 0.9731848400000 0.6000000000000 0.0450000000000 0.6000000000000 0.0200000000000 0.7774304807512 0.3529961124776 22330.433500000  2585.011939065 13287.988000000   227.424300000    76.415592091    88.651570000     -17405  0.441730934339  0.441730934339  0.122848300000  0.122927187500  0.550032000000 19506.999   180.525     0.875692500     0.980715757  -54.79397
   0  6 0.9893896700000 0.6000000000000 0.0450000000000 0.6000000000000 0.0200000000000 0.6972188714171 0.2849287050607 24972.289000000  2575.758564792 13981.842000000   499.339600000    23.401676083    34.289405000    -978785  0.339342231273  0.339342231273  0.184334450000  0.065939875000  0.299464300000 16618.720   211.553     0.701160000     0.990088450  -52.15328
   0  6 0.9675405300000 0.6000000000000 0.0450000000000 0.6000000000000 0.0200000000000 0.8376120310513 0.4188070583765 24990.419500000  2510.094225047 13124.540000000   431.919100000    28.950584203    39.341107500    -697445  0.396413133176  0.396413133176  0.168900750000  0.092556687500  0.470047500000 19715.615   205.326     0.793127000     0.988660104  -55.79567
   0  7 0.9760852900000 0.6000000000000 0.0450000000000 0.6000000000000 0.0200000000000 0.6476857758986 0.2871852875359 24909.325000000  2343.602978964 12323.274000000   240.922100000    75.499115407    80.518575000    -521324  0.506317641907  0.506317641907  0.153290550000  0.090300125000  0.455851300000 23555.646   187.327     0.975203875     0.979668151  -50.50067
   0  6 0.9679905800000 0.6000000000000 0.0450000000000 0.6000000000000 0.0200000000000 0.6291400379041 0.3136241635322 24686.588500000  2393.805590874 12240.516000000   243.423400000    64.395820136    69.414202500    -276984  0.524337574867  0.524337574867  0.148298700000  0.078035750000  0.347664200000 20963.201   175.168     0.849574375     0.980120690  -53.15923
   0  8 0.9885838900000 0.6000000000000 0.0450000000000 0.6000000000000 0.0200000000000 0.7920461325839 0.2899507755151 19875.674500000  2707.768782926 13432.866000000   245.869000000    50.946898179    71.554880000    -908354  0.375000937502  0.375000937502  0.140440100000  0.064972250000  0.479714300000 18212.576   186.119     0.935396125     0.983987957  -55.04150
   0  7 0.9804075200000 0.6000000000000 0.0450000000000 0.6000000000000 0.0200000000000 0.9628396526305 0.4104964095768 23952.917500000  2356.737778582 12318.618000000   253.576300000    69.081612965    79.493232500    -173349  0.317512075003  0.317512075003  0.139639200000  0.100809312500  0.218641800000 21690.793   191.858     0.910890000     0.981384398  -54.24326
   0  7 0.9811758100000 0.6000000000000 0.0450000000000 0.6000000000000 0.0200000000000 0.8220750024382 0.3478570399264 24660.290500000  2410.179719181 12859.266000000   452.777400000    25.900799162    32.960935000    -379829  0.367200795006  0.367200795006  0.163669250000  0.096182937500  0.264863000000 20751.265   201.030     0.836817875     0.989262017  -54.85264
   0  7 0.9666731600000 0.6000000000000 0.0450000000000 0.6000000000000 0.0200000000000 0.7500929428433 0.3569897653783 21974.141500000  2962.267012245 14951.760000000   210.369000000   174.450598644   143.439420000    -201630  0.506485498207  0.506485498207  0.199185600000  0.067437687500  0.460195600000 19710.733   184.225     0.903185875     0.979533336  -50.66552
   0  6 0.9828257200000 0.6000000000000 0.0450000000000 0.6000000000000 0.0200000000000 0.8343343076786 0.3676573513140 21511.631500000  2617.230175338 13218.148000000   240.315100000    60.989138546    77.200585000    -792670  0.315637600036  0.315637600036  0.146180100000  0.082427250000  0.548817800000 19410.658   185.435     0.914561625     0.982335190  -56.01497
   0  7 0.9710097500000 0.6000000000000 0.0450000000000 0.6000000000000 0.0200000000000 0.8438173078613 0.3895570577713 21671.620000000  2495.653786568 12543.930000000   286.994000000    54.442953936    73.816847500     -82679  0.421102053650  0.421102053650  0.124067500000  0.060061562500  0.360331200000 18195.083   201.153     0.844345500     0.985182067  -56.51873
   0  6 0.9684112600000 0.6000000000000 0.0450000000000 0.6000000000000 0.0200000000000 0.8248666541594 0.4100235952618 23561.026000000  2844.134391561 14839.554000000   497.925600000    17.994043242    30.227652500    -859566  0.397484553378  0.397484553378  0.129600500000  0.115234187500  0.544701200000 21633.366   213.787     0.928792125     0.990723293  -54.70443
   0  8 0.9687159300000 0.6000000000000 0.0450000000000 0.6000000000000 0.0200000000000 0.9255691085989 0.4097704569991 20808.511000000  2256.069733942 10963.740000000   460.366700000    34.655431104    47.166230000    -198400  0.450267926751  0.450267926751  0.145600100000  0.105374562500  0.429704300000 17909.236   204.535     0.871151875     0.991137700  -52.07716
   0  9 0.9872192900000 0.6000000000000 0.0450000000000 0.6000000000000 0.0200000000000 0.9024460143593 0.3146227314739 24418.276000000  2583.473326144 14491.840000000   416.747200000    26.549854835    40.698892500    -583847  0.378278181300  0.378278181300  0.156151250000  0.051727500000  0.451416700000 22258.745   222.671     0.904666750     0.988405260  -54.94146
   0 10 0.9870214200000 0.6000000000000 0.0450000000000 0.6000000000000 0.0200000000000 0.8488910369168 0.2764030497876 21608.264500000  2645.927897738 13986.564000000   424.133300000    23.363933636    37.233612500     -65626  0.455193061366  0.455193061366  0.153992700000  0.083833437500  0.400702300000 18606.467   205.028     0.848170875     0.989919588  -56.12166
 
  COND2           1      589680  3.518494100878599E+044  2.787952765424400E+042
  7.923710216618592E-003         100
    589680   7274526    311714         0     10319         0         0         0         0         0   1158435       938         0   2354388    589680
 PARAMETER FILE GP04B.PAR   
