  Aa Am            MSYL            MSYR           MORTJ           MORTA             K1+           PInit      ISEED   PTarget           CVADD              AR        PREG-MAX           GAMMA              P0   SSTILDA     LIKEL
   0  8 0.9884216800000 0.6000000000000 0.0450000000000 0.6000000000000 0.0450000000000 0.8101527607228 0.8101527607228 22101.784000000  2409.707319706 12613.754000000   197.458100000    12.181855689    26.878300000    -984691  0.367691166529  0.367691166529  0.136784350000  0.162180062500  0.446612900000 20027.943   180.611     0.912241375     0.977831754  -53.73354
   0  6 0.9763255200000 0.6000000000000 0.0450000000000 0.6000000000000 0.0450000000000 0.8850481849857 0.8850481849857 22578.833500000  2306.281152281 11364.576000000   196.034500000    17.347591347    40.588002500    -250676  0.329274682256  0.329274682256  0.127922950000  0.058065375000  0.372088300000 19382.961   178.511     0.865893375     0.977347884  -53.98269
   0  7 0.9816221500000 0.6000000000000 0.0450000000000 0.6000000000000 0.0450000000000 0.8065206389078 0.8065206389078 23399.593000000  2432.974220143 12756.162000000   229.910800000    11.670047391    25.022127500    -898043  0.371529185511  0.371529185511  0.153361350000  0.107046312500  0.440651800000 20120.793   208.015     0.858163625     0.979929133  -52.10783
   0  6 0.9551113200000 0.6000000000000 0.0450000000000 0.6000000000000 0.0450000000000 0.9204973461072 0.9204973461072 23502.598000000  2482.239747308 12442.118000000   205.019600000    13.120757866    27.630415000    -916867  0.429327090640  0.429327090640  0.165419300000  0.059152312500  0.466784500000 21338.424   186.411     0.919908625     0.977601411  -55.69979
   0  8 0.9746350900000 0.6000000000000 0.0450000000000 0.6000000000000 0.0450000000000 0.7520710871244 0.7520710871244 21970.901500000  2810.150761041 14494.980000000   182.345200000    22.456305353    83.315070000    -892907  0.502745930123  0.502745930123  0.104435400000  0.087069687500  0.514154900000 17529.858   164.809     0.797841000     0.976321024  -47.35255
   0  6 0.9665155900000 0.6000000000000 0.0450000000000 0.6000000000000 0.0450000000000 0.7460977469373 0.7460977469373 21601.892500000  2344.053679317 11288.232000000   239.878400000    12.260636661    22.067000000    -105240  0.451668424560  0.451668424560  0.158022250000  0.154415437500  0.240212200000 17593.748   209.552     0.827633500     0.982356041  -51.55433
   0  7 0.9705945300000 0.6000000000000 0.0450000000000 0.6000000000000 0.0450000000000 0.8284655037263 0.8284655037263 24255.560500000  2350.306669218 12158.528000000   221.638200000    12.065826194    20.839507500    -990527  0.431688480097  0.431688480097  0.155339250000  0.065875062500  0.444162900000 21436.598   197.909     0.885383000     0.978528217  -56.30187
   0  7 0.9861742700000 0.6000000000000 0.0450000000000 0.6000000000000 0.0450000000000 0.6700535726448 0.6700535726448 21209.731000000  2388.147213040 12010.712000000   208.214700000    11.927285206    23.307265000    -535762  0.414260913848  0.414260913848  0.118134150000  0.089249312500  0.468032600000 17380.074   186.090     0.827313750     0.979856239  -55.82140
   0  6 0.9656596300000 0.6000000000000 0.0450000000000 0.6000000000000 0.0450000000000 0.5786260354140 0.5786260354140 23716.951000000  2615.315748627 13514.346000000   208.601500000    11.197793098    25.336272500    -845091  0.589596687331  0.589596687331  0.166835150000  0.084868125000  0.381513400000 19252.138   186.821     0.814375375     0.977729880  -55.57306
   0  6 0.9607904400000 0.6000000000000 0.0450000000000 0.6000000000000 0.0450000000000 0.7366339125798 0.7366339125798 23949.812500000  2756.641558725 14343.086000000   201.110800000    10.326558541    26.246370000    -158293  0.496139363089  0.496139363089  0.153657600000  0.076576875000  0.564414100000 20569.560   181.978     0.856899000     0.976704230  -55.96932
   0  6 0.9794592700000 0.6000000000000 0.0450000000000 0.6000000000000 0.0450000000000 0.6345966099633 0.6345966099633 24022.753000000  2545.684814635 13375.584000000   201.793100000    11.836034666    25.257070000    -949896  0.437578065752  0.437578065752  0.162440950000  0.079743375000  0.561376400000 17878.808   178.643     0.759648875     0.976550915  -54.32295
   0  6 0.9890898300000 0.6000000000000 0.0450000000000 0.6000000000000 0.0450000000000 0.4495674221784 0.4495674221784 22281.631000000  2415.002021451 12286.462000000   209.782800000    12.783198217    26.572280000    -169712  0.528917402000  0.528917402000  0.140295650000  0.069485875000  0.298297500000 19637.991   191.129     0.886730250     0.978954350  -56.57539
   0  7 0.9518547000000 0.6000000000000 0.0450000000000 0.6000000000000 0.0450000000000 0.8257966226366 0.8257966226366 20714.335000000  2990.006070309 14337.006000000   176.509900000    28.703061301   101.457610000    -389020  0.572440387094  0.572440387094  0.114338850000  0.082447500000  0.424461600000 19369.078   163.943     0.970292625     0.977081976  -48.45246
   0  8 0.9775423800000 0.6000000000000 0.0450000000000 0.6000000000000 0.0450000000000 0.6217399809389 0.6217399809389 26737.184500000  2286.673906651 12504.668000000   202.314000000    13.023890765    21.659450000    -726866  0.579149706692  0.579149706692  0.182548400000  0.050435437500  0.311924600000 19029.485   174.574     0.725382375     0.973993581  -52.84740
   0 11 0.9869471100000 0.6000000000000 0.0450000000000 0.6000000000000 0.0450000000000 0.8206421273945 0.8206421273945 21905.170000000  2724.639817896 14533.082000000   188.192700000     7.598474722    22.133300000    -686387  0.535176645536  0.535176645536  0.142014850000  0.054612187500  0.495383200000 20290.972   172.179     0.929520750     0.976970584  -55.18501
   0  6 0.9578439600000 0.6000000000000 0.0450000000000 0.6000000000000 0.0450000000000 0.6574520476200 0.6574520476200 22821.806500000  2738.864116156 13881.312000000   194.028600000    10.948106120    27.879820000    -574783  0.579063353820  0.579063353820  0.117469450000  0.120325000000  0.215997900000 20297.093   176.621     0.894768375     0.977006224  -55.24805
   0  7 0.9874654300000 0.6000000000000 0.0450000000000 0.6000000000000 0.0450000000000 0.7360335240559 0.7360335240559 22643.107000000  2430.772313059 12670.584000000   230.063400000    10.762857651    20.223502500     -72295  0.368876321685  0.368876321685  0.116661650000  0.159765437500  0.324402600000 18511.976   204.773     0.819742250     0.980520410  -53.74138
   0  6 0.9743082800000 0.6000000000000 0.0450000000000 0.6000000000000 0.0450000000000 0.6575776410878 0.6575776410878 23623.180000000  2261.113746591 11168.936000000   240.862500000    12.842192428    20.485777500    -245283  0.456937895952  0.456937895952  0.138448500000  0.067605500000  0.369336400000 18252.753   207.359     0.788323625     0.980728432  -54.65987
   0  9 0.9849326200000 0.6000000000000 0.0450000000000 0.6000000000000 0.0450000000000 0.8502350462206 0.8502350462206 25736.807500000  2190.552840130 12000.818000000   213.285600000    12.772645892    20.875225000     -90388  0.418720232768  0.418720232768  0.138110150000  0.070382250000  0.349070500000 19074.796   185.061     0.744861375     0.976156808  -54.90425
   0  8 0.9890036500000 0.6000000000000 0.0450000000000 0.6000000000000 0.0450000000000 0.8709869430130 0.8709869430130 25181.336500000  2247.863465087 12163.182000000   219.678900000    12.446897395    20.819455000    -778045  0.338443293710  0.338443293710  0.158190050000  0.100945437500  0.481794000000 21049.378   195.246     0.828292000     0.977288343  -55.33872
   0  6 0.9700854700000 0.6000000000000 0.0450000000000 0.6000000000000 0.0450000000000 0.6079794438177 0.6079794438177 22907.315500000  2977.425127339 15313.294000000   202.071600000     8.255250930    26.699550000    -993738  0.526245441315  0.526245441315  0.113753200000  0.086819812500  0.366221900000 20382.708   185.028     0.892712000     0.977762348  -53.94446
   0  6 0.9771196100000 0.6000000000000 0.0450000000000 0.6000000000000 0.0450000000000 0.8629468548940 0.8629468548940 23563.145500000  2633.677990121 13784.690000000   190.960700000    12.595334684    31.552970000     -54208  0.333631643784  0.333631643784  0.176991400000  0.058924375000  0.434506200000 19655.321   172.502     0.834032125     0.975723191  -54.38147
   0  6 0.9619778700000 0.6000000000000 0.0450000000000 0.6000000000000 0.0450000000000 0.8733926444303 0.8733926444303 20961.074500000  2446.356687462 11740.926000000   192.223500000    18.359027635    51.919095000    -199337  0.411551161718  0.411551161718  0.160757950000  0.068194625000  0.596588100000 19098.708   177.745     0.934564000     0.978662446  -51.54394
   0 10 0.9864904800000 0.6000000000000 0.0450000000000 0.6000000000000 0.0450000000000 0.9148319259172 0.9148319259172 21755.846500000  2687.698417174 14230.210000000   192.248500000     9.243296542    28.461017500    -776053  0.426658550952  0.426658550952  0.192911050000  0.092160937500  0.412814400000 19653.479   175.957     0.898697875     0.977616907  -53.12609
   0  7 0.9859896500000 0.6000000000000 0.0450000000000 0.6000000000000 0.0450000000000 0.6283510586895 0.6283510586895 24394.057000000  2471.143971373 13323.634000000   196.198600000    12.397558026    26.511797500    -437788  0.443146978327  0.443146978327  0.134431450000  0.129307687500  0.375467900000 20353.978   176.582     0.829235500     0.975415994  -55.25943
   0  7 0.9861692300000 0.6000000000000 0.0450000000000 0.6000000000000 0.0450000000000 0.7396219512687 0.7396219512687 19593.457000000  2645.235287081 12902.918000000   192.600200000     9.635513562    21.465620000    -945964  0.375328047086  0.375328047086  0.159065550000  0.063180312500  0.314299000000 17813.322   175.370     0.930387625     0.979882700  -54.43539
   0 10 0.9894134700000 0.6000000000000 0.0450000000000 0.6000000000000 0.0450000000000 0.6342363279099 0.6342363279099 23980.079500000  2416.157615284 13557.174000000   178.089300000   137.892632396   144.473277500    -179784  0.582079930505  0.582079930505  0.122829700000  0.141343625000  0.582198600000 20608.640   162.002     0.840213750     0.973313013  -51.41844
   0  8 0.9740369900000 0.6000000000000 0.0450000000000 0.6000000000000 0.0450000000000 0.8358084345232 0.8358084345232 22789.258000000  2392.590388967 12422.294000000   215.581100000    11.489525995    22.726067500    -452233  0.456905101837  0.456905101837  0.178435800000  0.086375562500  0.231723500000 20585.437   194.820     0.909803125     0.979230936  -54.89068
   0  6 0.9648555500000 0.6000000000000 0.0450000000000 0.6000000000000 0.0450000000000 0.6982508152397 0.6982508152397 26269.747000000  2689.846705521 14560.792000000   163.540900000    32.301591686    79.491120000    -913973  0.494234368733  0.494234368733  0.120214100000  0.178097375000  0.351204800000 23380.160   147.952     0.884838625     0.968543730  -45.61384
   0  7 0.9858116500000 0.6000000000000 0.0450000000000 0.6000000000000 0.0450000000000 0.7308588805545 0.7308588805545 24121.667500000  2811.887181785 15331.076000000   197.128700000     8.066555496    21.235747500    -553607  0.382148944582  0.382148944582  0.154152450000  0.105780000000  0.581423600000 21925.335   180.522     0.908402500     0.975807994  -54.05180
   0  9 0.9745226200000 0.6000000000000 0.0450000000000 0.6000000000000 0.0450000000000 0.7394709261892 0.7394709261892 24944.803000000  2371.939122168 12999.886000000   192.616800000    11.391378655    20.040592500    -986822  0.579509927641  0.579509927641  0.149956300000  0.108166937500  0.305544200000 20395.945   169.638     0.805504875     0.974550805  -54.34826
   0  6 0.9648123500000 0.6000000000000 0.0450000000000 0.6000000000000 0.0450000000000 0.6447148551753 0.6447148551753 24895.393000000  2557.731073507 13387.534000000   212.980400000    12.313693448    27.954765000    -723771  0.535604562610  0.535604562610  0.134022250000  0.106281500000  0.296379200000 21659.416   193.182     0.867677250     0.977109693  -54.54763
   0  7 0.9697917900000 0.6000000000000 0.0450000000000 0.6000000000000 0.0450000000000 0.8478658920133 0.8478658920133 29898.263500000  2396.672302374 13389.962000000   207.909900000    13.313738711    23.635450000    -760561  0.427101799511  0.427101799511  0.166650550000  0.065380000000  0.241516500000 22573.642   181.287     0.756023875     0.971793797  -51.92866
   0  7 0.9754384100000 0.6000000000000 0.0450000000000 0.6000000000000 0.0450000000000 0.5692509479531 0.5692509479531 25265.293000000  2729.285506252 14996.514000000   199.469700000     9.145314886    22.128555000    -966151  0.582075554326  0.582075554326  0.164699050000  0.122658250000  0.276394800000 22585.253   181.456     0.887880500     0.975099321  -53.17660
   0 10 0.9897794500000 0.6000000000000 0.0450000000000 0.6000000000000 0.0450000000000 0.7005483545004 0.7005483545004 23191.774000000  2570.005042461 14231.208000000   207.023100000     8.703592328    20.859105000    -581774  0.523290396635  0.523290396635  0.165705150000  0.060419312500  0.210550800000 21239.254   189.445     0.910754125     0.977791565  -55.33603
   0  6 0.9638529000000 0.6000000000000 0.0450000000000 0.6000000000000 0.0450000000000 0.9561799377250 0.9561799377250 25151.461000000  2360.015162900 11993.958000000   205.578300000    14.326523721    26.899847500    -889093  0.366099057916  0.366099057916  0.166800500000  0.083539062500  0.293203600000 22479.346   185.607     0.898318500     0.976048103  -54.13226
   0  9 0.9868917500000 0.6000000000000 0.0450000000000 0.6000000000000 0.0450000000000 0.8717116689705 0.8717116689705 21595.250500000  2558.803283971 13441.262000000   194.854900000    11.479449115    32.927915000    -313045  0.393988953986  0.393988953986  0.142480950000  0.103849625000  0.452688400000 17769.497   176.340     0.817093375     0.978073471  -53.75859
   0  7 0.9735013200000 0.6000000000000 0.0450000000000 0.6000000000000 0.0450000000000 0.9588840628495 0.9588840628495 24483.913000000  2315.486148154 11990.846000000   218.960100000    14.238815250    30.392362500    -539728  0.356355131757  0.356355131757  0.124921700000  0.090377125000  0.456819900000 20028.026   196.490     0.819014250     0.978035811  -53.47091
   0  6 0.9685514900000 0.6000000000000 0.0450000000000 0.6000000000000 0.0450000000000 0.7192691626968 0.7192691626968 24910.540000000  2561.962777371 13482.874000000   193.620000000    12.183135135    25.273157500    -476496  0.454910936640  0.454910936640  0.127642650000  0.064250812500  0.402516200000 21591.034   174.505     0.863705625     0.974775779  -56.29929
   0  9 0.9864868200000 0.6000000000000 0.0450000000000 0.6000000000000 0.0450000000000 0.6326662113618 0.6326662113618 24258.125500000  2518.179179863 14032.370000000   189.532400000    13.150258450    36.995387500    -663992  0.546915995375  0.546915995375  0.167741650000  0.056934937500  0.284029600000 18236.953   168.596     0.749374375     0.974684892  -51.03052
   0  6 0.9725834900000 0.6000000000000 0.0450000000000 0.6000000000000 0.0450000000000 0.5899916986858 0.5899916986858 22542.572500000  2581.029296440 13123.296000000   204.356300000    13.489100884    36.041122500    -705550  0.522614474410  0.522614474410  0.128792700000  0.076989062500  0.583191300000 19724.533   187.246     0.879368750     0.978340355  -54.81956
   0  6 0.9673088200000 0.6000000000000 0.0450000000000 0.6000000000000 0.0450000000000 0.6029321772674 0.6029321772674 19552.525000000  3124.683165761 14402.792000000   199.980400000     7.421622612    27.383285000    -132621  0.552558276689  0.552558276689  0.151536700000  0.092682187500  0.436726600000 17911.887   184.161     0.944154625     0.980838894  -52.98306
   0  6 0.9741697700000 0.6000000000000 0.0450000000000 0.6000000000000 0.0450000000000 0.5370311799431 0.5370311799431 21570.707500000  2528.568370327 12578.100000000   196.733600000    16.148988146    46.494585000    -260555  0.560673940137  0.560673940137  0.131582000000  0.059864250000  0.200213800000 19536.697   181.879     0.921173125     0.978456914  -53.16358
   0  8 0.9886175200000 0.6000000000000 0.0450000000000 0.6000000000000 0.0450000000000 0.7768777288784 0.7768777288784 23935.462000000  2349.805944025 12668.708000000   191.072400000    14.720528584    34.364675000    -862660  0.382091392314  0.382091392314  0.163276250000  0.082011000000  0.237998600000 21018.771   174.000     0.872137500     0.975186797  -54.56812
   0  6 0.9750736800000 0.6000000000000 0.0450000000000 0.6000000000000 0.0450000000000 0.8588339348850 0.8588339348850 20561.717500000  2502.662329395 12164.010000000   193.807900000    11.698153165    23.110867500    -358458  0.345840889369  0.345840889369  0.164034500000  0.129520812500  0.337992600000 18341.735   175.114     0.908203750     0.979146401  -53.04687
   0  7 0.9824376500000 0.6000000000000 0.0450000000000 0.6000000000000 0.0450000000000 0.5023021340830 0.5023021340830 22426.526500000  2593.866047391 13525.428000000   191.993300000    10.769446433    24.422275000    -164005  0.588520628218  0.588520628218  0.134930200000  0.052799312500  0.584408300000 20115.510   174.931     0.901423625     0.976954045  -57.01113
   0  6 0.9741022800000 0.6000000000000 0.0450000000000 0.6000000000000 0.0450000000000 0.9002802065352 0.9002802065352 22537.685500000  2252.889033979 10927.296000000   236.943700000    12.813722571    20.199712500    -671403  0.334790543972  0.334790543972  0.119046950000  0.057623187500  0.496673600000 19029.747   205.892     0.853958750     0.981311533  -55.17420
   0  7 0.9802576300000 0.6000000000000 0.0450000000000 0.6000000000000 0.0450000000000 0.6758969758450 0.6758969758450 23436.394000000  2508.854278271 13240.040000000   190.114900000    13.116498497    31.090137500    -531449  0.453423036877  0.453423036877  0.117054700000  0.114177375000  0.495138400000 20610.226   172.992     0.878152625     0.975707790  -55.12029
   0  6 0.9805889600000 0.6000000000000 0.0450000000000 0.6000000000000 0.0450000000000 0.8976081582276 0.8976081582276 24352.058500000  2411.606892481 12531.314000000   210.502700000    13.203303695    26.535880000    -641017  0.303947858934  0.303947858934  0.115212200000  0.072088125000  0.557974400000 21087.968   190.461     0.865156125     0.977199317  -56.01393
   0  6 0.9667023700000 0.6000000000000 0.0450000000000 0.6000000000000 0.0450000000000 0.8341809315751 0.8341809315751 26425.172500000  2611.235827156 14093.074000000   207.207500000    11.374083858    24.550812500    -894269  0.402890624602  0.402890624602  0.154242750000  0.050115062500  0.539531100000 23075.247   187.365     0.866323625     0.975011900  -54.70436
   0  7 0.9809902300000 0.6000000000000 0.0450000000000 0.6000000000000 0.0450000000000 0.6272059500883 0.6272059500883 26509.466500000  2382.443738962 12989.886000000   212.196500000    12.617027494    23.573115000    -690817  0.482764779696  0.482764779696  0.152875550000  0.113045812500  0.570178100000 20779.377   187.830     0.783008250     0.975372086  -54.22986
   0  6 0.9688900600000 0.6000000000000 0.0450000000000 0.6000000000000 0.0450000000000 0.9550526372178 0.9550526372178 22676.627500000  2504.102821609 12616.798000000   216.940000000    12.542368724    28.831712500    -523890  0.340916480446  0.340916480446  0.104973850000  0.182003187500  0.318334600000 19735.057   197.187     0.875080750     0.979503755  -52.19092
   0  8 0.9630456800000 0.6000000000000 0.0450000000000 0.6000000000000 0.0450000000000 0.8809207379504 0.8809207379504 23273.881000000  2404.088850158 12434.804000000   198.738700000    25.030218920    80.390687500    -591678  0.518086764593  0.518086764593  0.141800900000  0.093551812500  0.239207000000 19629.557   181.751     0.841245625     0.977078407  -51.18469
   0  7 0.9775950600000 0.6000000000000 0.0450000000000 0.6000000000000 0.0450000000000 0.6828732913331 0.6828732913331 22430.077000000  2621.854496883 13601.940000000   209.230000000     9.488033719    20.140237500    -186025  0.468694783976  0.468694783976  0.184284750000  0.111231937500  0.588008900000 17320.514   185.340     0.781260375     0.978903581  -53.75051
   0  9 0.9622580700000 0.6000000000000 0.0450000000000 0.6000000000000 0.0450000000000 0.8818918429876 0.8818918429876 24524.831500000  2775.650335370 15130.406000000   192.046200000    10.820207707    35.501167500    -271151  0.598433512855  0.598433512855  0.169602300000  0.063914187500  0.585469100000 21416.589   174.166     0.857830250     0.975009842  -52.66804
   0  6 0.9856476600000 0.6000000000000 0.0450000000000 0.6000000000000 0.0450000000000 0.7956543458964 0.7956543458964 25029.610000000  2299.075949117 11882.304000000   204.880300000    13.488855330    21.424930000    -798966  0.316286356427  0.316286356427  0.178272250000  0.054864312500  0.343273500000 22642.963   184.606     0.908846000     0.975849707  -54.53821
   0  6 0.9688566100000 0.6000000000000 0.0450000000000 0.6000000000000 0.0450000000000 0.5691172468033 0.5691172468033 25421.191000000  2572.932681557 13667.584000000   196.541000000    13.328889898    30.919285000    -491229  0.572381275187  0.572381275187  0.147187100000  0.081886312500  0.395206500000 21119.347   176.814     0.827166125     0.974638603  -55.16325
   0  6 0.9714785900000 0.6000000000000 0.0450000000000 0.6000000000000 0.0450000000000 0.9237787327612 0.9237787327612 25001.840500000  2433.172513481 12643.850000000   196.971000000    12.665043642    22.103562500    -168862  0.339302989349  0.339302989349  0.112651250000  0.141380750000  0.333514900000 19625.155   173.229     0.790881875     0.975087547  -53.47324
   0  7 0.9600319500000 0.6000000000000 0.0450000000000 0.6000000000000 0.0450000000000 0.7700348427544 0.7700348427544 23295.319000000  2655.162245080 13757.992000000   199.796300000    13.114500783    37.877535000    -818473  0.545110396022  0.545110396022  0.128879550000  0.061826937500  0.430879100000 20849.415   183.292     0.898523250     0.977195835  -54.60586
   0  8 0.9646038100000 0.6000000000000 0.0450000000000 0.6000000000000 0.0450000000000 0.8387364923542 0.8387364923542 27464.659000000  2680.199799014 15257.948000000   191.533900000     9.163581986    20.269457500    -853531  0.530841896778  0.530841896778  0.167817750000  0.075661125000  0.468160700000 24230.215   172.159     0.866726125     0.971921450  -51.33442
   0  7 0.9778655300000 0.6000000000000 0.0450000000000 0.6000000000000 0.0450000000000 0.6263268800490 0.6263268800490 24486.653500000  2483.879967357 13276.726000000   206.183100000    10.978958888    20.586170000     -69056  0.508777868827  0.508777868827  0.196963650000  0.098820125000  0.575522800000 20189.680   183.624     0.820844125     0.976625854  -54.65865
   0  8 0.9847073800000 0.6000000000000 0.0450000000000 0.6000000000000 0.0450000000000 0.8489047711680 0.8489047711680 22670.998000000  2456.557698552 12991.344000000   189.883900000    13.553027568    34.458275000    -726808  0.374865580960  0.374865580960  0.115648750000  0.128377937500  0.216637200000 19615.829   172.676     0.861451375     0.976411921  -54.55174
   0  8 0.9642999000000 0.6000000000000 0.0450000000000 0.6000000000000 0.0450000000000 0.9352509676342 0.9352509676342 22581.722500000  2397.531721552 12247.000000000   197.295700000    12.143478415    23.837697500    -839133  0.478370638954  0.478370638954  0.128490250000  0.071115312500  0.386766700000 18090.556   174.215     0.804058500     0.977589689  -55.45634
   0  6 0.9510218700000 0.6000000000000 0.0450000000000 0.6000000000000 0.0450000000000 0.7947438358772 0.7947438358772 21768.577000000  2976.754402371 14605.338000000   217.057700000     7.944166545    24.639245000    -109481  0.525380327044  0.525380327044  0.120040500000  0.112647437500  0.496838400000 17465.397   194.902     0.810096875     0.980416971  -51.64632
   0 10 0.9840342700000 0.6000000000000 0.0450000000000 0.6000000000000 0.0450000000000 0.7241933611781 0.7241933611781 24299.233000000  2405.459884270 13457.352000000   181.025300000    13.044093640    31.945830000    -843708  0.564515149903  0.564515149903  0.131275650000  0.072550937500  0.217513100000 21734.264   164.072     0.880718875     0.973491615  -53.47931
   0  7 0.9872541200000 0.6000000000000 0.0450000000000 0.6000000000000 0.0450000000000 0.5880471972580 0.5880471972580 25524.101500000  2508.239693688 13855.234000000   198.923200000    14.717629737    38.752922500    -864685  0.463387034407  0.463387034407  0.151185400000  0.120036437500  0.563251400000 21298.955   180.411     0.825661000     0.974608172  -52.66490
   0  6 0.9854721800000 0.6000000000000 0.0450000000000 0.6000000000000 0.0450000000000 0.4727273759324 0.4727273759324 23317.310500000  2360.323687637 12053.476000000   208.646600000    12.827786065    22.931597500    -971028  0.533866228865  0.533866228865  0.103233900000  0.055679812500  0.525238300000 19544.562   186.494     0.841073625     0.977910453  -57.25490
   0  7 0.9808605200000 0.6000000000000 0.0450000000000 0.6000000000000 0.0450000000000 0.8724077136159 0.8724077136159 22681.231000000  2353.305036197 12038.212000000   211.404700000    12.723076001    25.146635000    -362256  0.347820693504  0.347820693504  0.235068750000  0.061393187500  0.411472200000 18158.643   188.392     0.807065500     0.978851188  -52.35841
   0  6 0.9550777300000 0.6000000000000 0.0450000000000 0.6000000000000 0.0450000000000 0.9289781403071 0.9289781403071 19981.487500000  2947.736583989 13819.038000000   224.993500000     7.838335606    23.021720000    -564370  0.425601759040  0.425601759040  0.126581550000  0.137114937500  0.493914800000 17694.150   203.756     0.901010125     0.982647764  -51.74137
   0  6 0.9588480100000 0.6000000000000 0.0450000000000 0.6000000000000 0.0450000000000 0.6364647319696 0.6364647319696 25887.157000000  2439.934797682 12631.096000000   214.617600000    12.918000851    24.408852500    -222540  0.589931597261  0.589931597261  0.151639800000  0.106035750000  0.314997600000 20828.735   189.856     0.806275500     0.976414937  -55.33455
   0  7 0.9796662800000 0.6000000000000 0.0450000000000 0.6000000000000 0.0450000000000 0.7665233057438 0.7665233057438 19540.901500000  2588.456492230 12509.966000000   202.203700000    10.052885083    21.640957500    -869595  0.403710625064  0.403710625064  0.160152500000  0.102198937500  0.580703800000 17481.719   182.876     0.912783875     0.980962414  -54.30412
   0  6 0.9739332000000 0.6000000000000 0.0450000000000 0.6000000000000 0.0450000000000 0.9173743448286 0.9173743448286 19516.858000000  2804.432839854 13292.880000000   175.420800000    29.748866835   102.125062500    -483674  0.329388424365  0.329388424365  0.146435600000  0.119943437500  0.221565600000 17432.928   161.473     0.912837250     0.978142168  -49.22879
   0  8 0.9800228300000 0.6000000000000 0.0450000000000 0.6000000000000 0.0450000000000 0.7958115582915 0.7958115582915 21850.265500000  2552.695615718 13234.608000000   179.998600000    15.829424665    47.872877500    -442138  0.433755372419  0.433755372419  0.106436050000  0.087016937500  0.314923900000 19275.743   164.405     0.883133625     0.976081957  -52.90129
   0  6 0.9645919300000 0.6000000000000 0.0450000000000 0.6000000000000 0.0450000000000 0.7433829281394 0.7433829281394 22389.077500000  2421.250809807 11944.094000000   197.061800000    15.175222951    35.209967500    -949134  0.465975988318  0.465975988318  0.154182450000  0.099108062500  0.340295300000 17708.398   176.735     0.803418250     0.977752645  -53.73062
   0  8 0.9883388600000 0.6000000000000 0.0450000000000 0.6000000000000 0.0450000000000 0.6754976087579 0.6754976087579 25756.207000000  2267.820307646 12408.670000000   215.175300000    12.670618196    22.144252500     -37512  0.441644530046  0.441644530046  0.128512050000  0.050619687500  0.256422100000 21713.409   192.172     0.833201500     0.976294824  -56.21560
   0  7 0.9795593100000 0.6000000000000 0.0450000000000 0.6000000000000 0.0450000000000 0.6898158150462 0.6898158150462 25148.437000000  2439.539965872 13137.486000000   206.874500000    12.199520711    24.449705000    -675867  0.449389192084  0.449389192084  0.111474400000  0.068166500000  0.555098200000 20473.433   184.778     0.810427625     0.976053827  -56.24837
   0  6 0.9839686800000 0.6000000000000 0.0450000000000 0.6000000000000 0.0450000000000 0.5123779734696 0.5123779734696 25471.357000000  2529.559342161 13657.586000000   178.473900000    35.396454062    94.001265000    -838801  0.504658760031  0.504658760031  0.114972850000  0.063655937500  0.212935600000 21679.918   161.592     0.845050125     0.971816818  -50.86335
   0  9 0.9801473200000 0.6000000000000 0.0450000000000 0.6000000000000 0.0450000000000 0.7242804249357 0.7242804249357 22262.150500000  2295.735185715 11949.484000000   207.737100000    12.450863838    25.852372500    -457894  0.535857119123  0.535857119123  0.133317350000  0.105591937500  0.235077100000 19772.901   187.752     0.888919375     0.978883601  -55.34177
   0  6 0.9738646300000 0.6000000000000 0.0450000000000 0.6000000000000 0.0450000000000 0.9010182754104 0.9010182754104 22083.194500000  2402.432874052 11896.840000000   222.737600000    12.284375889    23.740555000    -945337  0.335713446551  0.335713446551  0.147143650000  0.099117062500  0.248870600000 18548.737   198.839     0.847493125     0.980522465  -55.48668
   0  7 0.9750208400000 0.6000000000000 0.0450000000000 0.6000000000000 0.0450000000000 0.9429271836000 0.9429271836000 25168.579000000  2456.219116769 13176.202000000   194.120200000    12.382235313    24.100785000    -304465  0.353751547298  0.353751547298  0.121783600000  0.113833125000  0.341551400000 21074.569   173.439     0.831649750     0.974515806  -55.19233
   0  7 0.9707353700000 0.6000000000000 0.0450000000000 0.6000000000000 0.0450000000000 0.7628754078352 0.7628754078352 20854.006000000  2556.510954579 12649.278000000   207.334300000    11.451101258    27.922525000    -252135  0.467777281307  0.467777281307  0.138469650000  0.072803687500  0.376727400000 19007.732   189.832     0.930879375     0.980264753  -55.30639
   0  8 0.9598101100000 0.6000000000000 0.0450000000000 0.6000000000000 0.0450000000000 0.9585120178683 0.9585120178683 22957.630000000  2315.055402360 11713.036000000   221.989900000    12.349762454    23.243240000    -578773  0.501009493548  0.501009493548  0.158580100000  0.066344000000  0.276276100000 20140.025   197.603     0.881718250     0.979774246  -55.64007
   0  7 0.9817344300000 0.6000000000000 0.0450000000000 0.6000000000000 0.0450000000000 0.8328488218895 0.8328488218895 24828.838000000  2188.924258709 11195.772000000   208.283000000    14.098944556    21.907392500    -514409  0.359115551789  0.359115551789  0.204050700000  0.081386875000  0.450783400000 17694.798   179.104     0.737829625     0.976490295  -51.64501
   0  6 0.9754904800000 0.6000000000000 0.0450000000000 0.6000000000000 0.0450000000000 0.9158647560992 0.9158647560992 23334.239500000  2527.489133555 13029.110000000   200.688300000    18.738891395    56.717655000    -119714  0.322263531572  0.322263531572  0.123699050000  0.142755062500  0.310299300000 20130.710   184.278     0.863839500     0.977141615  -52.02520
   0  6 0.9532985800000 0.6000000000000 0.0450000000000 0.6000000000000 0.0450000000000 0.7002330481283 0.7002330481283 22056.518500000  2594.798358857 12787.658000000   203.973300000    10.660674652    21.022612500    -214262  0.578380146904  0.578380146904  0.159826200000  0.066127687500  0.292775100000 19924.158   183.544     0.917379875     0.978878105  -56.97568
   0  9 0.9799242300000 0.6000000000000 0.0450000000000 0.6000000000000 0.0450000000000 0.9452430029817 0.9452430029817 24448.583500000  2466.834769601 13623.998000000   195.184100000    10.650448203    21.949707500    -875788  0.412229961510  0.412229961510  0.170726850000  0.063223437500  0.258812300000 22633.235   177.808     0.930195875     0.975321167  -54.74498
   0  7 0.9804638300000 0.6000000000000 0.0450000000000 0.6000000000000 0.0450000000000 0.9345417476291 0.9345417476291 21358.231000000  2805.127868976 14228.852000000   190.041000000    11.255349251    36.716537500    -460985  0.326823541234  0.326823541234  0.119619250000  0.058035000000  0.574521000000 19753.984   175.828     0.945406125     0.977850779  -53.60262
   0  7 0.9817923600000 0.6000000000000 0.0450000000000 0.6000000000000 0.0450000000000 0.8363015606199 0.8363015606199 21075.392500000  2366.588243396 11764.690000000   220.820100000    11.994349123    23.719885000     -97746  0.357289584638  0.357289584638  0.140092200000  0.096507562500  0.581188900000 18930.491   199.745     0.912058625     0.981176695  -54.51599
   0  8 0.9828715900000 0.6000000000000 0.0450000000000 0.6000000000000 0.0450000000000 0.5723017743194 0.5723017743194 27766.735000000  2444.032794071 14023.008000000   182.856100000    12.640267565    24.348402500    -833849  0.574196085462  0.574196085462  0.134894350000  0.142990250000  0.420957700000 25163.115   165.502     0.895152375     0.970032970  -48.17008
   0  7 0.9852747100000 0.6000000000000 0.0450000000000 0.6000000000000 0.0450000000000 0.8103460924921 0.8103460924921 22340.288500000  2335.256000971 11916.832000000   223.339800000    12.347546156    24.010272500    -109598  0.347821348783  0.347821348783  0.108579150000  0.064974187500  0.467730500000 18184.643   199.348     0.819482375     0.980230863  -54.88352
   0 11 0.9899215900000 0.6000000000000 0.0450000000000 0.6000000000000 0.0450000000000 0.9852330519058 0.9852330519058 22657.255000000  2377.060289337 13091.266000000   200.891700000    21.021967214    77.624385000    -344054  0.420614619524  0.420614619524  0.156365650000  0.096382250000  0.497316200000 17706.614   182.120     0.766673000     0.977638881  -48.08163
   0  6 0.9848135900000 0.6000000000000 0.0450000000000 0.6000000000000 0.0450000000000 0.5989318555209 0.5989318555209 24639.595000000  2357.883928141 12261.162000000   195.768300000    13.877542623    25.082740000    -246839  0.425891612746  0.425891612746  0.125186700000  0.176753312500  0.327600600000 23036.046   179.308     0.953605625     0.975132618  -48.47658
   0  6 0.9781372200000 0.6000000000000 0.0450000000000 0.6000000000000 0.0450000000000 0.5137732969446 0.5137732969446 19187.336500000  2895.151748865 13573.576000000   199.853600000     8.055078276    21.611480000    -815241  0.551672903817  0.551672903817  0.181728750000  0.065389375000  0.208691300000 16127.041   179.912     0.855908500     0.981101804  -53.15818
   0 12 0.9867695700000 0.6000000000000 0.0450000000000 0.6000000000000 0.0450000000000 0.9145628870564 0.9145628870564 23917.453000000  2382.264001824 13574.786000000   187.576800000    10.202817286    23.004332500     -11129  0.551014054555  0.551014054555  0.102621250000  0.070214187500  0.278864800000 21611.583   169.618     0.885138625     0.974775456  -54.34152
   0  9 0.9883120400000 0.6000000000000 0.0450000000000 0.6000000000000 0.0450000000000 0.7098915690897 0.7098915690897 23114.608000000  2668.712819286 14575.720000000   193.266100000     9.768776304    28.143460000    -881178  0.471251286919  0.471251286919  0.134148500000  0.110363000000  0.439382300000 19029.692   174.317     0.810891500     0.976314837  -53.80660
   0  6 0.9845245100000 0.6000000000000 0.0450000000000 0.6000000000000 0.0450000000000 0.6511372936820 0.6511372936820 26256.557500000  2572.538700092 14129.584000000   192.145900000    21.382931325    61.937187500    -218335  0.393577853483  0.393577853483  0.165548500000  0.062191187500  0.513091800000 21153.862   173.243     0.801950250     0.973005989  -50.08461
   0  6 0.9776118000000 0.6000000000000 0.0450000000000 0.6000000000000 0.0450000000000 0.7833772177218 0.7833772177218 25127.228500000  2676.719815164 14450.156000000   207.333200000    10.339944070    24.097827500    -383968  0.364752184412  0.364752184412  0.156347550000  0.085164437500  0.467447400000 21387.749   187.496     0.845287375     0.976150394  -54.81235
   0  6 0.9898006000000 0.6000000000000 0.0450000000000 0.6000000000000 0.0450000000000 0.6880953099663 0.6880953099663 21078.524500000  2495.974670815 12511.898000000   203.694500000    11.169068992    21.711352500    -640263  0.341482486997  0.341482486997  0.113087450000  0.142654437500  0.506990000000 17907.888   183.191     0.857211750     0.979485051  -54.97811
   0  9 0.9814788300000 0.6000000000000 0.0450000000000 0.6000000000000 0.0450000000000 0.8097096709285 0.8097096709285 21410.206000000  2403.867593568 12417.302000000   204.616100000    11.462777223    25.816590000     -32034  0.468036711204  0.468036711204  0.123308500000  0.066243062500  0.370701700000 19547.824   186.575     0.923905125     0.979366951  -55.97802
   0  6 0.9718404300000 0.6000000000000 0.0450000000000 0.6000000000000 0.0450000000000 0.8790305492656 0.8790305492656 23433.991000000  2719.335760888 14168.006000000   213.853500000     9.708726812    23.576852500    -867334  0.354668342275  0.354668342275  0.143014400000  0.057244625000  0.450943000000 20028.291   193.540     0.853831500     0.978490133  -55.94634
 
  COND2           1     1539793  1.506234319369565E+044  1.726894948175856E+042
  1.146498208126508E-002         100
   1539793  41046596   1756598         0     58239         0         0         0         0         0   3729759     35292         0  17833723   1539793
 PARAMETER FILE GP04A.PAR   
