  Aa Am            MSYL            MSYR           MORTJ           MORTA             K1+           PInit      ISEED   PTarget           CVADD              AR        PREG-MAX           GAMMA              P0   SSTILDA     LIKEL
   0  6 0.9613853100000 0.6000000000000 0.0450000000000 0.6000000000000 0.0200000000000 0.6109661592596 0.3173244315672 20876.402500000  2672.107582116 12943.494000000   356.408500000     3.950565953    21.760037500    -412362  0.593233551687  0.593233551687  0.155804800000  0.079550687500  0.408408300000 18625.620   208.183     0.907609750     0.982810153  -56.27548
   0  6 0.9671070900000 0.6000000000000 0.0450000000000 0.6000000000000 0.0200000000000 0.9348697412083 0.4687796633690 22430.846500000  2778.960882195 14074.910000000   317.257700000     4.117933584    29.678077500    -624588  0.357405465257  0.357405465257  0.175968800000  0.138869937500  0.563154800000 18337.868   203.525     0.822874125     0.979217316  -53.70975
   0  7 0.9691676400000 0.6000000000000 0.0450000000000 0.6000000000000 0.0200000000000 0.8618428324063 0.4032228770598 22652.719000000  2828.730102746 14584.306000000   277.359500000    15.840969202    44.784337500    -985883  0.424252408732  0.424252408732  0.154615050000  0.053473062500  0.520059000000 20641.457   204.954     0.921316500     0.975975959  -55.19404
   0  7 0.9793088500000 0.6000000000000 0.0450000000000 0.6000000000000 0.0200000000000 0.7159438151331 0.3084427455824 20845.001500000  2523.167948775 12553.118000000   287.288800000    16.118555430    35.938292500    -242118  0.434765344731  0.434765344731  0.145597000000  0.120860625000  0.443620900000 18342.770   193.061     0.890073250     0.978563690  -54.82456
   0 11 0.9882672500000 0.6000000000000 0.0450000000000 0.6000000000000 0.0200000000000 0.8325885642265 0.2469383239023 26358.644500000  2162.556307329 12461.246000000   293.149500000    18.663894392    28.602912500    -397437  0.514109491711  0.514109491711  0.154557450000  0.069141750000  0.583209600000 23948.111   197.849     0.897290625     0.973291033  -53.58103
   0  9 0.9779832900000 0.6000000000000 0.0450000000000 0.6000000000000 0.0200000000000 0.7610870082491 0.2932828645163 22326.518500000  2348.280855558 12225.952000000   262.678400000    26.716580871    40.874425000    -942280  0.529910366763  0.529910366763  0.171572050000  0.070167125000  0.580896600000 20137.880   185.731     0.907276625     0.974905852  -53.91374
   0  7 0.9703794800000 0.6000000000000 0.0450000000000 0.6000000000000 0.0200000000000 0.9567148769984 0.4437302681480 21362.740000000  2807.453999668 14038.396000000   273.111100000     3.648372185    27.176585000    -154001  0.375072198548  0.375072198548  0.121494700000  0.062101750000  0.205221300000 18436.082   186.073     0.867491625     0.976981571  -55.23329
   0  6 0.9853904900000 0.6000000000000 0.0450000000000 0.6000000000000 0.0200000000000 0.7402285639266 0.3173480753714 23625.934000000  2640.514953280 13946.236000000   341.736600000     4.131445865    26.680570000    -147528  0.341391947308  0.341391947308  0.141027800000  0.141499687500  0.562012700000 20002.025   217.571     0.845611125     0.979503213  -54.05115
   0 11 0.9800861900000 0.6000000000000 0.0450000000000 0.6000000000000 0.0200000000000 0.9241613543666 0.3025348441669 23036.416000000  2112.613493638 11188.406000000   356.782000000    17.233279145    27.005667500    -195340  0.542194607240  0.542194607240  0.148002950000  0.084189000000  0.548373500000 20193.003   203.683     0.871178375     0.980916593  -54.08392
   0  8 0.9837729200000 0.6000000000000 0.0450000000000 0.6000000000000 0.0200000000000 0.6490488710623 0.2515455249479 21822.064000000  2654.135380811 13792.284000000   297.566800000     5.532460140    29.342580000    -145138  0.498398232721  0.498398232721  0.118751150000  0.058915312500  0.337917000000 18039.604   195.696     0.825546500     0.978279803  -56.74031
   0  9 0.9782956500000 0.6000000000000 0.0450000000000 0.6000000000000 0.0200000000000 0.9358492631505 0.3595648052375 21083.830000000  2654.161572005 13538.220000000   337.855000000     3.989964763    26.995625000    -411805  0.428581224273  0.428581224273  0.116056450000  0.102304875000  0.235382000000 17594.376   207.196     0.830613375     0.981572675  -54.79543
   0  6 0.9891097400000 0.6000000000000 0.0450000000000 0.6000000000000 0.0200000000000 0.7280581204101 0.2985977623355 23484.454000000  2649.335221803 14034.184000000   303.473000000     4.145883170    22.097062500    -291006  0.326491834658  0.326491834658  0.131175050000  0.067617875000  0.393028800000 19306.872   200.827     0.823081875     0.976999190  -57.48876
   0  6 0.9780868300000 0.6000000000000 0.0450000000000 0.6000000000000 0.0200000000000 0.5985148215641 0.2759525307383 22995.389500000  2666.287802122 13798.400000000   269.776200000    29.447241265    53.328327500    -656340  0.473931923447  0.473931923447  0.114830900000  0.117479187500  0.234059800000 20321.932   201.984     0.887253875     0.974832783  -54.61974
   0  8 0.9834785700000 0.6000000000000 0.0450000000000 0.6000000000000 0.0200000000000 0.5767313906587 0.2242358697613 24333.563500000  2416.880970662 13075.534000000   283.469500000    28.615947482    46.168805000    -762095  0.563787012236  0.563787012236  0.152969200000  0.078467250000  0.468989600000 18999.002   196.421     0.780745625     0.974580034  -55.30084
   0  7 0.9518003600000 0.6000000000000 0.0450000000000 0.6000000000000 0.0200000000000 0.8611506981661 0.4455004213179 23609.045500000  2667.821781145 13748.528000000   354.237300000     4.844912793    27.149512500    -119156  0.549365496458  0.549365496458  0.118194350000  0.116214812500  0.358827500000 21131.992   220.209     0.899718875     0.980476968  -54.38823
   0  6 0.9804381900000 0.6000000000000 0.0450000000000 0.6000000000000 0.0200000000000 0.7664327588061 0.3458103172866 25292.981500000  2436.028398079 12827.868000000   309.602300000    10.182025302    25.208222500    -986026  0.356811216568  0.356811216568  0.132524550000  0.127132312500  0.470080100000 19441.572   193.193     0.777365750     0.975849752  -55.04423
   0  6 0.9731455300000 0.6000000000000 0.0450000000000 0.6000000000000 0.0200000000000 0.6720224731340 0.3227804364964 20257.049500000  2383.365379897 11295.496000000   304.244100000    28.852012352    47.364512500     -75070  0.454987343227  0.454987343227  0.201683200000  0.069208937500  0.369467700000 18461.922   204.857     0.939390750     0.980385350  -51.79557
   0  6 0.9892646600000 0.6000000000000 0.0450000000000 0.6000000000000 0.0200000000000 0.5557454257572 0.2274775949066 25291.807000000  2671.571484930 14636.298000000   216.888400000    88.774596110    83.986845000    -680651  0.426617673911  0.426617673911  0.183092250000  0.088629437500  0.412467900000 20834.134   173.286     0.819268500     0.965336314  -51.54623
   0  9 0.9813731000000 0.6000000000000 0.0450000000000 0.6000000000000 0.0200000000000 0.8865655155837 0.3303815301974 25015.772500000  2436.163557203 13544.668000000   258.183000000    18.347186398    34.266005000    -747506  0.428274630780  0.428274630780  0.146759350000  0.174011687500  0.526440600000 21915.620   184.439     0.862826875     0.971342764  -52.94494
   0  6 0.9648188000000 0.6000000000000 0.0450000000000 0.6000000000000 0.0200000000000 0.9566875777731 0.4867993485617 20867.492500000  2640.511409230 12823.496000000   359.768300000     4.066132098    21.661140000    -195491  0.360912458527  0.360912458527  0.186347000000  0.182290375000  0.313075600000 19489.042   212.362     0.971364625     0.982962271  -51.16280
   0  6 0.9690229500000 0.6000000000000 0.0450000000000 0.6000000000000 0.0200000000000 0.8640589627694 0.4277063460302 22648.466500000  2459.109797156 12273.776000000   348.104700000     8.708288855    24.156262500    -639198  0.376088320845  0.376088320845  0.153115750000  0.070695687500  0.213015800000 21389.538   212.268     0.985093875     0.980862919  -53.52283
   0  7 0.9770250500000 0.6000000000000 0.0450000000000 0.6000000000000 0.0200000000000 0.8548281596496 0.3759687343909 25066.613500000  2887.739757380 15822.924000000   302.476200000     3.470004226    30.965435000    -321019  0.377874863276  0.377874863276  0.135236100000  0.084990125000  0.423430100000 21631.285   215.622     0.853660625     0.975544393  -50.24348
   0  9 0.9671097000000 0.6000000000000 0.0450000000000 0.6000000000000 0.0200000000000 0.9550541393685 0.4020844059131 24068.882500000  2331.967302180 12346.696000000   434.864000000     7.381136766    21.238932500    -731749  0.509483334288  0.509483334288  0.155420650000  0.061985875000  0.375242900000 19290.270   222.608     0.796309875     0.983730621  -55.10953
   0 10 0.9704979500000 0.6000000000000 0.0450000000000 0.6000000000000 0.0200000000000 0.9656505597273 0.3711253222072 25336.654000000  2406.888699045 13410.236000000   244.671500000    88.579211161    88.223935000    -654911  0.542144393172  0.542144393172  0.145898350000  0.063820437500  0.441335500000 21561.200   191.398     0.830807125     0.969525052  -54.16531
   0  9 0.9817601800000 0.6000000000000 0.0450000000000 0.6000000000000 0.0200000000000 0.6665848853697 0.2474024496516 23436.056500000  2117.263939664 10894.774000000   311.661200000    36.558648332    47.923870000     -15885  0.565664945168  0.565664945168  0.207759200000  0.078154812500  0.529751600000 20698.903   206.457     0.886634625     0.977754408  -51.22484
   0  7 0.9681906500000 0.6000000000000 0.0450000000000 0.6000000000000 0.0200000000000 0.6679541655983 0.3146495589497 30005.143000000  2288.369823216 12394.442000000   283.703500000    19.605259143    26.665782500    -971508  0.555704225870  0.555704225870  0.139580050000  0.168954687500  0.340109700000 24327.190   183.680     0.806233750     0.968900461  -47.73204
   0 12 0.9877519800000 0.6000000000000 0.0450000000000 0.6000000000000 0.0200000000000 0.9204347263021 0.2527994244604 22685.146000000  2382.833349043 13164.968000000   274.859000000    23.450512240    42.711162500    -795832  0.536966902390  0.536966902390  0.142480100000  0.068939250000  0.497949500000 19898.786   194.974     0.856669250     0.975492474  -57.38059
   0 10 0.9781358500000 0.6000000000000 0.0450000000000 0.6000000000000 0.0200000000000 0.8046485540805 0.2892167873605 21987.034000000  2568.953847778 13534.456000000   293.336600000     6.600200135    28.165267500    -116738  0.566753982267  0.566753982267  0.161682450000  0.083960687500  0.589779200000 18639.898   192.080     0.834752500     0.977868594  -55.93670
   0  6 0.9884444300000 0.6000000000000 0.0450000000000 0.6000000000000 0.0200000000000 0.7609262218404 0.3146972941469 22393.735000000  2800.064097406 14536.092000000   224.319500000    30.795725502    54.133060000    -476521  0.315868271460  0.315868271460  0.147791700000  0.079513562500  0.328419000000 18522.686   172.352     0.830407250     0.970342354  -53.29547
   0 11 0.9852257400000 0.6000000000000 0.0450000000000 0.6000000000000 0.0200000000000 0.7818523667780 0.2412738891322 20249.111500000  3200.453537645 15283.522000000   263.394300000     2.671847009    38.970672500    -735913  0.580778313024  0.580778313024  0.179816550000  0.052334562500  0.465348700000 15581.068   187.327     0.759646750     0.977210100  -49.39374
   0  7 0.9858459700000 0.6000000000000 0.0450000000000 0.6000000000000 0.0200000000000 0.5465659109876 0.2200311714539 20805.797500000  2863.408220192 14314.738000000   240.733000000    44.373175708    74.615275000    -530511  0.510704903941  0.510704903941  0.156158150000  0.082121312500  0.479917800000 19001.582   195.979     0.929848875     0.974369089  -53.15084
   0  6 0.9551192100000 0.6000000000000 0.0450000000000 0.6000000000000 0.0200000000000 0.7541500560800 0.4050255099984 25633.060000000  2420.133282163 12334.926000000   283.036600000    46.119802492    58.166830000    -442018  0.523970128525  0.523970128525  0.163543350000  0.132469125000  0.411462700000 21244.351   200.099     0.830082000     0.973457008  -52.69487
   0  7 0.9820611900000 0.6000000000000 0.0450000000000 0.6000000000000 0.0200000000000 0.9059935110703 0.3799736766311 23325.761500000  2563.461471126 13541.120000000   225.529300000    37.481277473    51.646452500    -841594  0.328337513179  0.328337513179  0.196473200000  0.081474687500  0.308529100000 20005.384   171.271     0.855395750     0.969398048  -51.29920
   0  7 0.9763188100000 0.6000000000000 0.0450000000000 0.6000000000000 0.0200000000000 0.7259592199038 0.3212498665378 24781.399000000  2440.583125461 12961.382000000   318.425500000     7.832435221    23.611075000    -689349  0.450037013974  0.450037013974  0.151096450000  0.098595750000  0.447505100000 19905.780   197.186     0.803282375     0.977041280  -56.59272
   0  7 0.9844311700000 0.6000000000000 0.0450000000000 0.6000000000000 0.0200000000000 0.5582757758690 0.2283473309368 21275.611000000  2813.960245082 14261.824000000   273.844000000     3.638791140    26.422877500    -454804  0.512120445681  0.512120445681  0.236863050000  0.106951125000  0.379750700000 18466.039   190.277     0.871809375     0.976979976  -51.19670
   0  7 0.9821482900000 0.6000000000000 0.0450000000000 0.6000000000000 0.0200000000000 0.8915441317292 0.3735817618225 24373.024000000  2338.129650314 12246.848000000   407.280200000    11.443771018    26.544265000    -312878  0.333176422859  0.333176422859  0.127483050000  0.078167812500  0.370109200000 19694.151   225.868     0.809745500     0.982292634  -53.33685
   0  6 0.9658446400000 0.6000000000000 0.0450000000000 0.6000000000000 0.0200000000000 0.7270722824614 0.3675782620328 23885.053000000  2401.733641911 12074.956000000   358.490400000    15.983521169    31.772995000    -734693  0.467976297821  0.467976297821  0.145830950000  0.057049937500  0.457864900000 19318.192   211.412     0.815626375     0.980423034  -56.47337
   0  7 0.9525120300000 0.6000000000000 0.0450000000000 0.6000000000000 0.0200000000000 0.7929731927654 0.4088383042095 19315.762000000  2696.240249201 12525.392000000   379.478500000     8.226227129    31.632010000    -947955  0.590555330649  0.590555330649  0.149499000000  0.051410375000  0.341502600000 16719.363   212.908     0.881901375     0.985088104  -54.17623
   0  9 0.9840366500000 0.6000000000000 0.0450000000000 0.6000000000000 0.0200000000000 0.7573774405448 0.2742189600056 24447.328000000  2336.283164671 12777.084000000   326.455300000     9.890650477    24.701320000    -768281  0.477789642264  0.477789642264  0.157118900000  0.064927750000  0.582903400000 19644.868   200.263     0.795192250     0.977816526  -57.02941
   0  7 0.9881946000000 0.6000000000000 0.0450000000000 0.6000000000000 0.0200000000000 0.5928571114985 0.2320476069600 24818.416000000  2314.065281246 12262.572000000   325.487300000     9.274638013    21.339097500    -836709  0.452237695575  0.452237695575  0.180602950000  0.138278437500  0.375118800000 19701.605   195.127     0.796300625     0.977351412  -53.91525
   0  7 0.9878793200000 0.6000000000000 0.0450000000000 0.6000000000000 0.0200000000000 0.5530132135449 0.2173001994754 20177.831500000  2699.356322875 13367.490000000   301.620700000     8.728659383    34.170032500    -742809  0.487468003405  0.487468003405  0.161790250000  0.069647875000  0.596971500000 18899.110   206.654     0.973480750     0.980133592  -54.93424
   0  7 0.9870784300000 0.6000000000000 0.0450000000000 0.6000000000000 0.0200000000000 0.5587834377851 0.2217164403258 21971.320000000  2199.989840462 10857.042000000   431.672600000    12.021529809    21.848242500     -54584  0.489128035584  0.489128035584  0.212777700000  0.061701500000  0.559830200000 19620.410   215.455     0.905621750     0.984893275  -51.24706
   0  6 0.9644457100000 0.6000000000000 0.0450000000000 0.6000000000000 0.0200000000000 0.7470882801061 0.3810268118435 20492.462500000  2460.319923947 11698.574000000   358.992100000     7.504672133    21.794097500    -962818  0.464631083037  0.464631083037  0.154458550000  0.205916187500  0.483786900000 18184.851   196.211     0.905821750     0.983234097  -50.46846
   0  8 0.9792111500000 0.6000000000000 0.0450000000000 0.6000000000000 0.0200000000000 0.8117944280815 0.3296092328280 23773.489000000  2368.106336623 12531.576000000   266.593300000    28.984459964    42.796832500    -815138  0.431159668872  0.431159668872  0.131957100000  0.067203437500  0.487534300000 21645.155   192.374     0.916634750     0.973655585  -55.57240
   0  9 0.9893457500000 0.6000000000000 0.0450000000000 0.6000000000000 0.0200000000000 0.8978546858948 0.3045061623715 21368.653000000  3006.247859028 15328.558000000   233.525100000    31.709705239    65.971932500     -74294  0.365492659881  0.365492659881  0.170277500000  0.072104687500  0.577424100000 19526.858   189.611     0.919233625     0.972798036  -53.40757
   0 10 0.9852285700000 0.6000000000000 0.0450000000000 0.6000000000000 0.0200000000000 0.8082493632531 0.2690749162449 21956.591500000  2276.385975096 11969.948000000   323.803000000    16.412733994    31.339867500    -549553  0.494576158816  0.494576158816  0.177861600000  0.151876187500  0.585071900000 19459.903   203.061     0.883763750     0.979898538  -52.88860
   0  6 0.9612108700000 0.6000000000000 0.0450000000000 0.6000000000000 0.0200000000000 0.9018601876327 0.4688770952412 26906.758000000  2651.298321898 14314.038000000   305.067000000     4.150510551    20.266305000    -568008  0.402869254344  0.402869254344  0.117615200000  0.110953500000  0.524652000000 22459.609   202.337     0.828046000     0.974117159  -54.42988
   0  6 0.9747988900000 0.6000000000000 0.0450000000000 0.6000000000000 0.0200000000000 0.6161293837464 0.2920962316171 25756.247500000  2425.064795313 12720.752000000   337.326500000     5.942501559    20.059117500    -680298  0.484081124555  0.484081124555  0.108532800000  0.084605437500  0.250379700000 22832.168   208.032     0.885695000     0.977490603  -54.14772
   0  6 0.9824517700000 0.6000000000000 0.0450000000000 0.6000000000000 0.0200000000000 0.5271874563190 0.2331990136073 25281.425500000  2746.965914846 14971.810000000   246.993400000     3.928157028    28.058667500      -9046  0.502513618939  0.502513618939  0.121763550000  0.067719812500  0.599736800000 20500.233   176.286     0.808305625     0.969707873  -52.93313
   0  6 0.9884400400000 0.6000000000000 0.0450000000000 0.6000000000000 0.0200000000000 0.7228928932049 0.2989840887608 27739.100500000  2402.321611373 13113.058000000   235.650600000    76.363004214    68.753932500    -957655  0.332511186219  0.332511186219  0.125824500000  0.056040812500  0.371631500000 22424.888   178.162     0.804082000     0.965029676  -52.48320
   0  7 0.9826775900000 0.6000000000000 0.0450000000000 0.6000000000000 0.0200000000000 0.6552469435761 0.2730748898194 20264.744500000  2624.208002463 12951.580000000   208.693400000    75.844171133    84.976177500    -894641  0.449350742144  0.449350742144  0.190271600000  0.059019625000  0.536250900000 17434.138   169.087     0.869611125     0.971258937  -50.64651
   0  6 0.9876551600000 0.6000000000000 0.0450000000000 0.6000000000000 0.0200000000000 0.7666741782568 0.3201531938561 26539.936000000  2331.228276306 12349.612000000   334.906200000    12.447862597    24.836780000    -686436  0.317623256820  0.317623256820  0.153400500000  0.053970375000  0.321098500000 21632.797   206.090     0.813762625     0.976470341  -55.82159
   0  8 0.9757990000000 0.6000000000000 0.0450000000000 0.6000000000000 0.0200000000000 0.8464056581590 0.3544523889633 22898.365000000  2455.354981941 12837.470000000   330.596100000     6.591022575    23.397387500    -617994  0.438102195230  0.438102195230  0.166331950000  0.054623437500  0.432535500000 18525.268   198.000     0.808801875     0.979571681  -56.67114
   0  7 0.9861162100000 0.6000000000000 0.0450000000000 0.6000000000000 0.0200000000000 0.4835346345257 0.1940496868450 25344.376000000  2243.904386654 11755.538000000   363.562700000    19.309072224    32.190035000     -96100  0.574626788442  0.574626788442  0.145644950000  0.062947000000  0.271981000000 18498.573   211.038     0.747744500     0.979322699  -53.38004
   0  7 0.9807798700000 0.6000000000000 0.0450000000000 0.6000000000000 0.0200000000000 0.9802383480324 0.4164029365824 21956.875000000  2690.468708168 13837.280000000   268.508500000    15.536309629    40.222897500    -376515  0.309970659979  0.309970659979  0.128652000000  0.079808375000  0.275291000000 18404.826   190.282     0.840149250     0.975822097  -56.54811
   0  9 0.9712292900000 0.6000000000000 0.0450000000000 0.6000000000000 0.0200000000000 0.9178047248611 0.3747605799086 20456.660500000  2816.848187913 13883.282000000   318.750100000     3.556279750    28.456370000    -410042  0.494250347783  0.494250347783  0.156637800000  0.089220937500  0.408277100000 18447.201   208.088     0.910568625     0.981107869  -55.09202
   0 10 0.9873740000000 0.6000000000000 0.0450000000000 0.6000000000000 0.0200000000000 0.7497322660825 0.2430158331649 20990.342500000  2297.988524936 11871.054000000   333.435700000    19.556867904    37.447787500    -177713  0.511954185117  0.511954185117  0.200834300000  0.058951750000  0.342109900000 17183.559   205.784     0.814918250     0.981311994  -53.10637
   0  7 0.9806590400000 0.6000000000000 0.0450000000000 0.6000000000000 0.0200000000000 0.8046517806471 0.3422177868923 22091.780500000  2241.496894139 11075.296000000   302.592500000    34.303520719    48.552517500    -703181  0.378363099630  0.378363099630  0.121718250000  0.077965062500  0.530160300000 18902.022   201.844     0.863867375     0.978415094  -54.19958
   0  6 0.9588627100000 0.6000000000000 0.0450000000000 0.6000000000000 0.0200000000000 0.7078650169877 0.3728532215976 23233.948000000  2551.162690665 12843.374000000   310.453900000    21.828452262    42.277872500    -805967  0.530319119747  0.530319119747  0.133366050000  0.066594000000  0.302481200000 18826.075   204.680     0.816522625     0.978049898  -56.64782
   0  8 0.9614448900000 0.6000000000000 0.0450000000000 0.6000000000000 0.0200000000000 0.7880435654177 0.3658931000779 27498.125500000  2268.168202046 12126.754000000   316.356900000    14.907974754    24.204200000    -690097  0.593964962947  0.593964962947  0.116757550000  0.088486937500  0.249301900000 21368.852   189.724     0.778270875     0.974490815  -52.49543
   0  9 0.9894387500000 0.6000000000000 0.0450000000000 0.6000000000000 0.0200000000000 0.8259573994028 0.2797715302775 23564.441500000  2299.746096318 12429.088000000   262.353000000    41.700602538    54.890700000    -671014  0.396618237666  0.396618237666  0.140517800000  0.078189437500  0.380738300000 20243.113   192.476     0.850229750     0.973297182  -56.46452
   0  6 0.9566953600000 0.6000000000000 0.0450000000000 0.6000000000000 0.0200000000000 0.9460758977945 0.5040612514141 23721.122500000  2689.951227183 13780.932000000   275.647200000    22.165787939    44.451927500    -183945  0.408797376429  0.408797376429  0.150754800000  0.077702062500  0.487099600000 19395.327   193.389     0.820082875     0.974771019  -56.49528
   0  6 0.9643329000000 0.6000000000000 0.0450000000000 0.6000000000000 0.0200000000000 0.7577397956959 0.3867278278643 24923.608000000  2508.730887488 12998.854000000   329.302900000     8.463698427    25.296915000    -131711  0.458835586751  0.458835586751  0.112638550000  0.058109437500  0.456101500000 20869.481   204.102     0.836774875     0.977771042  -57.59283
   0 10 0.9772865100000 0.6000000000000 0.0450000000000 0.6000000000000 0.0200000000000 0.8159608102084 0.2956840263372 22567.426000000  2076.781051991 10562.642000000   473.369300000    15.866332176    25.335005000    -738613  0.567646842801  0.567646842801  0.188705800000  0.178830625000  0.242741800000 18235.974   217.246     0.809390250     0.985929475  -48.91864
   0  8 0.9883296000000 0.6000000000000 0.0450000000000 0.6000000000000 0.0200000000000 0.7461222216162 0.2740285378487 21592.564000000  2441.018983154 12616.758000000   229.531400000    41.828630245    55.743435000    -490943  0.399906958703  0.399906958703  0.231945950000  0.090008437500  0.347162500000 18729.870   174.209     0.868582250     0.972054991  -49.53082
   0  8 0.9789872600000 0.6000000000000 0.0450000000000 0.6000000000000 0.0200000000000 0.7904758923634 0.3216355943595 21371.447500000  2420.815878182 12267.132000000   359.674400000     6.000475892    21.338545000    -481328  0.444481894583  0.444481894583  0.165312600000  0.102073187500  0.438911300000 19956.246   209.507     0.964881000     0.982448294  -53.88946
   0  6 0.9776712200000 0.6000000000000 0.0450000000000 0.6000000000000 0.0200000000000 0.7243897487865 0.3352161677343 22969.604500000  2536.786504546 12993.624000000   344.390200000    10.475205754    30.417875000    -945906  0.394093756090  0.394093756090  0.127688700000  0.102326937500  0.576972200000 18496.238   211.092     0.812057875     0.980311526  -55.78484
   0  6 0.9855065300000 0.6000000000000 0.0450000000000 0.6000000000000 0.0200000000000 0.4545224275926 0.1946082185548 22581.466000000  2372.644608272 11949.162000000   261.733600000    38.508603640    52.058910000    -910141  0.554939468586  0.554939468586  0.115942300000  0.104250562500  0.493244300000 18624.227   186.895     0.831853625     0.974419259  -55.08548
   0  6 0.9687597800000 0.6000000000000 0.0450000000000 0.6000000000000 0.0200000000000 0.6726650953732 0.3335715057011 21623.600500000  2793.518516394 13911.078000000   290.442100000     3.667248914    28.731677500    -850948  0.484954876589  0.484954876589  0.113332850000  0.086579125000  0.321996800000 19578.670   196.450     0.920119500     0.978103455  -56.03847
   0  7 0.9636409200000 0.6000000000000 0.0450000000000 0.6000000000000 0.0200000000000 0.8299726046467 0.4027468738139 28778.263000000  2349.302482007 12684.126000000   246.792500000    81.543013688    70.678842500     -23911  0.479249142326  0.479249142326  0.205865150000  0.120487875000  0.459665100000 22671.173   179.993     0.786775750     0.965758529  -49.45653
   0 10 0.9804848900000 0.6000000000000 0.0450000000000 0.6000000000000 0.0200000000000 0.8325450689122 0.2922606312928 25773.028000000  2403.307796071 13694.338000000   269.915100000    22.192234100    38.247450000    -129253  0.524589819693  0.524589819693  0.238157200000  0.072455687500  0.247611600000 22622.541   193.221     0.857804500     0.971772335  -51.78398
   0  7 0.9730240100000 0.6000000000000 0.0450000000000 0.6000000000000 0.0200000000000 0.8681281279199 0.3946755033950 23079.076000000  2621.331737098 13662.778000000   286.311200000     4.225921343    23.661840000    -268202  0.396585666188  0.396585666188  0.129679700000  0.139843437500  0.497462900000 20860.689   193.617     0.910528625     0.976254302  -55.25886
   0 10 0.9766895500000 0.6000000000000 0.0450000000000 0.6000000000000 0.0200000000000 0.9012140195794 0.3284168691593 24141.998500000  2693.338905265 14898.570000000   236.123300000    63.043994750    79.428850000    -106308  0.519575636006  0.519575636006  0.137912600000  0.084980375000  0.358654900000 20989.395   188.605     0.848688375     0.969832498  -53.97922
   0  9 0.9794573000000 0.6000000000000 0.0450000000000 0.6000000000000 0.0200000000000 0.7482291305060 0.2842750844774 23712.752500000  2441.501548945 13212.666000000   328.106300000    14.996796244    34.896407500    -611636  0.525119164201  0.525119164201  0.147583250000  0.050092312500  0.361094300000 18409.148   208.524     0.772525000     0.978646570  -54.87165
   0  7 0.9533511300000 0.6000000000000 0.0450000000000 0.6000000000000 0.0200000000000 0.9171199342235 0.4709236951936 23416.873000000  2416.555625585 12147.284000000   343.166200000    11.052591032    25.230485000    -549192  0.504502822685  0.504502822685  0.152147450000  0.067692375000  0.261588300000 20487.896   202.863     0.880319250     0.980006516  -56.31261
   0  8 0.9673395400000 0.6000000000000 0.0450000000000 0.6000000000000 0.0200000000000 0.7587901911236 0.3391975403142 22474.802500000  2548.690004548 13145.164000000   301.258300000    22.427335512    45.007840000    -197796  0.561597530953  0.561597530953  0.145472000000  0.069490250000  0.249823000000 19209.714   207.003     0.853267625     0.978069042  -56.05356
   0  9 0.9802586500000 0.6000000000000 0.0450000000000 0.6000000000000 0.0200000000000 0.7938465533679 0.2992165177543 20335.552000000  2096.198743690 10083.026000000   481.531600000    19.816503648    32.928077500    -942564  0.487928917934  0.487928917934  0.126141750000  0.201049625000  0.416754400000 17017.416   222.638     0.849353375     0.987517112  -44.96537
   0  6 0.9880675000000 0.6000000000000 0.0450000000000 0.6000000000000 0.0200000000000 0.5440382714278 0.2260469256616 23078.590000000  2568.382287071 13408.456000000   248.129200000    14.606644482    33.028145000    -689126  0.444563072099  0.444563072099  0.110682950000  0.128468625000  0.430300000000 20484.285   179.468     0.890513875     0.972375524  -53.96054
   0  6 0.9545585300000 0.6000000000000 0.0450000000000 0.6000000000000 0.0200000000000 0.8129615856156 0.4378240376132 22288.097500000  2496.332226571 12218.466000000   322.978500000    22.542285622    42.053135000    -427750  0.489774928677  0.489774928677  0.136366750000  0.056906750000  0.482522500000 18396.223   206.263     0.834040875     0.979776826  -56.68769
   0  7 0.9835044500000 0.6000000000000 0.0450000000000 0.6000000000000 0.0200000000000 0.5977693370620 0.2469641955610 22896.488500000  2537.218855338 13291.888000000   294.396200000    14.923459915    35.616120000    -860361  0.485795404352  0.485795404352  0.142772100000  0.065923562500  0.527280400000 19478.703   200.237     0.849970750     0.976968671  -57.76354
   0  7 0.9834213600000 0.6000000000000 0.0450000000000 0.6000000000000 0.0200000000000 0.7656263913987 0.3165929688119 25316.957500000  2416.588546838 13028.714000000   294.023300000    16.037160449    31.705590000     -22964  0.379817375316  0.379817375316  0.159694950000  0.113828375000  0.584812900000 21473.307   198.166     0.842062625     0.974502916  -55.35084
   0  8 0.9768875300000 0.6000000000000 0.0450000000000 0.6000000000000 0.0200000000000 0.8328632189213 0.3454708955783 23460.140500000  2589.404192611 13826.728000000   288.710200000     5.196910971    26.373672500     -20430  0.437149440597  0.437149440597  0.180257500000  0.089539250000  0.498438100000 20184.278   193.395     0.854089375     0.976021938  -55.64775
   0  6 0.9812033800000 0.6000000000000 0.0450000000000 0.6000000000000 0.0200000000000 0.4671303152685 0.2092167450977 20288.896000000  2683.843592932 13102.036000000   310.825500000     9.662998569    33.786012500    -915049  0.578432837063  0.578432837063  0.175140100000  0.053279625000  0.248098000000 19048.468   208.411     0.981792125     0.980695929  -54.74123
   0  6 0.9893124400000 0.6000000000000 0.0450000000000 0.6000000000000 0.0200000000000 0.6346468339342 0.2596147269232 23000.101000000  2389.171401733 12220.548000000   396.082200000     8.413528657    23.425857500    -168867  0.373280935121  0.373280935121  0.177901100000  0.089855000000  0.472830000000 19467.840   220.293     0.849600625     0.982738019  -54.48090
   0 12 0.9851069700000 0.6000000000000 0.0450000000000 0.6000000000000 0.0200000000000 0.9712773890902 0.2764002812245 21685.727500000  2628.199033540 13985.428000000   276.406500000    13.417268886    39.304610000    -584988  0.536125961038  0.536125961038  0.149473450000  0.063976875000  0.518655600000 19830.160   199.073     0.909350000     0.976743951  -56.70463
   0  9 0.9773260800000 0.6000000000000 0.0450000000000 0.6000000000000 0.0200000000000 0.6873607533778 0.2664989602313 24744.220000000  2505.154721541 13848.132000000   269.762600000    27.442364905    46.646002500    -977818  0.593589049052  0.593589049052  0.174549400000  0.074851812500  0.436606200000 18424.077   188.391     0.743647375     0.972927481  -53.25124
   0  7 0.9758070300000 0.6000000000000 0.0450000000000 0.6000000000000 0.0200000000000 0.8979969229572 0.3991153444299 21873.890500000  2620.280205121 13349.696000000   324.725700000     9.462878589    32.299365000    -503314  0.366816143409  0.366816143409  0.129831950000  0.050766625000  0.227558500000 19705.552   212.316     0.910971750     0.980132792  -56.90171
   0  6 0.9573277800000 0.6000000000000 0.0450000000000 0.6000000000000 0.0200000000000 0.7735084819854 0.4107683959320 23022.592000000  2654.694955925 13402.768000000   229.114800000    40.645607633    55.371310000    -279293  0.495684618217  0.495684618217  0.154459250000  0.050510937500  0.499397900000 20786.180   176.025     0.913156500     0.970537270  -53.62841
   0  8 0.9631554900000 0.6000000000000 0.0450000000000 0.6000000000000 0.0200000000000 0.8403977994355 0.3861392542983 23293.199500000  2353.321757542 12053.716000000   274.149200000    30.805442958    43.919512500    -993935  0.542124677508  0.542124677508  0.145203900000  0.073356312500  0.499230400000 20151.931   188.824     0.866317875     0.975053786  -55.77147
   0  6 0.9673511600000 0.6000000000000 0.0450000000000 0.6000000000000 0.0200000000000 0.8126882771931 0.4068566253580 20332.730500000  2882.821588221 13822.292000000   234.638900000    42.621746762    70.195665000    -383441  0.409691268993  0.409691268993  0.190108050000  0.053345437500  0.284545600000 18530.525   187.521     0.934579250     0.974525946  -53.66347
   0  9 0.9839310400000 0.6000000000000 0.0450000000000 0.6000000000000 0.0200000000000 0.7370976035745 0.2671939067013 21838.925500000  2378.496605827 12391.098000000   209.515700000   177.804771389   118.776405000    -549215  0.491877883722  0.491877883722  0.140857250000  0.053593687500  0.397204900000 19222.202   174.671     0.879409125     0.969124878  -54.29709
   0  7 0.9603049800000 0.6000000000000 0.0450000000000 0.6000000000000 0.0200000000000 0.7674916085823 0.3798713286813 26037.493000000  2526.180610800 13535.758000000   235.330500000   147.089555626   112.535137500    -119351  0.544711538801  0.544711538801  0.134345250000  0.059756812500  0.523152600000 21929.202   189.384     0.835938875     0.967538194  -52.55425
   0  6 0.9665178500000 0.6000000000000 0.0450000000000 0.6000000000000 0.0200000000000 0.8472603772655 0.4264887359908 24558.689500000  2737.900855866 14439.260000000   270.646700000    13.043434840    36.763045000    -902474  0.397726421570  0.397726421570  0.141051950000  0.073823062500  0.329794900000 20357.205   190.920     0.827059375     0.973332065  -56.53982
   0  8 0.9654002100000 0.6000000000000 0.0450000000000 0.6000000000000 0.0200000000000 0.8629312799848 0.3908283908161 23300.705500000  2688.655648867 14146.820000000   297.417800000    16.170994885    41.837367500    -839639  0.509440618145  0.509440618145  0.106449100000  0.057242000000  0.311523900000 19014.800   204.622     0.811617625     0.976983423  -54.56084
   0  6 0.9726314600000 0.6000000000000 0.0450000000000 0.6000000000000 0.0200000000000 0.8028364603855 0.3871339662778 22848.280000000  2450.848174971 12320.148000000   373.049500000    10.314870221    26.950255000    -239079  0.383786500459  0.383786500459  0.123819600000  0.171255500000  0.257017500000 19601.911   215.631     0.862978000     0.981960579  -54.28628
   0  7 0.9893123700000 0.6000000000000 0.0450000000000 0.6000000000000 0.0200000000000 0.4915302303071 0.1896727873971 21910.448500000  2488.635668597 12833.796000000   232.106300000    54.140002021    67.854657500    -278760  0.534984109090  0.534984109090  0.135343750000  0.095577812500  0.443625300000 20239.107   185.919     0.941726875     0.971938523  -54.63486
   0  7 0.9740221900000 0.6000000000000 0.0450000000000 0.6000000000000 0.0200000000000 0.8070632245211 0.3640187548537 19967.002000000  2444.983167211 11768.044000000   245.577800000    41.063098073    58.228970000    -826322  0.419915149007  0.419915149007  0.124473300000  0.088304187500  0.365884900000 18370.537   185.190     0.951472000     0.976038737  -52.01945
   0  6 0.9655516600000 0.6000000000000 0.0450000000000 0.6000000000000 0.0200000000000 0.8489509965766 0.4299955371638 23121.020500000  2474.196632412 12420.800000000   381.716200000     5.992799698    21.415797500    -898435  0.402477755186  0.402477755186  0.148309450000  0.191193437500  0.481608600000 20398.964   214.043     0.888969625     0.982203906  -53.84810
   0  8 0.9694390000000 0.6000000000000 0.0450000000000 0.6000000000000 0.0200000000000 0.8702659458891 0.3832822584927 22145.807500000  2674.990703393 13767.912000000   255.183500000    37.193008110    61.265672500    -951034  0.473288189880  0.473288189880  0.150223950000  0.083315312500  0.270012100000 19128.391   193.596     0.862332875     0.974470091  -55.55765
   0 11 0.9869190700000 0.6000000000000 0.0450000000000 0.6000000000000 0.0200000000000 0.8678246587169 0.2620813763701 22275.974500000  2599.543380494 14056.614000000   302.752200000     4.175142451    21.218652500    -595650  0.506355562785  0.506355562785  0.114453650000  0.054461250000  0.294918000000 20358.072   205.951     0.909580750     0.978164076  -57.04118
 
  COND2           1      512566  1.936690649168007E+044  2.871866133894356E+042
  1.482872928171619E-002         100
    512566   7647582    327642         0     11025         0         0         0         0         0   1611686     19776         0   2169723    512566
 PARAMETER FILE GP05B.PAR   
