  Aa Am            MSYL            MSYR           MORTJ           MORTA             K1+           PInit      ISEED   PTarget           CVADD              AR        PREG-MAX           GAMMA              P0   SSTILDA     LIKEL
   0  7 0.9811339400000 0.6000000000000 0.0450000000000 0.6000000000000 0.0450000000000 0.8852197029129 0.8852197029129 23839.747000000  2654.338346209 14213.814000000   181.790400000     3.574464000    27.273597500    -500391  0.341243467129  0.341243467129  0.119683850000  0.126841875000  0.332730200000 21615.472   164.593     0.909632875     0.961218807  -51.56063
   0  9 0.9784378800000 0.6000000000000 0.0450000000000 0.6000000000000 0.0450000000000 0.7117930865188 0.7117930865188 24452.174500000  2604.029431218 14395.642000000   175.526700000    37.503734892    97.383670000    -551474  0.562072578101  0.562072578101  0.115588250000  0.183113187500  0.434149900000 22374.666   158.799     0.912896000     0.958861510  -47.88676
   0 10 0.9849273900000 0.6000000000000 0.0450000000000 0.6000000000000 0.0450000000000 0.7884867614816 0.7884867614816 21606.064000000  2351.440077305 12329.220000000   187.876200000     5.964655015    32.375480000    -784603  0.509856404463  0.509856404463  0.191673400000  0.053645000000  0.526339700000 18629.889   168.235     0.855214375     0.965914868  -50.74117
   0  9 0.9784858200000 0.6000000000000 0.0450000000000 0.6000000000000 0.0450000000000 0.7218912925746 0.7218912925746 24107.560000000  2419.193786183 13150.838000000   197.992100000     7.332586393    38.983185000    -216601  0.553739924880  0.553739924880  0.129548500000  0.167072312500  0.534578700000 20224.385   176.376     0.827380125     0.964042466  -52.10441
   0 10 0.9739755900000 0.6000000000000 0.0450000000000 0.6000000000000 0.0450000000000 0.8947411764754 0.8947411764754 26566.058500000  2300.564708379 12995.120000000   195.298700000     5.906362766    28.314215000    -718030  0.549731031617  0.549731031617  0.141074750000  0.079002625000  0.229566100000 22527.404   172.050     0.827536750     0.959912856  -52.24701
   0  6 0.9743611800000 0.6000000000000 0.0450000000000 0.6000000000000 0.0450000000000 0.7867204216413 0.7867204216413 24925.835500000  2572.690282005 13611.048000000   189.257200000     3.886790362    27.664020000    -782937  0.381625772094  0.381625772094  0.104966750000  0.099874125000  0.504403600000 21280.332   168.319     0.850672875     0.961180819  -52.59606
   0  8 0.9700669600000 0.6000000000000 0.0450000000000 0.6000000000000 0.0450000000000 0.9397934038102 0.9397934038102 23976.097000000  2423.497415713 12793.618000000   181.589800000     4.408789218    20.635537500    -218698  0.433811114930  0.433811114930  0.173299800000  0.102013937500  0.267874600000 20969.316   161.595     0.871665375     0.961149609  -50.64355
   0  9 0.9881403100000 0.6000000000000 0.0450000000000 0.6000000000000 0.0450000000000 0.8671600677301 0.8671600677301 23561.282500000  2414.797858444 13174.944000000   191.125200000     9.520609952    46.063862500    -556002  0.387016689931  0.387016689931  0.136532050000  0.179556500000  0.572082900000 20395.189   171.659     0.855057875     0.963384443  -51.67267
   0  7 0.9889192800000 0.6000000000000 0.0450000000000 0.6000000000000 0.0450000000000 0.5421956717108 0.5421956717108 21050.336500000  2458.099064225 12400.998000000   197.947900000     5.148902499    30.136165000    -248694  0.488321247015  0.488321247015  0.171619950000  0.130690812500  0.283835900000 19125.576   181.314     0.923829375     0.968396763  -51.52926
   0  8 0.9657389900000 0.6000000000000 0.0450000000000 0.6000000000000 0.0450000000000 0.7537912731640 0.7537912731640 27719.431000000  2580.320086666 14607.392000000   189.693500000     4.374762001    33.937560000     -28899  0.580048716892  0.580048716892  0.142822850000  0.082423937500  0.380456200000 25235.466   170.935     0.904160375     0.957064684  -48.17097
   0 10 0.9793818300000 0.6000000000000 0.0450000000000 0.6000000000000 0.0450000000000 0.9435450100512 0.9435450100512 25061.240500000  2137.102188806 11552.924000000   201.577600000   106.318830792   141.432512500    -528920  0.472390936540  0.472390936540  0.159461250000  0.126613312500  0.238889900000 22600.059   183.428     0.900779000     0.963268090  -47.06142
   0 10 0.9875852000000 0.6000000000000 0.0450000000000 0.6000000000000 0.0450000000000 0.6928277452876 0.6928277452876 23365.451500000  2432.258119563 13394.034000000   192.558600000     4.119089545    21.831700000    -611219  0.551780835566  0.551780835566  0.118207300000  0.081337312500  0.342193500000 20009.467   172.143     0.840155250     0.963972894  -53.71176
   0  7 0.9665130700000 0.6000000000000 0.0450000000000 0.6000000000000 0.0450000000000 0.8500280604063 0.8500280604063 25476.244000000  2493.418716372 13300.044000000   211.402700000    14.656784204    59.717307500    -362218  0.448032041884  0.448032041884  0.122149150000  0.119844062500  0.306458200000 22567.444   192.184     0.883170250     0.964583050  -48.28631
   0  6 0.9762494400000 0.6000000000000 0.0450000000000 0.6000000000000 0.0450000000000 0.7978641191308 0.7978641191308 21614.177500000  2318.686883938 11220.770000000   194.661200000     7.348363006    25.839567500    -129737  0.365679154110  0.365679154110  0.147177250000  0.068727812500  0.339358600000 19138.276   175.560     0.899886750     0.967245193  -52.75818
   0  6 0.9626711600000 0.6000000000000 0.0450000000000 0.6000000000000 0.0450000000000 0.8496922321717 0.8496922321717 21679.477000000  2675.491720875 13226.114000000   190.440900000     3.469147610    27.743547500    -830796  0.418923336748  0.418923336748  0.104946550000  0.080602125000  0.418639300000 19101.907   172.124     0.890605375     0.966580867  -53.25323
   0  6 0.9551113200000 0.6000000000000 0.0450000000000 0.6000000000000 0.0450000000000 0.9204973461072 0.9204973461072 23502.598000000  2489.241332042 12442.118000000   205.019600000     5.245097137    27.630415000    -916867  0.429327090640  0.429327090640  0.165419300000  0.059152312500  0.466784500000 21318.563   186.316     0.919908625     0.966402117  -52.43650
   0  8 0.9778331700000 0.6000000000000 0.0450000000000 0.6000000000000 0.0450000000000 0.9137943843071 0.9137943843071 22556.936500000  2868.628597169 14999.792000000   191.380600000     5.058704304    53.536425000    -731492  0.392114372586  0.392114372586  0.175889800000  0.131313187500  0.476967600000 19461.591   172.500     0.857492125     0.965204271  -49.91929
   0  6 0.9726461400000 0.6000000000000 0.0450000000000 0.6000000000000 0.0450000000000 0.7315065349254 0.7315065349254 25401.899500000  2270.113076872 11420.752000000   185.921700000    10.552249949    28.945462500    -156534  0.421117717485  0.421117717485  0.130176950000  0.056462750000  0.296274500000 21964.960   164.526     0.867668000     0.959758493  -48.63821
   0 10 0.9862525100000 0.6000000000000 0.0450000000000 0.6000000000000 0.0450000000000 0.9683192922934 0.9683192922934 22326.910000000  2816.170990910 14993.280000000   186.420800000     3.036648357    47.248942500      -6471  0.404911856737  0.404911856737  0.121380650000  0.080751437500  0.441128000000 19519.789   167.963     0.859568500     0.964472508  -51.08509
   0  8 0.9562396400000 0.6000000000000 0.0450000000000 0.6000000000000 0.0450000000000 0.8610299523335 0.8610299523335 22716.452500000  2846.215741060 14613.696000000   183.072100000     3.046018576    36.433040000    -371510  0.589516602993  0.589516602993  0.129580950000  0.098497000000  0.481339600000 20962.122   166.971     0.938099000     0.963625354  -51.31686
   0  8 0.9836368100000 0.6000000000000 0.0450000000000 0.6000000000000 0.0450000000000 0.8302065854533 0.8302065854533 26055.394000000  2640.536578517 14978.780000000   197.989400000    10.845976008    58.008230000    -840920  0.390572414696  0.390572414696  0.111237700000  0.129571812500  0.407064800000 21267.123   175.280     0.803409750     0.961026223  -48.79053
   0  6 0.9549749700000 0.6000000000000 0.0450000000000 0.6000000000000 0.0450000000000 0.8268038430468 0.8268038430468 22425.581500000  2427.061583717 11805.454000000   196.836300000     7.374476537    30.476830000    -731367  0.478863988363  0.478863988363  0.149928550000  0.051579375000  0.589645500000 18609.795   174.831     0.839068750     0.966609757  -53.40274
   0  6 0.9710767100000 0.6000000000000 0.0450000000000 0.6000000000000 0.0450000000000 0.8465850427591 0.8465850427591 24911.107000000  2553.102457999 13416.862000000   185.295700000    20.195080732    65.973687500    -759065  0.372448480838  0.372448480838  0.135015550000  0.110505312500  0.517949900000 20758.095   164.035     0.831746375     0.960426996  -51.71340
   0  7 0.9810547300000 0.6000000000000 0.0450000000000 0.6000000000000 0.0450000000000 0.7610657952671 0.7610657952671 24199.778500000  2480.154523487 13197.704000000   189.712500000     8.467399555    39.785480000    -750154  0.397430515784  0.397430515784  0.104257550000  0.112929750000  0.200610700000 20264.939   168.608     0.834120375     0.962278673  -52.38422
   0  7 0.9867593200000 0.6000000000000 0.0450000000000 0.6000000000000 0.0450000000000 0.7579965574586 0.7579965574586 23567.573500000  2185.280806227 11017.672000000   216.234300000    11.034373340    35.467335000    -645124  0.362555332849  0.362555332849  0.157457800000  0.122575187500  0.471288700000 17525.586   189.684     0.763893125     0.967658058  -47.62954
   0 11 0.9861013000000 0.6000000000000 0.0450000000000 0.6000000000000 0.0450000000000 0.8496005593660 0.8496005593660 30837.283000000  2024.328751020 11928.334000000   199.546600000    16.936415932    41.931585000    -363667  0.525488799719  0.525488799719  0.263840750000  0.088118875000  0.414492500000 27871.646   177.953     0.892739750     0.954162690  -43.49764
   0  9 0.9668969200000 0.6000000000000 0.0450000000000 0.6000000000000 0.0450000000000 0.9388385254923 0.9388385254923 23070.112000000  2379.006707326 12424.494000000   199.561200000     6.069924392    31.333107500     -17484  0.520148444178  0.520148444178  0.151742800000  0.106316062500  0.227739400000 19661.797   178.090     0.846589875     0.966020848  -53.28241
   0  7 0.9769358000000 0.6000000000000 0.0450000000000 0.6000000000000 0.0450000000000 0.8644872379040 0.8644872379040 21661.144000000  2348.454537203 11665.038000000   188.950400000     8.383813598    32.918977500    -959981  0.374190553009  0.374190553009  0.161424650000  0.067940187500  0.506975600000 19223.504   170.721     0.898754250     0.966171003  -52.13117
   0  6 0.9683421000000 0.6000000000000 0.0450000000000 0.6000000000000 0.0450000000000 0.6478565189770 0.6478565189770 23922.677500000  2618.371794845 13578.802000000   179.646000000   140.932040665   134.024072500    -354279  0.506596252388  0.506596252388  0.118607800000  0.085178125000  0.403312200000 21384.033   162.131     0.897777500     0.960840477  -50.99632
   0  6 0.9843596700000 0.6000000000000 0.0450000000000 0.6000000000000 0.0450000000000 0.5712921081671 0.5712921081671 24168.377500000  2304.298228333 11715.692000000   196.565400000    12.728209297    40.885767500    -533624  0.449778605248  0.449778605248  0.149597450000  0.084664875000  0.355254800000 19414.883   173.480     0.810345250     0.963570918  -51.90326
   0  6 0.9753774700000 0.6000000000000 0.0450000000000 0.6000000000000 0.0450000000000 0.7878276422582 0.7878276422582 23905.613500000  2252.828566207 11118.254000000   211.504600000     8.028428838    24.793847500    -846739  0.375280276282  0.375280276282  0.136763600000  0.059190625000  0.523545800000 19741.014   187.279     0.833661125     0.966670926  -52.37679
   0  8 0.9740486000000 0.6000000000000 0.0450000000000 0.6000000000000 0.0450000000000 0.8697912729151 0.8697912729151 22887.470500000  2498.598390173 13072.744000000   177.213000000    26.778876942    82.523110000    -553289  0.438969012702  0.438969012702  0.126182900000  0.079823750000  0.599546100000 20618.991   160.234     0.905486750     0.961937873  -50.86064
   0  6 0.9745547500000 0.6000000000000 0.0450000000000 0.6000000000000 0.0450000000000 0.5542697989197 0.5542697989197 20368.532500000  3322.328745288 15490.900000000   176.677800000    29.695497611   117.284882500    -921618  0.540094201860  0.540094201860  0.148831150000  0.106426250000  0.587489300000 18990.987   162.461     0.967398750     0.966016883  -47.92985
   0 11 0.9866003800000 0.6000000000000 0.0450000000000 0.6000000000000 0.0450000000000 0.9229051009996 0.9229051009996 23104.348000000  2388.825367334 13181.196000000   189.829000000     4.221158857    26.955455000    -792406  0.479091104560  0.479091104560  0.117086700000  0.174820000000  0.328867700000 19337.865   168.324     0.816415000     0.963887207  -51.70234
   0  6 0.9593633000000 0.6000000000000 0.0450000000000 0.6000000000000 0.0450000000000 0.9540020489197 0.9540020489197 23197.660000000  2520.330376931 12645.048000000   192.872000000    15.234044869    57.479032500    -693086  0.390776608151  0.390776608151  0.152338550000  0.089251375000  0.291031000000 16774.217   167.510     0.747880375     0.964719606  -48.82299
   0  6 0.9645925400000 0.6000000000000 0.0450000000000 0.6000000000000 0.0450000000000 0.8921507544620 0.8921507544620 24937.567000000  2539.190226708 13216.418000000   200.829800000    17.259429718    63.489420000    -801533  0.388270242770  0.388270242770  0.150166550000  0.102166312500  0.307875000000 20717.400   179.183     0.830120125     0.963527806  -51.29843
   0  7 0.9510909400000 0.6000000000000 0.0450000000000 0.6000000000000 0.0450000000000 0.9437879145260 0.9437879145260 24958.154500000  2539.961148027 13264.534000000   202.270300000     3.890760307    27.399567500    -461202  0.506362079339  0.506362079339  0.101462700000  0.065120812500  0.429970300000 21375.728   180.487     0.853740250     0.963858956  -52.83054
   0  8 0.9681226700000 0.6000000000000 0.0450000000000 0.6000000000000 0.0450000000000 0.7095911541474 0.7095911541474 21999.602500000  2596.402821466 13282.568000000   198.353800000     3.617049375    29.351517500    -881367  0.592987608573  0.592987608573  0.119735900000  0.077896937500  0.521029900000 19283.641   179.335     0.878307625     0.967387257  -53.48363
   0  8 0.9868828300000 0.6000000000000 0.0450000000000 0.6000000000000 0.0450000000000 0.9637780588629 0.9637780588629 21821.740000000  2644.245541937 13797.760000000   205.392700000    12.024090883    69.190277500    -847733  0.317712140591  0.317712140591  0.133287650000  0.213075937500  0.377771200000 20776.095   191.827     0.998596625     0.968470578  -45.43248
   0  6 0.9694784000000 0.6000000000000 0.0450000000000 0.6000000000000 0.0450000000000 0.5806563850445 0.5806563850445 24334.765000000  2902.419592733 15359.104000000   178.343400000    32.067912416    97.405445000    -544360  0.555933858215  0.555933858215  0.144697650000  0.050592062500  0.404741300000 21685.015   160.554     0.890772625     0.959859153  -48.39720
   0  6 0.9883274200000 0.6000000000000 0.0450000000000 0.6000000000000 0.0450000000000 0.6571307093748 0.6571307093748 21713.983000000  2333.768640000 11547.824000000   205.145700000     6.441354481    25.418465000    -510357  0.366471518259  0.366471518259  0.110959000000  0.106074250000  0.200422700000 19909.189   187.982     0.937160625     0.968557393  -50.42793
   0  7 0.9577319200000 0.6000000000000 0.0450000000000 0.6000000000000 0.0450000000000 0.7428374396650 0.7428374396650 24516.637000000  2528.527947214 13194.556000000   215.765600000     3.893079767    27.463982500    -954693  0.584518904955  0.584518904955  0.133665800000  0.128540187500  0.268892100000 20272.151   192.380     0.825306000     0.966681456  -51.56840
   0  6 0.9742074400000 0.6000000000000 0.0450000000000 0.6000000000000 0.0450000000000 0.6172134850008 0.6172134850008 20692.640500000  2429.522642786 11705.990000000   195.190200000     5.904479596    27.407400000    -769670  0.487560195869  0.487560195869  0.172272850000  0.064663875000  0.412127400000 18564.670   177.386     0.916498875     0.968755165  -52.39409
   0  8 0.9779452600000 0.6000000000000 0.0450000000000 0.6000000000000 0.0450000000000 0.9711128156864 0.9711128156864 20580.482500000  2484.514861263 12379.376000000   180.161100000    33.346115475   101.681697500    -131477  0.368270076062  0.368270076062  0.169099250000  0.112128625000  0.434662700000 17810.870   162.420     0.872002375     0.966274205  -49.33203
   0  6 0.9776960000000 0.6000000000000 0.0450000000000 0.6000000000000 0.0450000000000 0.8597075017329 0.8597075017329 24834.994000000  2423.354288233 12602.948000000   208.060600000     4.865848514    24.611555000    -559810  0.331936903069  0.331936903069  0.108338950000  0.136285625000  0.201591800000 22370.698   188.809     0.904939625     0.964763823  -50.09331
   0  9 0.9834502400000 0.6000000000000 0.0450000000000 0.6000000000000 0.0450000000000 0.8282940503075 0.8282940503075 22617.713500000  2332.768295182 12301.096000000   192.765000000    24.435282814    82.863872500    -562153  0.441555722490  0.441555722490  0.147268700000  0.105326687500  0.429792800000 20951.901   177.050     0.942171875     0.965255285  -50.23801
   0  6 0.9868061000000 0.6000000000000 0.0450000000000 0.6000000000000 0.0450000000000 0.5574618774020 0.5574618774020 24457.858000000  2643.310667781 14202.048000000   188.538200000    11.137278956    53.143987500    -541781  0.442970232777  0.442970232777  0.195017900000  0.073856562500  0.497575200000 22562.411   172.353     0.931048625     0.961504637  -49.32937
   0  9 0.9757110000000 0.6000000000000 0.0450000000000 0.6000000000000 0.0450000000000 0.7255765948906 0.7255765948906 21556.654000000  2389.387052943 12231.374000000   197.881200000     6.490912084    34.453237500     -46465  0.578490695780  0.578490695780  0.150795300000  0.091925187500  0.329568100000 18551.061   177.899     0.859522750     0.967871879  -52.66887
   0 10 0.9789973400000 0.6000000000000 0.0450000000000 0.6000000000000 0.0450000000000 0.9016830959872 0.9016830959872 23665.502500000  2138.540510743 11285.824000000   194.530300000    55.003600382   116.644795000    -472110  0.497830582389  0.497830582389  0.163753400000  0.065747437500  0.288163700000 21251.923   176.614     0.900044125     0.964064339  -48.34830
   0 10 0.9866941800000 0.6000000000000 0.0450000000000 0.6000000000000 0.0450000000000 0.9078556847060 0.9078556847060 21057.343000000  2679.099472440 13871.850000000   188.047000000    24.545382549   101.671752500    -331905  0.428280133206  0.428280133206  0.170807800000  0.092781375000  0.285615000000 18085.307   169.654     0.849067000     0.966772770  -49.77912
   0  7 0.9739237000000 0.6000000000000 0.0450000000000 0.6000000000000 0.0450000000000 0.6176523046899 0.6176523046899 23011.076500000  2557.287175796 13276.792000000   192.163800000    48.200023322   120.772100000    -695366  0.549544365476  0.549544365476  0.122793850000  0.087759625000  0.252513500000 19218.200   172.139     0.835404875     0.964711506  -51.80130
   0  6 0.9626653800000 0.6000000000000 0.0450000000000 0.6000000000000 0.0450000000000 0.6967973084399 0.6967973084399 24187.939000000  2775.478440642 14498.060000000   184.797200000    13.251445493    61.351050000    -508602  0.510887318078  0.510887318078  0.115104400000  0.242632375000  0.258088500000 19823.073   163.307     0.819501875     0.961575394  -47.94094
   0  7 0.9663230700000 0.6000000000000 0.0450000000000 0.6000000000000 0.0450000000000 0.6387275522955 0.6387275522955 25453.591000000  2605.362509290 14049.508000000   188.576100000     5.090373373    35.145487500    -408651  0.597976229925  0.597976229925  0.171926750000  0.085523437500  0.561001000000 22658.996   169.553     0.886690375     0.960333583  -51.00453
   0  7 0.9827340500000 0.6000000000000 0.0450000000000 0.6000000000000 0.0450000000000 0.9414520846279 0.9414520846279 24642.754000000  2592.026546692 14071.068000000   195.041200000     3.751402044    32.641947500    -413961  0.312452003218  0.312452003218  0.132772750000  0.197779562500  0.236463300000 20767.512   173.908     0.836354875     0.962602069  -51.22521
   0  8 0.9769684200000 0.6000000000000 0.0450000000000 0.6000000000000 0.0450000000000 0.6294842060334 0.6294842060334 22393.141000000  2624.869477516 13706.706000000   190.849000000    85.656219589   143.943495000    -525059  0.577598728923  0.577598728923  0.113638450000  0.145548000000  0.368551400000 17771.211   169.377     0.794946625     0.965375190  -48.52934
   0 10 0.9868734900000 0.6000000000000 0.0450000000000 0.6000000000000 0.0450000000000 0.8850715187191 0.8850715187191 23861.320000000  2811.490175550 15600.156000000   200.041400000     3.434193296    52.260572500     -40913  0.437813297543  0.437813297543  0.160009450000  0.149168250000  0.369612500000 19872.261   178.942     0.810687125     0.964601611  -48.38335
   0  6 0.9571294000000 0.6000000000000 0.0450000000000 0.6000000000000 0.0450000000000 0.6521907557969 0.6521907557969 23195.419000000  2521.989355445 12621.938000000   195.632700000    27.195687389    86.502345000    -463418  0.589491698737  0.589491698737  0.151831600000  0.161501687500  0.376834600000 21167.985   179.138     0.927880250     0.965237133  -49.58217
   0  6 0.9732686500000 0.6000000000000 0.0450000000000 0.6000000000000 0.0450000000000 0.7110396465804 0.7110396465804 24292.955500000  2399.072901848 12251.222000000   222.810400000     4.891229425    23.147495000    -710639  0.429229272716  0.429229272716  0.157770150000  0.113970437500  0.202333900000 18631.517   195.790     0.779663875     0.967878672  -49.71172
   0  7 0.9635633100000 0.6000000000000 0.0450000000000 0.6000000000000 0.0450000000000 0.7688341083972 0.7688341083972 25685.858500000  2370.370115059 12394.686000000   199.391300000     5.654780601    24.350515000    -794207  0.517963440337  0.517963440337  0.171558450000  0.076718250000  0.237999200000 21817.456   176.498     0.846839250     0.962173303  -52.71949
   0  8 0.9569224300000 0.6000000000000 0.0450000000000 0.6000000000000 0.0450000000000 0.9273040499590 0.9273040499590 20182.286500000  2387.479243365 11410.852000000   207.162400000     7.156702884    34.008410000    -419366  0.541644230397  0.541644230397  0.126105750000  0.064670375000  0.217551900000 15553.085   183.342     0.788532250     0.971437475  -46.93303
   0 10 0.9842618300000 0.6000000000000 0.0450000000000 0.6000000000000 0.0450000000000 0.9727073774864 0.9727073774864 23174.264500000  2294.394796124 12390.018000000   197.409500000    12.363859030    52.170710000    -330483  0.418498205991  0.418498205991  0.139279000000  0.073071312500  0.359458800000 19525.678   176.554     0.830107375     0.965220800  -52.12944
   0  6 0.9644588300000 0.6000000000000 0.0450000000000 0.6000000000000 0.0450000000000 0.6345197328071 0.6345197328071 21300.140500000  2661.115742312 13060.636000000   192.839000000     7.752992939    45.563102500    -296389  0.546957997947  0.546957997947  0.124511750000  0.130780000000  0.396222000000 20064.361   178.395     0.985163375     0.967558052  -49.82130
   0  6 0.9800315700000 0.6000000000000 0.0450000000000 0.6000000000000 0.0450000000000 0.7513956371341 0.7513956371341 25021.861000000  2500.324954366 13235.250000000   194.856400000    14.951412659    55.491040000    -600736  0.366275271460  0.366275271460  0.142673600000  0.191620375000  0.274920400000 23580.343   179.680     0.966756125     0.962047861  -46.33068
   0  6 0.9676359600000 0.6000000000000 0.0450000000000 0.6000000000000 0.0450000000000 0.9123151335932 0.9123151335932 21214.969000000  2701.088396711 13291.422000000   189.962200000    10.626513028    56.584762500    -348863  0.363451121164  0.363451121164  0.177250650000  0.110552062500  0.522004400000 18097.361   171.232     0.861503250     0.967166438  -50.67398
   0  7 0.9636238500000 0.6000000000000 0.0450000000000 0.6000000000000 0.0450000000000 0.6937521237277 0.6937521237277 22242.724000000  2576.927759259 13021.636000000   183.779500000     3.769801414    26.623662500    -483548  0.573498407849  0.573498407849  0.104288650000  0.096287000000  0.343705100000 18414.706   162.684     0.831733250     0.964460717  -51.41301
   0  7 0.9541633900000 0.6000000000000 0.0450000000000 0.6000000000000 0.0450000000000 0.8011540448611 0.8011540448611 21037.174000000  2627.166716967 12808.866000000   199.016600000    14.284306584    67.952677500    -870786  0.570814019193  0.570814019193  0.157525900000  0.176146687500  0.286162500000 17875.211   180.203     0.857644625     0.969024435  -49.26060
   0 10 0.9893991900000 0.6000000000000 0.0450000000000 0.6000000000000 0.0450000000000 0.7717744276598 0.7717744276598 21171.809500000  2689.881907575 14019.708000000   190.111400000     6.383262647    54.978450000    -982577  0.478457705282  0.478457705282  0.208714300000  0.103935687500  0.329249300000 19527.896   174.587     0.931643000     0.966892734  -49.08519
   0  6 0.9678048000000 0.6000000000000 0.0450000000000 0.6000000000000 0.0450000000000 0.8080915509117 0.8080915509117 24801.635500000  2431.520143157 12484.850000000   202.554400000    45.335171810   112.334125000    -338455  0.409324656665  0.409324656665  0.111635300000  0.141872375000  0.400729000000 21412.136   182.853     0.863825625     0.963999741  -49.31799
   0  7 0.9801865300000 0.6000000000000 0.0450000000000 0.6000000000000 0.0450000000000 0.8561984517363 0.8561984517363 21317.636500000  2460.451920376 12339.794000000   189.703900000     9.318546560    43.243122500    -145394  0.358357748027  0.358357748027  0.117242900000  0.134429875000  0.226453400000 17234.079   168.724     0.817748250     0.966785330  -50.69630
   0  7 0.9734561500000 0.6000000000000 0.0450000000000 0.6000000000000 0.0450000000000 0.6123351944419 0.6123351944419 26994.521500000  2507.389734879 13818.280000000   196.038200000    15.596125364    56.749147500    -966061  0.558431465628  0.558431465628  0.178517900000  0.103894187500  0.538592600000 23164.312   174.897     0.848006125     0.959428849  -49.23934
   0  7 0.9795566000000 0.6000000000000 0.0450000000000 0.6000000000000 0.0450000000000 0.9155702887532 0.9155702887532 25728.721000000  2380.051200321 12758.178000000   193.576700000    22.201917148    67.084212500    -216692  0.338597180359  0.338597180359  0.136635100000  0.088330125000  0.438816400000 19979.449   169.081     0.779916000     0.960727564  -50.52474
   0  6 0.9825039100000 0.6000000000000 0.0450000000000 0.6000000000000 0.0450000000000 0.5421496033198 0.5421496033198 22192.288000000  2455.683952140 12371.178000000   181.035300000    60.109803558   120.611907500    -514028  0.488240585400  0.488240585400  0.128239300000  0.074869812500  0.562183600000 17514.525   159.451     0.801782250     0.963720152  -49.36888
   0  7 0.9816927900000 0.6000000000000 0.0450000000000 0.6000000000000 0.0450000000000 0.5137482745091 0.5137482745091 24385.781500000  2495.515282822 13355.404000000   185.622500000    43.898224428   105.426120000    -675176  0.582572176166  0.582572176166  0.124847300000  0.148437312500  0.310202100000 22873.597   170.546     0.958435375     0.961137409  -47.84793
   0  7 0.9762868700000 0.6000000000000 0.0450000000000 0.6000000000000 0.0450000000000 0.6535460668164 0.6535460668164 25861.264000000  2431.695046010 13105.952000000   193.175500000    27.338369288    78.741930000     -87571  0.500157647352  0.500157647352  0.247656900000  0.143670750000  0.410871700000 22324.136   173.004     0.856763000     0.960506924  -45.72398
   0  8 0.9859835900000 0.6000000000000 0.0450000000000 0.6000000000000 0.0450000000000 0.5915223894189 0.5915223894189 26708.227000000  2346.239031735 13092.372000000   184.851200000     5.075746178    22.700685000    -682931  0.525991025810  0.525991025810  0.128180200000  0.230564250000  0.384305400000 23384.643   164.112     0.863700875     0.957147432  -47.92579
   0  8 0.9866917100000 0.6000000000000 0.0450000000000 0.6000000000000 0.0450000000000 0.8040504370499 0.8040504370499 22493.162500000  2436.447590822 12809.336000000   186.933900000   186.831463254   145.670837500     -87430  0.382124911664  0.382124911664  0.153370750000  0.190842562500  0.516585900000 19745.523   169.096     0.876951250     0.964295849  -49.60723
   0  6 0.9717187600000 0.6000000000000 0.0450000000000 0.6000000000000 0.0450000000000 0.7761179059960 0.7761179059960 21371.258500000  2637.693368427 13064.308000000   197.347900000     3.574753916    25.125770000    -421907  0.402422688887  0.402422688887  0.123370300000  0.077327687500  0.541519100000 19065.177   179.621     0.904697750     0.968115761  -53.63098
   0  7 0.9711945300000 0.6000000000000 0.0450000000000 0.6000000000000 0.0450000000000 0.8730500603232 0.8730500603232 22533.946000000  2570.936043702 13185.086000000   197.659200000     4.161972861    31.776245000    -485417  0.405830399767  0.405830399767  0.110816400000  0.063423375000  0.594919000000 19731.730   178.595     0.878773000     0.966440846  -53.70101
   0  9 0.9856865000000 0.6000000000000 0.0450000000000 0.6000000000000 0.0450000000000 0.8323936402520 0.8323936402520 20228.443000000  2617.323377346 13162.938000000   191.564300000     7.533357079    52.678002500     -35727  0.421839515781  0.421839515781  0.132611900000  0.244925125000  0.407796200000 19036.512   177.355     0.980340875     0.968687445  -46.33442
   0  7 0.9772987300000 0.6000000000000 0.0450000000000 0.6000000000000 0.0450000000000 0.9413564966984 0.9413564966984 23031.286000000  2328.479458537 11830.120000000   217.313400000     5.296334071    22.203175000    -858848  0.341629570580  0.341629570580  0.147857300000  0.122014687500  0.427734300000 19609.371   194.895     0.854692500     0.968720299  -51.71760
   0  6 0.9544217100000 0.6000000000000 0.0450000000000 0.6000000000000 0.0450000000000 0.8163239827420 0.8163239827420 20592.227500000  2495.455396626 11796.032000000   193.631000000    65.105167625   138.641542500    -857160  0.488661968604  0.488661968604  0.169598150000  0.070794062500  0.587296400000 17341.313   175.021     0.856111500     0.968834914  -48.34321
   0  7 0.9817938100000 0.6000000000000 0.0450000000000 0.6000000000000 0.0450000000000 0.6877469686480 0.6877469686480 23930.588500000  2947.893251855 15839.266000000   202.815800000     2.842520428    43.648560000    -164312  0.434454325412  0.434454325412  0.124984950000  0.255949812500  0.308163600000 20753.454   183.644     0.860871750     0.965093845  -46.51042
   0  8 0.9784045400000 0.6000000000000 0.0450000000000 0.6000000000000 0.0450000000000 0.6802581568785 0.6802581568785 22384.352500000  2486.170961069 12934.264000000   197.570900000     6.688987772    38.737452500    -338292  0.521646711689  0.521646711689  0.110103600000  0.116851687500  0.573846400000 17688.898   174.897     0.793667375     0.966542896  -50.69020
   0  6 0.9729936700000 0.6000000000000 0.0450000000000 0.6000000000000 0.0450000000000 0.6566647741476 0.6566647741476 25111.406500000  2563.075979668 13559.968000000   195.761300000     7.534123013    38.724225000    -983092  0.466686525852  0.466686525852  0.144966200000  0.138844125000  0.569230300000 20366.032   172.775     0.811142375     0.962212891  -51.95875
   0  8 0.9659328400000 0.6000000000000 0.0450000000000 0.6000000000000 0.0450000000000 0.8190980596722 0.8190980596722 25663.435000000  2563.253150203 14040.706000000   198.228800000    62.874341480   128.439435000    -372018  0.532146339430  0.532146339430  0.193556950000  0.080399812500  0.306614500000 22156.081   178.300     0.852697750     0.961958606  -47.96356
   0  9 0.9696890800000 0.6000000000000 0.0450000000000 0.6000000000000 0.0450000000000 0.9075535482995 0.9075535482995 20378.738500000  2688.698691467 13288.006000000   182.780400000    14.798475186    74.931630000     -19426  0.513181391870  0.513181391870  0.133955300000  0.103735562500  0.427163400000 17555.114   164.638     0.861886875     0.967198271  -50.11226
   0  6 0.9794137200000 0.6000000000000 0.0450000000000 0.6000000000000 0.0450000000000 0.7401692771408 0.7401692771408 26286.082000000  2526.825181910 13652.302000000   210.034800000     8.206713127    40.553650000    -851544  0.375431024541  0.375431024541  0.144466600000  0.152879187500  0.288961900000 21810.972   187.266     0.824752750     0.963023568  -49.66105
   0  8 0.9686971900000 0.6000000000000 0.0450000000000 0.6000000000000 0.0450000000000 0.9011308095221 0.9011308095221 23479.931500000  2676.855810243 14190.848000000   200.633200000    16.462196926    77.264675000    -629802  0.462619613593  0.462619613593  0.143728250000  0.191810187500  0.464132300000 19400.502   179.718     0.820292500     0.965581509  -49.38491
   0  8 0.9864614500000 0.6000000000000 0.0450000000000 0.6000000000000 0.0450000000000 0.8779674449538 0.8779674449538 23212.888000000  2415.527518327 12856.940000000   210.788100000    20.940608932    82.771507500     -73075  0.351389235045  0.351389235045  0.152767350000  0.226542125000  0.230173400000 20229.031   192.084     0.867627625     0.967328198  -47.76933
   0  7 0.9753036200000 0.6000000000000 0.0450000000000 0.6000000000000 0.0450000000000 0.5546719678830 0.5546719678830 27264.926500000  2489.306606727 13769.738000000   195.422600000     4.600121651    28.765705000    -241388  0.598661894049  0.598661894049  0.138966100000  0.187318250000  0.365078600000 22505.598   171.715     0.816431125     0.958860562  -49.84310
   0  6 0.9729392900000 0.6000000000000 0.0450000000000 0.6000000000000 0.0450000000000 0.8827084459131 0.8827084459131 23366.059000000  2700.571213537 14011.548000000   176.176000000    91.318494802   128.579250000    -218602  0.347459758242  0.347459758242  0.187155900000  0.176526187500  0.443261100000 20814.450   158.736     0.894604000     0.960931338  -47.71506
   0  6 0.9723065700000 0.6000000000000 0.0450000000000 0.6000000000000 0.0450000000000 0.8790784965324 0.8790784965324 24526.627000000  2796.690658747 14877.396000000   205.578000000     3.199169327    36.083795000    -944116  0.352201065961  0.352201065961  0.157890550000  0.163311000000  0.526667200000 20814.589   184.837     0.844979375     0.964864983  -49.64271
   0  6 0.9663686100000 0.6000000000000 0.0450000000000 0.6000000000000 0.0450000000000 0.8475999487752 0.8475999487752 23007.350500000  2730.129465242 13971.308000000   192.707200000    10.765716926    56.957992500    -284170  0.398421583230  0.398421583230  0.208183100000  0.195599812500  0.462142500000 18347.989   170.713     0.804075375     0.964913877  -46.90877
   0  6 0.9625042900000 0.6000000000000 0.0450000000000 0.6000000000000 0.0450000000000 0.6085254678818 0.6085254678818 20742.604000000  2490.717591722 11916.860000000   187.369800000    37.358896359   107.180275000    -555950  0.586325386388  0.586325386388  0.183148550000  0.069024375000  0.434171500000 18777.535   171.465     0.927704625     0.967502397  -49.08456
   0  7 0.9802008700000 0.6000000000000 0.0450000000000 0.6000000000000 0.0450000000000 0.9591596779595 0.9591596779595 23383.690000000  2371.446474168 12256.442000000   193.420000000     5.011105707    23.027960000    -363454  0.319814429872  0.319814429872  0.141479850000  0.061046125000  0.520396000000 21590.213   176.252     0.939779250     0.964265958  -53.00319
   0  6 0.9722461200000 0.6000000000000 0.0450000000000 0.6000000000000 0.0450000000000 0.7388261203641 0.7388261203641 24245.098000000  2612.222477617 13682.216000000   206.093500000    20.781913162    80.092955000    -272997  0.419436907471  0.419436907471  0.133587450000  0.123719187500  0.400086900000 21641.802   188.139     0.894780875     0.965355988  -49.57638
   0  8 0.9789792000000 0.6000000000000 0.0450000000000 0.6000000000000 0.0450000000000 0.8956065944226 0.8956065944226 25068.490000000  2263.760110400 12019.550000000   202.379700000     6.100270156    23.120520000    -388244  0.392360330634  0.392360330634  0.133443250000  0.294083562500  0.384635700000 20631.991   178.163     0.819414250     0.963410678  -48.59814
   0  6 0.9817718100000 0.6000000000000 0.0450000000000 0.6000000000000 0.0450000000000 0.8181185422043 0.8181185422043 24203.977000000  2376.523528732 12219.772000000   196.132400000    10.411112114    38.019560000    -677383  0.327324174719  0.327324174719  0.168353700000  0.129851625000  0.471490000000 21097.059   176.425     0.873121125     0.963492473  -51.52726
   0  6 0.9840836100000 0.6000000000000 0.0450000000000 0.6000000000000 0.0450000000000 0.8264364072572 0.8264364072572 24299.840500000  2486.671499547 13071.172000000   203.861100000     5.081444423    29.380052500    -980551  0.312303443859  0.312303443859  0.216557400000  0.112459812500  0.330368600000 19850.880   181.128     0.818282125     0.964689540  -49.47048
   0  8 0.9892735800000 0.6000000000000 0.0450000000000 0.6000000000000 0.0450000000000 0.5182210234997 0.5182210234997 24431.033500000  2470.707906510 13580.754000000   188.646900000     9.884422058    46.439042500    -436114  0.566063848129  0.566063848129  0.128085600000  0.078412125000  0.359010400000 21488.066   169.806     0.871099750     0.961503064  -52.67943
 
  COND2           1      351626  5.610603923656313E+042  4.994590686151853E+040
  8.902055383187666E-003         100
    351626  11253444    482400         0     16294         0         0         0         0         0   1453650    124577         0   4418009    351626
 PARAMETER FILE GP05A.PAR   
