  Aa Am            MSYL            MSYR           MORTJ           MORTA             K1+           PInit      ISEED   PTarget           CVADD              AR        PREG-MAX           GAMMA              P0   SSTILDA     LIKEL
   0  6 0.9544364600000 0.6000000000000 0.0450000000000 0.6000000000000 0.0100000000000 0.7107567945560 0.2868206971155 23949.785500000  2681.069947777 13846.402000000   320.883400000   115.295705903   107.900150000    -412671  0.561129845502  0.561129845502  0.186623800000  0.075309250000  0.485073900000 21650.937   184.966     0.909563250     0.992709218  -54.94694
   0  6 0.9611773100000 0.6000000000000 0.0450000000000 0.6000000000000 0.0100000000000 0.7637453319879 0.2898894940137 23702.290000000  2581.280412960 13272.380000000   289.131600000   148.528592394   134.787335000    -872637  0.475947091727  0.475947091727  0.133161800000  0.052677500000  0.208291500000 19986.371   199.076     0.843391000     0.991981083  -56.13081
   0  9 0.9788075800000 0.6000000000000 0.0450000000000 0.6000000000000 0.0100000000000 0.6746784138720 0.1602609026531 21693.436000000  2625.289054163 13713.746000000   291.334400000   128.845771265   121.010877500    -367798  0.589122146936  0.589122146936  0.156631600000  0.069728687500  0.259914900000 19971.737   191.657     0.931098750     0.992668878  -56.40119
   0  9 0.9849387600000 0.6000000000000 0.0450000000000 0.6000000000000 0.0100000000000 0.7956345254444 0.1665048690309 20604.445000000  2913.999885427 14624.200000000   302.352500000   117.781304323   115.965350000    -367074  0.447404820211  0.447404820211  0.151750050000  0.050980625000  0.514012500000 17450.618   189.310     0.841789875     0.993267284  -55.56847
   0  8 0.9897794000000 0.6000000000000 0.0450000000000 0.6000000000000 0.0100000000000 0.5090605758329 0.1022966133385 20930.483500000  2571.391626763 13248.942000000   278.368900000   128.151310917   118.284972500    -814473  0.570997485180  0.570997485180  0.120929850000  0.052577187500  0.314942300000 18144.175   184.618     0.867602500     0.992546996  -57.55473
   0  9 0.9873938800000 0.6000000000000 0.0450000000000 0.6000000000000 0.0100000000000 0.5929853101849 0.1167814424444 22897.109500000  2832.871303982 15332.132000000   362.403700000   104.833124346   105.311882500    -465787  0.573836127165  0.573836127165  0.153876550000  0.065162625000  0.316177500000 19254.209   192.795     0.826752500     0.993747867  -56.06813
   0  6 0.9639799000000 0.6000000000000 0.0450000000000 0.6000000000000 0.0100000000000 0.9235810919532 0.3405565358615 22770.655000000  2905.888250135 14871.676000000   245.816500000   145.456105492   125.200712500    -879821  0.378338467004  0.378338467004  0.145356250000  0.075299937500  0.331053600000 21034.827   181.685     0.940006625     0.990932161  -55.45057
   0 10 0.9764711800000 0.6000000000000 0.0450000000000 0.6000000000000 0.0100000000000 0.9523961942377 0.2160557224131 22676.398000000  2560.717257599 13783.034000000   408.703700000   102.990018083   103.460195000    -938302  0.493612802796  0.493612802796  0.129518250000  0.106171187500  0.292478900000 20620.614   194.338     0.905448750     0.994543618  -56.05789
   0  7 0.9872624800000 0.6000000000000 0.0450000000000 0.6000000000000 0.0100000000000 0.7311510493835 0.1706366535000 24067.964500000  2268.594457565 11858.428000000   246.881600000   176.415384145   138.773265000    -947394  0.372637514474  0.372637514474  0.110596150000  0.108338125000  0.323279600000 20023.073   185.557     0.830997625     0.990353894  -54.20227
   0 11 0.9840263300000 0.6000000000000 0.0450000000000 0.6000000000000 0.0100000000000 0.8140469566292 0.1445716678244 25349.614000000  2414.704250730 14026.292000000   303.599900000   131.346828128   119.077550000    -458011  0.570859772802  0.570859772802  0.113638800000  0.110475000000  0.280304100000 23492.522   194.638     0.919064500     0.991755437  -52.38404
   0  7 0.9875322400000 0.6000000000000 0.0450000000000 0.6000000000000 0.0100000000000 0.7700313869941 0.1784754392901 22011.887500000  2257.097960268 11381.236000000   322.102200000   128.913601872   121.250337500     -32218  0.352184838060  0.352184838060  0.132372200000  0.083923562500  0.362432600000 19960.763   196.003     0.919172250     0.993236917  -53.96091
   0  6 0.9827567600000 0.6000000000000 0.0450000000000 0.6000000000000 0.0100000000000 0.8517788513236 0.2378133855811 27409.417000000  2417.882229779 13179.370000000   417.294400000   106.991053578   102.013880000    -960614  0.309513084577  0.309513084577  0.129096100000  0.070390187500  0.493015000000 23448.169   195.673     0.846201500     0.993519233  -55.06394
   0  6 0.9824098000000 0.6000000000000 0.0450000000000 0.6000000000000 0.0100000000000 0.5639193805468 0.1585629803144 26772.244000000  2262.016317033 11804.374000000   264.778100000   164.957376991   132.331700000    -163771  0.470094839667  0.470094839667  0.166867400000  0.070327937500  0.240851800000 21647.078   185.954     0.809230625     0.990025652  -54.42418
   0  8 0.9869478300000 0.6000000000000 0.0450000000000 0.6000000000000 0.0100000000000 0.7103335672494 0.1541300064066 25321.088500000  2459.787567840 13767.700000000   453.260500000    98.585408514    97.175410000    -865018  0.430571738672  0.430571738672  0.140105200000  0.089932187500  0.448523900000 19323.962   191.467     0.762099625     0.994473581  -55.32032
   0 10 0.9836719800000 0.6000000000000 0.0450000000000 0.6000000000000 0.0100000000000 0.7620897807705 0.1501109935268 22502.477500000  2289.376293104 12257.818000000   239.498700000   174.388325402   138.351642500    -967022  0.540098091090  0.540098091090  0.115481250000  0.054528375000  0.520826600000 19034.203   182.410     0.834161375     0.990724616  -57.25820
   0  6 0.9640822300000 0.6000000000000 0.0450000000000 0.6000000000000 0.0100000000000 0.9503798292082 0.3500525625146 22025.185000000  2822.579138398 14208.584000000   321.467300000   117.324067640   114.457577500    -992042  0.367136255996  0.367136255996  0.142784950000  0.076614437500  0.234665200000 17765.972   189.677     0.813358250     0.993292904  -55.87863
   0  9 0.9888233500000 0.6000000000000 0.0450000000000 0.6000000000000 0.0100000000000 0.5679765725195 0.1076090639261 26802.551500000  2544.722228723 14982.990000000   273.953600000   135.787643938   116.010427500    -483833  0.583424691937  0.583424691937  0.138386500000  0.064720312500  0.319107000000 22802.591   184.062     0.826950875     0.990308933  -55.28685
   0  6 0.9861937300000 0.6000000000000 0.0450000000000 0.6000000000000 0.0100000000000 0.5312049794381 0.1374250558555 25800.797500000  2217.470072377 11377.976000000   495.888900000   101.019169828    97.909845000    -398014  0.469546987318  0.469546987318  0.182888850000  0.060028812500  0.270159500000 19961.678   189.768     0.783590125     0.994855525  -54.48714
   0  8 0.9898143000000 0.6000000000000 0.0450000000000 0.6000000000000 0.0100000000000 0.8944403756245 0.1795570092901 23124.598000000  2548.894244817 13829.654000000   232.011400000   169.181144351   133.170557500     -54705  0.324771130182  0.324771130182  0.174422500000  0.098438000000  0.316714500000 20614.498   180.658     0.886583625     0.990120186  -54.83084
   0  6 0.9709711900000 0.6000000000000 0.0450000000000 0.6000000000000 0.0100000000000 0.9454456518829 0.3206731248940 21303.515500000  2645.436299324 13162.164000000   224.068600000   156.390267609   125.307605000    -450677  0.334023435348  0.334023435348  0.173818150000  0.083540875000  0.329727100000 19508.538   171.200     0.935326250     0.990671689  -53.38529
   0  6 0.9665850200000 0.6000000000000 0.0450000000000 0.6000000000000 0.0100000000000 0.6622147574355 0.2371834053253 22682.486500000  2766.076558601 14168.086000000   394.444400000    98.647018313    98.104162500    -621921  0.508373099361  0.508373099361  0.138242950000  0.094399250000  0.425281200000 18680.706   184.002     0.826355125     0.994366482  -55.67137
   0  9 0.9684015000000 0.6000000000000 0.0450000000000 0.6000000000000 0.0100000000000 0.9238146001031 0.2573385266921 23457.454000000  2351.488376875 12452.970000000   498.929200000   108.538524543   112.601762500    -648522  0.515316194794  0.515316194794  0.167183300000  0.164436312500  0.484524300000 19641.900   209.945     0.828894625     0.995391341  -51.39020
   0  6 0.9762011300000 0.6000000000000 0.0450000000000 0.6000000000000 0.0100000000000 0.6505309776326 0.2044795778742 23473.181500000  2561.433284922 13341.166000000   476.102200000    92.167952147    91.356675000     -75314  0.448829079732  0.448829079732  0.129959450000  0.063367687500  0.513650900000 18764.188   182.629     0.804230375     0.995152068  -56.12511
   0  7 0.9796919100000 0.6000000000000 0.0450000000000 0.6000000000000 0.0100000000000 0.7410058966334 0.2036100029988 21283.171000000  2415.902748699 12137.618000000   439.725400000    96.799114507    95.783337500    -350848  0.417437692495  0.417437692495  0.160022550000  0.069981875000  0.351586100000 17396.998   180.877     0.825158250     0.995232541  -53.94973
   0 10 0.9865227700000 0.6000000000000 0.0450000000000 0.6000000000000 0.0100000000000 0.8075722283876 0.1485587834790 24604.414000000  2262.784971597 12657.682000000   356.839100000   113.308296373   106.131337500    -799046  0.483030605850  0.483030605850  0.177159850000  0.070371562500  0.496872200000 22536.563   190.061     0.911647625     0.993180902  -55.07910
   0  8 0.9608832100000 0.6000000000000 0.0450000000000 0.6000000000000 0.0100000000000 0.9188986060201 0.3019945668334 20429.674000000  2854.879894415 13902.698000000   473.692600000    99.362046595   106.643472500    -193352  0.513897480035  0.513897480035  0.175230250000  0.079976437500  0.490089200000 18781.165   202.199     0.940779750     0.995781531  -54.40401
   0  6 0.9875285900000 0.6000000000000 0.0450000000000 0.6000000000000 0.0100000000000 0.4603827928339 0.1152390938375 24195.863500000  2448.797863589 12948.844000000   305.752700000   127.026430188   115.681072500    -791489  0.530042723876  0.530042723876  0.167756250000  0.072988250000  0.596527000000 20569.289   189.170     0.847490500     0.992168393  -56.83946
   0  8 0.9800627400000 0.6000000000000 0.0450000000000 0.6000000000000 0.0100000000000 0.9703596723345 0.2446909756718 26500.043500000  2368.618381893 13205.002000000   288.723600000   139.842176447   120.887735000    -523153  0.355488252535  0.355488252535  0.178149700000  0.105521562500  0.388213100000 21984.663   187.805     0.817422750     0.990957645  -53.76228
   0  8 0.9728362000000 0.6000000000000 0.0450000000000 0.6000000000000 0.0100000000000 0.7401366609282 0.2103575434785 21974.506000000  2589.510507474 13399.834000000   332.826400000   118.007718036   114.789857500    -970653  0.526340766310  0.526340766310  0.131793450000  0.111227812500  0.571913700000 20043.958   194.240     0.922089375     0.993517364  -55.26948
   0  8 0.9889429000000 0.6000000000000 0.0450000000000 0.6000000000000 0.0100000000000 0.9317923320981 0.1917548912980 24014.572000000  2285.061569061 12270.866000000   405.419000000   106.542458302   102.786600000    -290847  0.316704630221  0.316704630221  0.108660900000  0.064050625000  0.346816500000 19002.295   189.146     0.790816125     0.994132133  -56.46932
   0 10 0.9863260400000 0.6000000000000 0.0450000000000 0.6000000000000 0.0100000000000 0.6757929386033 0.1249400352422 25089.226000000  2270.638950882 12820.820000000   370.126900000   117.797042923   112.508975000    -919875  0.579376470599  0.579376470599  0.121993700000  0.051582562500  0.314378500000 22499.968   199.240     0.883244875     0.993297040  -56.48501
   0  7 0.9845898200000 0.6000000000000 0.0450000000000 0.6000000000000 0.0100000000000 0.8719219754175 0.2169060333381 23644.928500000  2434.599707890 12925.952000000   453.516500000    98.249422677    97.153570000    -659298  0.327024956416  0.327024956416  0.123173450000  0.093171500000  0.496205700000 19317.430   188.954     0.816029875     0.994850166  -56.88292
   0  6 0.9783955300000 0.6000000000000 0.0450000000000 0.6000000000000 0.0100000000000 0.5633067169890 0.1707375811586 23997.980500000  2450.532414974 12750.594000000   286.243100000   138.762770773   123.471810000    -165826  0.501158883360  0.501158883360  0.169539350000  0.113453562500  0.219983900000 19038.331   188.064     0.798971000     0.991747543  -54.34706
   0  7 0.9854378600000 0.6000000000000 0.0450000000000 0.6000000000000 0.0100000000000 0.6129385141416 0.1495462945160 22087.568500000  2412.943791057 12425.344000000   470.570200000   102.497686828   104.730067500    -652885  0.458572410261  0.458572410261  0.193645400000  0.084727750000  0.368953500000 20315.935   200.902     0.935022875     0.995361221  -54.07087
   0  6 0.9634947900000 0.6000000000000 0.0450000000000 0.6000000000000 0.0100000000000 0.6400577167573 0.2372362102139 20914.810000000  2541.984339925 12360.960000000   277.258100000   143.547924506   131.352215000    -403479  0.549696911208  0.549696911208  0.120795150000  0.083555812500  0.231855900000 18431.272   192.298     0.893726125     0.992616695  -55.45679
   0  8 0.9891931700000 0.6000000000000 0.0450000000000 0.6000000000000 0.0100000000000 0.8762220638717 0.1790584587853 22742.953000000  2684.357948015 14458.976000000   376.626100000   107.600188952   108.203115000    -509000  0.335272012852  0.335272012852  0.165241000000  0.054116500000  0.508499000000 18836.050   196.796     0.821707750     0.994016931  -56.66121
   0  6 0.9628030700000 0.6000000000000 0.0450000000000 0.6000000000000 0.0100000000000 0.8888359517468 0.3318448255996 22993.688500000  3038.896638511 15557.200000000   304.455200000   126.119223931   122.493755000    -501321  0.399729926616  0.399729926616  0.136712000000  0.066537812500  0.471718200000 19167.951   196.347     0.833319000     0.992609298  -54.62122
   0  7 0.9874426200000 0.6000000000000 0.0450000000000 0.6000000000000 0.0100000000000 0.7863040085962 0.1826669063740 26862.748000000  2246.873096541 12128.654000000   431.868600000   109.132797109   104.451412500      -4868  0.345428608019  0.345428608019  0.167085900000  0.070898187500  0.425474700000 19901.618   194.130     0.751285750     0.993844641  -54.84020
   0 10 0.9755159000000 0.6000000000000 0.0450000000000 0.6000000000000 0.0100000000000 0.9690687493727 0.2233968355832 22222.244500000  2555.922807479 13586.144000000   356.005300000   110.906321005   108.964005000    -547690  0.493616559001  0.493616559001  0.204577550000  0.060230437500  0.311205200000 18551.090   190.068     0.819321375     0.993864070  -55.06078
   0 11 0.9891798400000 0.6000000000000 0.0450000000000 0.6000000000000 0.0100000000000 0.8152454817550 0.1264917425892 22575.688000000  2740.392195441 14973.034000000   364.350400000   103.362293481   103.329057500    -199606  0.515762910456  0.515762910456  0.170475050000  0.132850562500  0.240928600000 20808.949   192.294     0.916299375     0.993860894  -52.90853
   0  6 0.9785862700000 0.6000000000000 0.0450000000000 0.6000000000000 0.0100000000000 0.5529156190105 0.1670350550590 23871.877000000  2321.866764138 11793.356000000   440.156100000   116.530380026   117.820937500    -671462  0.509073014897  0.509073014897  0.172396550000  0.118987250000  0.475010500000 18602.395   209.125     0.790332500     0.994660937  -51.47970
   0  9 0.9681728600000 0.6000000000000 0.0450000000000 0.6000000000000 0.0100000000000 0.8795380361983 0.2457237385392 22685.281000000  2420.553261596 12697.310000000   366.927400000   113.424062855   110.530082500    -815838  0.543361329349  0.543361329349  0.132566100000  0.050087625000  0.380249400000 18900.211   191.377     0.825691375     0.993940133  -58.52610
   0  6 0.9547191900000 0.6000000000000 0.0450000000000 0.6000000000000 0.0100000000000 0.7874343239808 0.3170139600737 24771.800500000  2356.925810075 11818.378000000   371.650900000   112.246397293   105.322055000    -145561  0.504553093995  0.504553093995  0.124282150000  0.057488625000  0.508430600000 20187.742   183.737     0.819652250     0.993488771  -56.24734
   0  6 0.9725129600000 0.6000000000000 0.0450000000000 0.6000000000000 0.0100000000000 0.5958985036669 0.1979068221120 22071.409000000  2756.575896921 14019.704000000   358.837500000   109.125837027   108.735757500    -468611  0.517978195904  0.517978195904  0.115925850000  0.109641875000  0.520559400000 19643.333   193.175     0.896549000     0.993961545  -55.65311
   0  6 0.9881440200000 0.6000000000000 0.0450000000000 0.6000000000000 0.0100000000000 0.7175656887243 0.1767759478265 21993.176500000  2259.182529869 11157.652000000   457.193300000   103.609380605   103.026937500    -309791  0.336628419813  0.336628419813  0.121008750000  0.068051500000  0.532945600000 18505.075   191.816     0.849578250     0.995237306  -55.72239
   0  9 0.9886628300000 0.6000000000000 0.0450000000000 0.6000000000000 0.0100000000000 0.6405780544664 0.1219092915278 22360.174000000  2621.376532644 14115.690000000   440.262600000    95.626628818    97.151392500    -642084  0.518848694609  0.518848694609  0.151921900000  0.119679375000  0.498238400000 18754.504   190.014     0.827990125     0.994969788  -54.81280
   0  6 0.9868678600000 0.6000000000000 0.0450000000000 0.6000000000000 0.0100000000000 0.5877940776080 0.1495921700859 24361.360000000  2582.108906019 13884.436000000   335.221600000   108.193709405   100.845375000    -935661  0.419686055878  0.419686055878  0.115184350000  0.052944562500  0.544256200000 19800.299   181.194     0.811999000     0.992811214  -56.80633
   0  7 0.9737235400000 0.6000000000000 0.0450000000000 0.6000000000000 0.0100000000000 0.8649965389565 0.2622107071805 25723.348000000  2562.032085543 14054.794000000   368.994100000   111.028301349   106.248760000    -189764  0.393648538082  0.393648538082  0.140559950000  0.081716500000  0.444602800000 23131.520   194.923     0.894476250     0.993152724  -55.50457
   0  7 0.9747935700000 0.6000000000000 0.0450000000000 0.6000000000000 0.0100000000000 0.6201185867256 0.1849777183867 22792.970500000  2490.993697338 12916.408000000   401.365500000   109.549295942   109.452090000    -729991  0.539850750432  0.539850750432  0.138699200000  0.082370187500  0.323255600000 20175.206   198.501     0.887586375     0.994419535  -57.18472
   0  9 0.9703328300000 0.6000000000000 0.0450000000000 0.6000000000000 0.0100000000000 0.8580503832950 0.2329803257800 23723.296000000  2436.063977898 13106.390000000   262.538300000   148.758133538   127.003260000    -691667  0.536852438965  0.536852438965  0.115738700000  0.058265312500  0.219019500000 20436.987   184.017     0.850562500     0.991136368  -58.16385
   0  9 0.9866946500000 0.6000000000000 0.0450000000000 0.6000000000000 0.0100000000000 0.6879499905153 0.1379444415743 27879.338500000  2133.948794302 11949.994000000   277.426400000   149.673371763   121.820907500    -176888  0.501045472866  0.501045472866  0.131818350000  0.050063562500  0.285934300000 21910.133   180.951     0.777919125     0.990060363  -54.24731
   0  8 0.9746600200000 0.6000000000000 0.0450000000000 0.6000000000000 0.0100000000000 0.6546426949999 0.1810365969697 23319.956500000  2829.604884861 15132.348000000   498.045600000    86.863957668    89.223050000    -197376  0.577327939293  0.577327939293  0.146516200000  0.134319250000  0.390626300000 20593.547   187.297     0.876302625     0.995399101  -53.56896
   0  9 0.9644531600000 0.6000000000000 0.0450000000000 0.6000000000000 0.0100000000000 0.9229803129778 0.2697223661340 22165.760500000  2702.771281750 14031.854000000   441.583100000   106.368148908   111.593320000    -258274  0.551260210492  0.551260210492  0.200056450000  0.082080250000  0.477095500000 18687.835   205.381     0.833491125     0.995085633  -53.01179
   0  6 0.9806085000000 0.6000000000000 0.0450000000000 0.6000000000000 0.0100000000000 0.7396648699303 0.2154246704376 22105.712500000  2496.272688296 12669.284000000   320.052600000   124.826333436   118.989670000     -16794  0.368737871552  0.368737871552  0.124706650000  0.060193312500  0.212972400000 18835.683   193.920     0.856613625     0.993193441  -58.05151
   0 10 0.9824023700000 0.6000000000000 0.0450000000000 0.6000000000000 0.0100000000000 0.7031528752798 0.1424176922401 24030.097000000  2222.980958616 12149.838000000   362.258400000   106.840287534    98.873405000    -168895  0.599412448970  0.599412448970  0.121161600000  0.137860875000  0.460177600000 20331.299   178.092     0.831518625     0.993456396  -52.91885
   0 11 0.9819655800000 0.6000000000000 0.0450000000000 0.6000000000000 0.0100000000000 0.9618772539108 0.1788897401708 25028.260000000  2198.360833695 12397.034000000   379.135900000   121.663611588   117.268600000    -650063  0.502603170674  0.502603170674  0.114447700000  0.081106937500  0.299915900000 22024.482   203.117     0.861388125     0.993489608  -54.58278
   0  6 0.9750589200000 0.6000000000000 0.0450000000000 0.6000000000000 0.0100000000000 0.7430535205010 0.2377596227111 20716.481500000  2854.860127462 14048.726000000   435.134800000   102.136502529   108.238280000    -400531  0.399818090046  0.399818090046  0.144055600000  0.088149000000  0.501896900000 18321.934   201.514     0.895103750     0.995321007  -55.28793
   0  9 0.9807647700000 0.6000000000000 0.0450000000000 0.6000000000000 0.0100000000000 0.8217111164487 0.1880761046808 24133.790500000  2639.398178994 14644.638000000   477.740300000    90.424107818    90.876162500    -308255  0.467139600517  0.467139600517  0.134559850000  0.052734937500  0.257352800000 20166.604   187.136     0.819201375     0.995021311  -56.92989
   0  8 0.9639427900000 0.6000000000000 0.0450000000000 0.6000000000000 0.0100000000000 0.7653165765753 0.2434868343976 22335.509500000  2467.469557762 12661.274000000   487.290700000   100.146178345   102.529687500    -646758  0.587919760539  0.587919760539  0.160434200000  0.059878000000  0.394475200000 19336.075   195.728     0.865593625     0.995513139  -57.70751
   0  8 0.9863214100000 0.6000000000000 0.0450000000000 0.6000000000000 0.0100000000000 0.7109430854795 0.1566903857139 23676.275500000  2514.765492237 13706.632000000   415.401200000    94.897718373    91.930332500    -806744  0.435023106898  0.435023106898  0.106148100000  0.079901187500  0.495272700000 21102.936   182.681     0.885598375     0.994363957  -55.33566
   0  6 0.9617285000000 0.6000000000000 0.0450000000000 0.6000000000000 0.0100000000000 0.6025581420905 0.2274511255154 20982.674500000  2928.412487281 14279.250000000   261.716200000   134.390017343   123.173655000    -616647  0.598624863561  0.598624863561  0.182012000000  0.059301437500  0.513787700000 19520.429   184.863     0.959881500     0.992156490  -55.08363
   0  6 0.9628263900000 0.6000000000000 0.0450000000000 0.6000000000000 0.0100000000000 0.5966874262122 0.2227178754625 19764.947500000  2768.145119024 13120.878000000   441.172800000   102.318171747   108.061740000    -670135  0.595248765125  0.595248765125  0.125312950000  0.054294500000  0.260683000000 17981.920   198.498     0.934481500     0.995615803  -55.69926
   0 11 0.9870150000000 0.6000000000000 0.0450000000000 0.6000000000000 0.0100000000000 0.7343094275498 0.1210519785500 20940.784000000  3095.198419121 15474.730000000   468.114100000    89.430704797    96.634317500    -326065  0.597308783126  0.597308783126  0.119013650000  0.050773437500  0.258082900000 19160.323   194.465     0.912260625     0.995574421  -55.21811
   0  6 0.9865652400000 0.6000000000000 0.0450000000000 0.6000000000000 0.0100000000000 0.7351354079277 0.1884842855952 26235.484000000  2407.144222576 12989.728000000   451.834100000   100.713740570    97.478115000     -31874  0.337237829237  0.337237829237  0.108095900000  0.092530937500  0.330422200000 22620.052   193.434     0.854831875     0.994257399  -54.49878
   0  7 0.9736778100000 0.6000000000000 0.0450000000000 0.6000000000000 0.0100000000000 0.8494148300129 0.2576611785988 24170.956000000  2330.470042273 12096.954000000   333.817000000   120.789738443   111.888095000    -414930  0.401159773372  0.401159773372  0.206511150000  0.057094625000  0.386271700000 21754.072   189.252     0.904511375     0.992888081  -54.34827
   0  6 0.9707432100000 0.6000000000000 0.0450000000000 0.6000000000000 0.0100000000000 0.7984720909403 0.2716427170387 23379.032500000  2425.669879526 12321.370000000   268.800800000   152.721554182   131.839650000    -142948  0.396839038939  0.396839038939  0.119853550000  0.081002562500  0.274528500000 19999.823   189.425     0.857883000     0.991467202  -56.72360
   0  8 0.9618614100000 0.6000000000000 0.0450000000000 0.6000000000000 0.0100000000000 0.8993242403887 0.2925969391177 25386.968500000  2759.740628490 15205.390000000   448.797200000    97.387645561    98.356070000    -775771  0.517066942814  0.517066942814  0.106431350000  0.077478937500  0.382487700000 21868.636   195.646     0.847859375     0.994465792  -55.63907
   0  7 0.9859245400000 0.6000000000000 0.0450000000000 0.6000000000000 0.0100000000000 0.8612667520224 0.2077342809186 22130.809000000  2561.809084820 13360.982000000   279.939400000   144.420442490   131.879755000    -395548  0.323663726938  0.323663726938  0.194338700000  0.056506812500  0.202559100000 19343.144   196.920     0.874838750     0.992184632  -54.25344
   0  9 0.9898963700000 0.6000000000000 0.0450000000000 0.6000000000000 0.0100000000000 0.6893515459776 0.1266316079966 22984.508500000  2228.297746985 11889.514000000   382.515500000   110.190987561   105.981122500     -20267  0.471163956009  0.471163956009  0.118652800000  0.065708562500  0.359082800000 18194.611   188.226     0.789765125     0.994043429  -56.19447
   0  7 0.9543793400000 0.6000000000000 0.0450000000000 0.6000000000000 0.0100000000000 0.8748431021408 0.3290036859096 24055.720000000  2586.341469714 13503.848000000   306.126100000   124.430517215   114.436485000    -726322  0.521107482552  0.521107482552  0.174634150000  0.067504187500  0.443550000000 20153.924   185.335     0.834794375     0.992324025  -56.68926
   0 12 0.9834914800000 0.6000000000000 0.0450000000000 0.6000000000000 0.0100000000000 0.9572240909248 0.1553929284067 22502.140000000  2455.417256342 13494.722000000   419.193900000   108.809152458   111.287950000    -451650  0.561534330824  0.561534330824  0.139555650000  0.087110375000  0.556708700000 19984.472   203.899     0.867673875     0.994701334  -56.21254
   0  8 0.9568796000000 0.6000000000000 0.0450000000000 0.6000000000000 0.0100000000000 0.9555412798515 0.3264035538080 24404.668000000  2662.025048930 14279.014000000   303.261300000   119.521720941   109.567237500    -611688  0.525986184384  0.525986184384  0.141605100000  0.089407500000  0.472336000000 21085.074   182.256     0.855075625     0.992135553  -56.24452
   0  7 0.9668700700000 0.6000000000000 0.0450000000000 0.6000000000000 0.0100000000000 0.8786624306186 0.2916362780287 21613.948000000  2463.610088330 12316.042000000   377.683200000   114.039389027   113.507472500    -447372  0.431076963145  0.431076963145  0.147680000000  0.086674750000  0.307115300000 18540.974   196.121     0.863304625     0.994393131  -56.20180
   0  6 0.9807456800000 0.6000000000000 0.0450000000000 0.6000000000000 0.0100000000000 0.6510107200082 0.1891142290754 20265.743500000  3048.048826602 14715.338000000   274.518700000   146.837794793   140.374735000     -46158  0.418051144391  0.418051144391  0.119821250000  0.095188062500  0.569008200000 16779.902   201.850     0.838211500     0.992724424  -48.50754
   0  9 0.9733256300000 0.6000000000000 0.0450000000000 0.6000000000000 0.0100000000000 0.9625518176927 0.2503827786297 24715.411000000  2399.085294358 13160.386000000   364.353200000   108.477134970   102.165687500    -173094  0.454548054219  0.454548054219  0.191814100000  0.060985812500  0.200104900000 21110.402   184.720     0.840239375     0.993338334  -55.40871
   0  9 0.9753313300000 0.6000000000000 0.0450000000000 0.6000000000000 0.0100000000000 0.7388010793389 0.1862723818410 24621.896500000  2566.205894367 14253.130000000   236.594800000   176.730870417   137.371312500    -908376  0.571917268411  0.571917268411  0.158477250000  0.054698500000  0.266467400000 22411.867   184.222     0.904233125     0.989771093  -56.08273
   0  9 0.9857222400000 0.6000000000000 0.0450000000000 0.6000000000000 0.0100000000000 0.7683327493290 0.1578188903686 21995.944000000  2574.220976570 13682.050000000   414.546500000   106.089988768   108.820842500    -808177  0.456711825310  0.456711825310  0.135394100000  0.084507562500  0.512185400000 19703.109   201.837     0.892767250     0.994755203  -56.61756
   0  6 0.9679474500000 0.6000000000000 0.0450000000000 0.6000000000000 0.0100000000000 0.6196642040574 0.2183913283186 24589.145500000  2436.285262400 12581.492000000   418.858900000   106.973118536   104.594640000    -263979  0.532688923604  0.532688923604  0.115538150000  0.064429625000  0.550624100000 21450.137   194.210     0.872079500     0.994246369  -57.28304
   0  9 0.9858868000000 0.6000000000000 0.0450000000000 0.6000000000000 0.0100000000000 0.6565082294487 0.1343109770741 24171.995500000  2557.904633647 14285.228000000   322.578500000   114.348090150   107.088982500    -193975  0.532894600711  0.532894600711  0.110713250000  0.064649375000  0.307373500000 20085.566   185.703     0.815265875     0.992592313  -56.98695
   0  7 0.9572880800000 0.6000000000000 0.0450000000000 0.6000000000000 0.0100000000000 0.8258416975590 0.3027634076004 24313.367500000  2594.721877480 13663.302000000   400.197300000   105.752607408   103.962060000    -224363  0.529193908684  0.529193908684  0.201697500000  0.060253687500  0.392572500000 19475.423   190.436     0.800488125     0.994062301  -55.48274
   0 11 0.9880831400000 0.6000000000000 0.0450000000000 0.6000000000000 0.0100000000000 0.8852968963139 0.1417527398532 23660.197000000  2648.845067273 14933.150000000   417.812700000   103.021482481   105.353450000    -225857  0.485240680705  0.485240680705  0.122997600000  0.068832437500  0.536106900000 22347.524   204.164     0.956542500     0.994393616  -53.92624
   0  7 0.9840074100000 0.6000000000000 0.0450000000000 0.6000000000000 0.0100000000000 0.5651347953205 0.1424159822831 21476.302000000  2773.594104168 14228.592000000   290.091800000   130.101957414   123.804317500    -297619  0.509527680141  0.509527680141  0.172877350000  0.078979312500  0.403493200000 19891.365   195.810     0.945423750     0.992690007  -54.53581
   0  8 0.9792035000000 0.6000000000000 0.0450000000000 0.6000000000000 0.0100000000000 0.7912114713673 0.2027223282893 22387.336000000  2670.366210900 14076.840000000   443.879000000   106.119669813   111.284667500    -635787  0.442433826915  0.442433826915  0.115567500000  0.053179125000  0.495933000000 19421.186   208.105     0.862883250     0.995033394  -55.83490
   0  6 0.9800338100000 0.6000000000000 0.0450000000000 0.6000000000000 0.0100000000000 0.5231712887507 0.1540098198584 20558.315500000  2664.265738204 13162.594000000   334.557700000   110.244074955   108.134475000    -824278  0.526038061450  0.526038061450  0.160759650000  0.050806562500  0.367119700000 16079.912   183.888     0.799157125     0.993946214  -54.62460
   0  7 0.9798082000000 0.6000000000000 0.0450000000000 0.6000000000000 0.0100000000000 0.7529465426803 0.2064489009299 22455.686500000  2489.516641570 12906.364000000   380.298500000   109.469175529   107.981335000    -749505  0.410036050961  0.410036050961  0.121520550000  0.058155250000  0.357758200000 19555.848   193.714     0.871937250     0.994183517  -58.71668
   0 10 0.9881295000000 0.6000000000000 0.0450000000000 0.6000000000000 0.0100000000000 0.6545795860030 0.1153963183703 24821.575000000  2582.664095112 14841.140000000   416.564100000    98.917631503    98.016575000    -617313  0.577994602298  0.577994602298  0.111253950000  0.079399250000  0.301401700000 20941.424   192.426     0.818708625     0.994100603  -56.10011
   0  9 0.9891893500000 0.6000000000000 0.0450000000000 0.6000000000000 0.0100000000000 0.7941795708902 0.1489159884075 22995.808000000  2638.035281348 14435.460000000   384.414000000   104.023577910   103.915715000    -956569  0.414413412620  0.414413412620  0.149125750000  0.087552625000  0.386061700000 19953.260   193.975     0.854761000     0.994072988  -56.71636
   0  8 0.9893526600000 0.6000000000000 0.0450000000000 0.6000000000000 0.0100000000000 0.6403396020999 0.1302654959352 27219.755500000  2324.502858937 13188.534000000   406.579700000   103.373447645    96.565905000    -395780  0.457455831442  0.457455831442  0.167682300000  0.062502312500  0.265503800000 21471.910   186.217     0.780464000     0.993365990  -55.15089
   0  7 0.9704417400000 0.6000000000000 0.0450000000000 0.6000000000000 0.0100000000000 0.6311019457314 0.2002963866188 25717.772500000  2685.248313891 14800.342000000   272.711000000   140.797472317   122.380752500    -503331  0.568038194872  0.568038194872  0.138195250000  0.106971062500  0.371671700000 21735.285   186.893     0.834766125     0.990749238  -54.57231
   0  8 0.9881549600000 0.6000000000000 0.0450000000000 0.6000000000000 0.0100000000000 0.8347295279287 0.1755181387434 22380.910000000  2779.314129993 14789.900000000   416.716700000    94.893896518    96.445622500    -808514  0.358579454727  0.358579454727  0.100086700000  0.050508500000  0.402873100000 19767.940   189.411     0.878543875     0.994682534  -56.35028
   0  6 0.9755553500000 0.6000000000000 0.0450000000000 0.6000000000000 0.0100000000000 0.8503968190445 0.2700325367095 23722.445500000  2668.751798958 14060.386000000   244.560300000   161.263244791   132.602360000    -869255  0.346731514498  0.346731514498  0.117737050000  0.054770937500  0.360315400000 22152.921   186.475     0.952756000     0.990464792  -55.22854
   0 11 0.9885022900000 0.6000000000000 0.0450000000000 0.6000000000000 0.0100000000000 0.7914163332455 0.1252298937365 24458.141500000  2306.587120528 13176.080000000   395.761900000   105.623353959   101.782772500    -681292  0.538378817496  0.538378817496  0.136162150000  0.175244500000  0.283506000000 20959.955   190.095     0.832366375     0.993879836  -53.04985
   0  6 0.9760861100000 0.6000000000000 0.0450000000000 0.6000000000000 0.0100000000000 0.9636779224754 0.3034640822752 23667.905500000  2884.778608637 15267.626000000   234.579000000   151.392793681   124.402090000    -307329  0.303513598563  0.303513598563  0.142397400000  0.071751000000  0.399691500000 21555.060   177.645     0.915891875     0.990079526  -55.16244
   0  7 0.9531364800000 0.6000000000000 0.0450000000000 0.6000000000000 0.0100000000000 0.8342352380527 0.3169909473842 22136.978500000  2819.348073541 14210.720000000   365.373300000   119.276181931   121.844275000    -861075  0.556340427433  0.556340427433  0.134309800000  0.071208000000  0.536182200000 19631.932   207.204     0.891366625     0.994082888  -54.55562
   0  7 0.9870470500000 0.6000000000000 0.0450000000000 0.6000000000000 0.0100000000000 0.7890043545870 0.1851437566422 23353.463500000  2314.666719539 12064.004000000   246.482900000   167.645311291   134.729095000    -940079  0.346593569230  0.346593569230  0.151411100000  0.064691437500  0.224658300000 19794.235   183.774     0.846727875     0.990626479  -56.90912
   0  7 0.9732609900000 0.6000000000000 0.0450000000000 0.6000000000000 0.0100000000000 0.6581470905682 0.2008642966786 25571.419000000  2423.304104959 13035.004000000   205.517400000   194.611690846   126.195635000    -881293  0.521164173141  0.521164173141  0.140244850000  0.057904437500  0.294737400000 22123.106   160.250     0.858441625     0.987781097  -50.39239
   0  8 0.9852591600000 0.6000000000000 0.0450000000000 0.6000000000000 0.0100000000000 0.8162606249307 0.1845451794927 23117.011000000  2244.228100173 11712.212000000   341.020300000   120.237138412   112.983085000    -763472  0.386085892332  0.386085892332  0.151358350000  0.063564187500  0.237922900000 18951.425   189.278     0.819536625     0.993301428  -56.81516
   0  7 0.9539030600000 0.6000000000000 0.0450000000000 0.6000000000000 0.0100000000000 0.8781591330569 0.3315734943503 26058.647500000  2515.385375529 13461.096000000   320.767300000   122.139106939   110.944912500    -487735  0.522717595652  0.522717595652  0.157483000000  0.075300250000  0.551855500000 21796.435   185.440     0.829806625     0.992065071  -56.30920
   0  7 0.9686454200000 0.6000000000000 0.0450000000000 0.6000000000000 0.0100000000000 0.6270822562438 0.2036794488151 25177.826500000  2295.432692831 11919.598000000   492.521700000   109.219392213   110.332287500    -453650  0.587795933790  0.587795933790  0.240758150000  0.082804625000  0.591610900000 18258.872   203.632     0.743729875     0.994988570  -50.26319
   0  6 0.9828654700000 0.6000000000000 0.0450000000000 0.6000000000000 0.0100000000000 0.7263643154330 0.2023443531834 20510.539000000  2462.059998110 12077.652000000   349.343400000   115.138953497   113.254460000    -585570  0.362325784934  0.362325784934  0.145193450000  0.094289187500  0.511193800000 18198.723   192.835     0.901334875     0.994206763  -55.13457
 
  COND2           1      909947  8.866277861786086E+044  7.449204048475653E+042
  8.401726366575921E-003         100
    909947  12559998    537888         0     17649         0         0         0         0         0   1631650         0         0   4542868    909947
 PARAMETER FILE GP13C.PAR   
