  Aa Am            MSYL            MSYR           MORTJ           MORTA             K1+           PInit      ISEED   PTarget           CVADD              AR        PREG-MAX           GAMMA              P0   SSTILDA     LIKEL
   0  8 0.9750953400000 0.6000000000000 0.0450000000000 0.6000000000000 0.0450000000000 0.7337929711697 0.7337929711697 22687.414000000  2570.870974966 13553.136000000   210.492400000    16.737201299    27.356862500    -184425  0.511324859797  0.511324859797  0.129063900000  0.071633875000  0.527604700000 19296.262   191.190     0.845490500     0.989407076  -59.12165
   0  6 0.9769817400000 0.6000000000000 0.0450000000000 0.6000000000000 0.0450000000000 0.8351470548852 0.8351470548852 26466.725500000  2456.870183564 13221.498000000   197.402500000    18.689543678    27.895972500    -825820  0.345466495052  0.345466495052  0.116649850000  0.090951312500  0.274103600000 23259.138   180.833     0.872535000     0.986811623  -54.84489
   0  7 0.9802280800000 0.6000000000000 0.0450000000000 0.6000000000000 0.0450000000000 0.5384065962166 0.5384065962166 25208.728000000  2587.829845744 14233.202000000   207.614900000    18.130760006    33.659750000    -331637  0.569487915208  0.569487915208  0.118417850000  0.061050937500  0.415495100000 21546.438   192.809     0.845335500     0.988036784  -55.18142
   0  8 0.9562396400000 0.6000000000000 0.0450000000000 0.6000000000000 0.0450000000000 0.8610299523335 0.8610299523335 22716.452500000  2827.746397010 14613.696000000   183.072100000    17.716980738    36.433040000    -371510  0.589516602993  0.589516602993  0.129580950000  0.098497000000  0.481339600000 20991.090   170.060     0.938099000     0.987875118  -54.41893
   0  8 0.9899483000000 0.6000000000000 0.0450000000000 0.6000000000000 0.0450000000000 0.5622754186676 0.5622754186676 25671.386500000  2623.889242881 15011.730000000   213.128800000    16.168740590    23.793335000    -555004  0.515375616256  0.515375616256  0.145558600000  0.053205750000  0.439538800000 22363.451   194.377     0.854889125     0.988059185  -57.55750
   0  7 0.9834827600000 0.6000000000000 0.0450000000000 0.6000000000000 0.0450000000000 0.7122623084339 0.7122623084339 21663.209500000  2392.462238841 12151.802000000   161.304700000    21.273966599    43.593700000    -882319  0.407854210174  0.407854210174  0.142241150000  0.124660375000  0.410755500000 20444.565   152.681     0.981592250     0.986743429  -49.02253
   0 10 0.9767984700000 0.6000000000000 0.0450000000000 0.6000000000000 0.0450000000000 0.8652579387154 0.8652579387154 24283.492000000  2697.923362963 15065.672000000   198.541000000    15.703596858    26.137657500    -606088  0.540093594173  0.540093594173  0.157484700000  0.133634187500  0.305099400000 21196.944   181.107     0.850286500     0.987969963  -54.95769
   0  8 0.9681226700000 0.6000000000000 0.0450000000000 0.6000000000000 0.0450000000000 0.7095911541474 0.7095911541474 21999.602500000  2580.432302565 13282.568000000   198.353800000    17.158267035    29.351517500    -881367  0.592987608573  0.592987608573  0.119735900000  0.077896937500  0.521029900000 19312.866   181.502     0.878307625     0.989129086  -58.36315
   0  6 0.9675042600000 0.6000000000000 0.0450000000000 0.6000000000000 0.0450000000000 0.6294294581823 0.6294294581823 20512.280500000  2559.646587140 12401.852000000   240.561000000    16.493707060    23.221660000    -832135  0.527802999862  0.527802999862  0.142993750000  0.057971312500  0.355369600000 18375.130   204.388     0.912837875     0.991644133  -53.92470
   0  7 0.9798941200000 0.6000000000000 0.0450000000000 0.6000000000000 0.0450000000000 0.6564690189937 0.6564690189937 21373.634500000  2525.338845969 12820.482000000   242.852500000    16.274938340    23.562975000     -20826  0.469635006315  0.469635006315  0.132098400000  0.064161750000  0.459597800000 17000.993   208.800     0.804423750     0.991330097  -55.93633
   0  7 0.9576681300000 0.6000000000000 0.0450000000000 0.6000000000000 0.0450000000000 0.8000515701386 0.8000515701386 24191.503000000  2677.194951108 14141.864000000   198.664300000    18.013773858    33.332475000     -17050  0.543225188758  0.543225188758  0.142912200000  0.063791750000  0.283490000000 20713.801   183.404     0.851230625     0.988097904  -57.94472
   0  6 0.9670772000000 0.6000000000000 0.0450000000000 0.6000000000000 0.0450000000000 0.6447637119224 0.6447637119224 20580.685000000  3145.581078406 15012.744000000   209.203800000    14.816429157    22.903810000    -417048  0.518440739272  0.518440739272  0.130374350000  0.185514812500  0.385953200000 18565.015   187.167     0.917518375     0.990360978  -50.79071
   0  8 0.9684832000000 0.6000000000000 0.0450000000000 0.6000000000000 0.0450000000000 0.7744565446469 0.7744565446469 19995.770500000  2800.872004813 13602.698000000   190.649300000    18.653280229    47.031842500     -22137  0.540158867569  0.540158867569  0.143857450000  0.085941000000  0.579322400000 17616.874   177.911     0.889161000     0.989718709  -51.48381
   0  6 0.9728376900000 0.6000000000000 0.0450000000000 0.6000000000000 0.0450000000000 0.9407487522772 0.9407487522772 21698.917000000  2525.255487619 12615.558000000   198.006900000    18.463185167    32.507950000    -361933  0.326517907526  0.326517907526  0.125361550000  0.058614125000  0.444101100000 18478.554   182.885     0.858075375     0.989240098  -58.77579
   0 11 0.9823608200000 0.6000000000000 0.0450000000000 0.6000000000000 0.0450000000000 0.9791164271899 0.9791164271899 22974.734500000  2270.010554835 12396.450000000   211.371800000    16.625041112    26.839430000    -685994  0.490034825614  0.490034825614  0.151929700000  0.061592250000  0.281612000000 20875.361   191.735     0.904093625     0.989278069  -57.84882
   0 10 0.9864904800000 0.6000000000000 0.0450000000000 0.6000000000000 0.0450000000000 0.9148319259172 0.9148319259172 21755.846500000  2678.648977237 14230.210000000   192.248500000    15.881609384    28.461017500    -776053  0.426658550952  0.426658550952  0.192911050000  0.092160937500  0.412814400000 19663.924   177.758     0.898697875     0.988808454  -55.13381
   0  6 0.9636549700000 0.6000000000000 0.0450000000000 0.6000000000000 0.0450000000000 0.7032319084882 0.7032319084882 25919.624500000  2749.208513524 14895.730000000   231.299100000    16.033114528    21.134640000    -692822  0.499181478913  0.499181478913  0.131982500000  0.145898375000  0.335302400000 20479.184   200.178     0.789135875     0.989031305  -53.76182
   0  8 0.9694161600000 0.6000000000000 0.0450000000000 0.6000000000000 0.0450000000000 0.8900168791208 0.8900168791208 22124.963500000  2518.953871098 12993.268000000   175.045400000    51.874635454   137.597545000    -109180  0.462957190401  0.462957190401  0.149905700000  0.210277500000  0.406207400000 19160.800   163.510     0.865129250     0.987605831  -48.85024
   0  9 0.9848247500000 0.6000000000000 0.0450000000000 0.6000000000000 0.0450000000000 0.6054642810611 0.6054642810611 23484.454000000  2627.927903145 14454.130000000   220.774500000    15.675379993    24.724622500    -560004  0.589154540146  0.589154540146  0.128365450000  0.083238250000  0.354258500000 19971.408   199.732     0.835602250     0.989491434  -57.68508
   0  6 0.9659226800000 0.6000000000000 0.0450000000000 0.6000000000000 0.0450000000000 0.6318012804483 0.6318012804483 23231.936500000  2633.507302978 13557.126000000   177.404800000    20.181024368    41.401575000    -481939  0.537941273210  0.537941273210  0.138642600000  0.111483687500  0.396394300000 19271.981   164.377     0.831102750     0.987173569  -54.82396
   0  7 0.9661765700000 0.6000000000000 0.0450000000000 0.6000000000000 0.0450000000000 0.8651219836485 0.8651219836485 25942.979500000  2320.763741937 12197.006000000   194.541500000    19.612781423    32.492902500    -674194  0.442477138599  0.442477138599  0.151275350000  0.054797937500  0.582986000000 19514.619   176.549     0.762038875     0.986937473  -56.47872
   0 10 0.9838643800000 0.6000000000000 0.0450000000000 0.6000000000000 0.0450000000000 0.9029838581783 0.9029838581783 23025.278500000  2647.670002744 14504.974000000   199.129500000    15.571204128    24.945102500    -547359  0.454185664332  0.454185664332  0.143274550000  0.078033750000  0.231664000000 20831.051   182.255     0.894826000     0.988583724  -57.94288
   0  9 0.9672997100000 0.6000000000000 0.0450000000000 0.6000000000000 0.0450000000000 0.8919760467405 0.8919760467405 23136.991000000  2629.956672979 14031.288000000   180.219300000    17.725105562    33.707135000    -575670  0.543764001050  0.543764001050  0.219783950000  0.085589187500  0.435774700000 18163.606   164.192     0.777804000     0.987420034  -51.16577
   0  6 0.9776616200000 0.6000000000000 0.0450000000000 0.6000000000000 0.0450000000000 0.6628298384297 0.6628298384297 22887.187000000  2730.415715898 14219.858000000   226.991000000    16.441445387    25.779020000    -569168  0.430758594718  0.430758594718  0.167138700000  0.064029625000  0.243853300000 18532.529   203.641     0.813387750     0.990078672  -56.95690
   0  6 0.9798229100000 0.6000000000000 0.0450000000000 0.6000000000000 0.0450000000000 0.8750419074084 0.8750419074084 22350.535000000  2784.612250851 14379.284000000   215.277000000    16.552214407    27.411527500     -35629  0.315546014867  0.315546014867  0.108798050000  0.071417500000  0.417214000000 19312.829   197.002     0.865748500     0.989772902  -57.74244
   0  6 0.9617601200000 0.6000000000000 0.0450000000000 0.6000000000000 0.0450000000000 0.6701521406308 0.6701521406308 22834.523500000  2633.698668579 13389.486000000   215.413100000    16.933063896    24.844222500    -255087  0.538006630370  0.538006630370  0.157459650000  0.096253937500  0.272068200000 19522.236   191.568     0.857008750     0.989629408  -56.90010
   0  8 0.9809711600000 0.6000000000000 0.0450000000000 0.6000000000000 0.0450000000000 0.6191928594415 0.6191928594415 22911.716500000  2634.774699295 14087.962000000   235.737600000    15.662700358    23.270410000    -172946  0.548468884337  0.548468884337  0.116225250000  0.054980062500  0.518330600000 19233.081   208.247     0.832643250     0.990420142  -57.96324
   0  9 0.9883050400000 0.6000000000000 0.0450000000000 0.6000000000000 0.0450000000000 0.8955907168252 0.8955907168252 21929.875000000  2382.090148319 12610.628000000   208.025800000    17.029088818    28.271867500    -477907  0.373586731268  0.373586731268  0.101075750000  0.076995562500  0.298242200000 18842.461   190.291     0.853066125     0.989561638  -57.59957
   0 10 0.9868833300000 0.6000000000000 0.0450000000000 0.6000000000000 0.0450000000000 0.9466608813072 0.9466608813072 22708.676500000  2653.247380286 14480.154000000   220.127400000    15.198340403    24.997135000    -598516  0.409252906289  0.409252906289  0.181434500000  0.075379687500  0.431087600000 19091.773   199.600     0.822187000     0.989795112  -55.67007
   0  8 0.9663934400000 0.6000000000000 0.0450000000000 0.6000000000000 0.0450000000000 0.7990351995475 0.7990351995475 23779.159000000  2499.960962174 13278.136000000   216.371800000    16.754290202    24.765247500    -542333  0.541492211316  0.541492211316  0.168719350000  0.054457250000  0.207876500000 20686.637   192.892     0.864418000     0.989234241  -58.32351
   0  7 0.9802576300000 0.6000000000000 0.0450000000000 0.6000000000000 0.0450000000000 0.6758969758450 0.6758969758450 23436.394000000  2501.478855482 13240.040000000   190.114900000    18.301654823    31.090137500    -531449  0.453423036877  0.453423036877  0.117054700000  0.114177375000  0.495138400000 20620.405   175.905     0.878152625     0.987853895  -56.72092
   0  8 0.9793492300000 0.6000000000000 0.0450000000000 0.6000000000000 0.0450000000000 0.8079537331908 0.8079537331908 26504.714500000  2310.916694404 12744.446000000   234.297000000    17.119422894    22.811087500    -184672  0.432189170221  0.432189170221  0.158374450000  0.108455687500  0.453590800000 22437.259   203.965     0.834969500     0.988859337  -55.11481
   0  7 0.9890107700000 0.6000000000000 0.0450000000000 0.6000000000000 0.0450000000000 0.5698809967829 0.5698809967829 26710.832500000  2414.968804507 13493.656000000   198.263000000    18.858940084    31.383645000    -112251  0.463859898150  0.463859898150  0.129894650000  0.136063562500  0.231823400000 19471.340   181.278     0.738955250     0.986653224  -52.24550
   0  8 0.9794791000000 0.6000000000000 0.0450000000000 0.6000000000000 0.0450000000000 0.6605067164961 0.6605067164961 26335.559500000  2596.976940000 14782.282000000   241.658000000    15.569397899    20.002632500    -170048  0.527496408503  0.527496408503  0.145727650000  0.068120625000  0.422671400000 22802.455   210.113     0.849459625     0.989266897  -55.93186
   0  7 0.9732090400000 0.6000000000000 0.0450000000000 0.6000000000000 0.0450000000000 0.9024868472419 0.9024868472419 20622.197500000  2605.654531952 12915.350000000   216.944400000    16.961452163    29.316352500    -814492  0.380375621780  0.380375621780  0.108864350000  0.078679500000  0.203422400000 18536.263   198.490     0.912840250     0.990665240  -56.12249
   0 12 0.9834239200000 0.6000000000000 0.0450000000000 0.6000000000000 0.0450000000000 0.9064520930659 0.9064520930659 20470.714000000  2415.025483672 12545.138000000   242.120400000    14.783116473    22.754472500    -844310  0.593772759919  0.593772759919  0.114051650000  0.074975375000  0.366919400000 17005.784   210.328     0.812994500     0.991654704  -53.70935
   0  8 0.9731423600000 0.6000000000000 0.0450000000000 0.6000000000000 0.0450000000000 0.9284937284581 0.9284937284581 26551.573000000  2679.400865600 15243.252000000   181.179600000    17.498542398    28.525237500    -713300  0.417445896798  0.417445896798  0.145033050000  0.081311312500  0.428616500000 24133.717   167.123     0.899998125     0.985609176  -52.58825
   0  7 0.9759078200000 0.6000000000000 0.0450000000000 0.6000000000000 0.0450000000000 0.5748141493632 0.5748141493632 24048.551500000  2476.606110306 13142.592000000   217.806900000    18.073537487    32.120257500    -472039  0.572130356201  0.572130356201  0.175213700000  0.068023687500  0.367811000000 19375.814   199.845     0.805395000     0.989144659  -54.76737
   0  6 0.9688566100000 0.6000000000000 0.0450000000000 0.6000000000000 0.0450000000000 0.5691172468033 0.5691172468033 25421.191000000  2565.555652147 13667.584000000   196.541000000    18.621595230    30.919285000    -491229  0.572381275187  0.572381275187  0.147187100000  0.081886312500  0.395206500000 21129.388   180.601     0.827166125     0.987319302  -57.62199
   0  6 0.9573048000000 0.6000000000000 0.0450000000000 0.6000000000000 0.0450000000000 0.7530935700852 0.7530935700852 23164.261000000  2426.819408878 12077.548000000   226.052100000    18.508131446    31.677965000     -29636  0.509282252446  0.509282252446  0.152632450000  0.103251000000  0.393023500000 19133.854   204.850     0.831620250     0.989984824  -55.43281
   0  9 0.9773091000000 0.6000000000000 0.0450000000000 0.6000000000000 0.0450000000000 0.7536857901069 0.7536857901069 22674.994000000  2245.244104858 11696.758000000   237.109200000    16.826813327    24.187852500    -395487  0.541514568899  0.541514568899  0.107879050000  0.063729000000  0.505476600000 18252.933   204.209     0.803252875     0.990591712  -55.72939
   0  7 0.9872228300000 0.6000000000000 0.0450000000000 0.6000000000000 0.0450000000000 0.4931556050993 0.4931556050993 22988.693500000  2658.615663330 14200.286000000   201.879800000    17.086103641    29.192170000    -533260  0.552847707958  0.552847707958  0.140184500000  0.056599375000  0.574323800000 19943.057   186.842     0.863700875     0.988732925  -58.98350
   0  6 0.9777547300000 0.6000000000000 0.0450000000000 0.6000000000000 0.0450000000000 0.6269459334980 0.6269459334980 20132.876500000  2704.892397332 13178.520000000   217.810300000    17.060801809    30.739690000    -797901  0.454761388565  0.454761388565  0.132695150000  0.141989250000  0.343565600000 17824.286   200.764     0.899531500     0.990904361  -53.59516
   0  6 0.9835089200000 0.6000000000000 0.0450000000000 0.6000000000000 0.0450000000000 0.5420883533559 0.5420883533559 23456.536000000  2698.748447959 14311.026000000   208.849900000    16.625876296    24.267250000    -901913  0.480529522198  0.480529522198  0.123530350000  0.105431000000  0.270571700000 20626.386   189.368     0.878163875     0.988913567  -57.27425
   0  6 0.9746621100000 0.6000000000000 0.0450000000000 0.6000000000000 0.0450000000000 0.7026368743433 0.7026368743433 23880.260500000  2623.190129627 13804.442000000   202.069400000    17.716170799    28.635770000    -945547  0.425359560621  0.425359560621  0.196152000000  0.060979562500  0.496808700000 18787.608   184.232     0.792165750     0.988387573  -56.32890
   0  8 0.9881842400000 0.6000000000000 0.0450000000000 0.6000000000000 0.0450000000000 0.7228138657407 0.7228138657407 22237.459000000  2930.677472089 15421.120000000   199.097500000    15.333074894    26.129305000    -136155  0.413881870400  0.413881870400  0.144428800000  0.085928125000  0.257094900000 21080.528   185.288     0.979434750     0.988941504  -54.92755
   0  6 0.9817692700000 0.6000000000000 0.0450000000000 0.6000000000000 0.0450000000000 0.6517109847492 0.6517109847492 22587.230500000  2525.404436123 12993.606000000   256.965200000    16.579165446    23.815077500    -440447  0.410919474286  0.410919474286  0.110720100000  0.097545500000  0.329176600000 19286.831   220.375     0.856223250     0.991332141  -56.06349
   0  9 0.9751047200000 0.6000000000000 0.0450000000000 0.6000000000000 0.0450000000000 0.8669290405521 0.8669290405521 23851.492000000  2538.670768840 13863.330000000   202.867100000    16.518559044    25.718667500    -469921  0.489321794325  0.489321794325  0.162973700000  0.096229500000  0.429199600000 21285.256   184.293     0.883460000     0.988444919  -57.01871
   0  6 0.9646017200000 0.6000000000000 0.0450000000000 0.6000000000000 0.0450000000000 0.6771534182242 0.6771534182242 21745.303000000  3048.785245824 15133.176000000   199.259800000    16.265211943    30.001810000    -126654  0.511479811512  0.511479811512  0.165859600000  0.059319062500  0.523045500000 18057.603   183.541     0.834632250     0.989315317  -56.30113
   0  7 0.9653262400000 0.6000000000000 0.0450000000000 0.6000000000000 0.0450000000000 0.7982733890919 0.7982733890919 23295.724000000  2473.010136078 12768.084000000   203.432200000    18.154119304    30.538092500    -460090  0.485763646412  0.485763646412  0.118725900000  0.066067875000  0.346613200000 18528.861   185.102     0.799644750     0.988785903  -58.28253
   0  8 0.9663351200000 0.6000000000000 0.0450000000000 0.6000000000000 0.0450000000000 0.8321870420044 0.8321870420044 22908.665500000  2450.402255327 12742.724000000   194.028000000    17.707724289    28.282365000    -424415  0.520407844410  0.520407844410  0.128207900000  0.060432750000  0.378767000000 20757.509   177.074     0.912934875     0.988434183  -57.14495
   0  6 0.9704294400000 0.6000000000000 0.0450000000000 0.6000000000000 0.0450000000000 0.5977089411457 0.5977089411457 26388.196000000  2694.816896880 14773.334000000   193.233600000    19.497998309    38.866412500    -721782  0.532588094586  0.532588094586  0.166939950000  0.056428625000  0.313475000000 21128.954   178.948     0.796987250     0.986604100  -53.17716
   0  7 0.9836527000000 0.6000000000000 0.0450000000000 0.6000000000000 0.0450000000000 0.6187798972826 0.6187798972826 19962.911500000  2433.280240739 11932.034000000   249.346700000    16.503509361    24.237285000    -709429  0.468135030361  0.468135030361  0.129920450000  0.063566500000  0.224837700000 18243.377   214.359     0.937243750     0.992096491  -53.82552
   0  6 0.9887934900000 0.6000000000000 0.0450000000000 0.6000000000000 0.0450000000000 0.6094895684711 0.6094895684711 22631.551000000  2321.936482266 11750.708000000   199.682600000    18.760767891    29.025835000     -23908  0.392068253751  0.392068253751  0.160714750000  0.068308500000  0.254271600000 18034.547   181.709     0.806858875     0.988773683  -56.27702
   0  6 0.9603183600000 0.6000000000000 0.0450000000000 0.6000000000000 0.0450000000000 0.8294015319714 0.8294015319714 23115.769000000  2783.865267305 14297.490000000   206.507000000    18.232805509    37.245345000    -737273  0.443557201174  0.443557201174  0.149554350000  0.072846125000  0.279501400000 17361.513   190.931     0.765373750     0.989052741  -52.06635
   0  7 0.9744386700000 0.6000000000000 0.0450000000000 0.6000000000000 0.0450000000000 0.6189873872139 0.6189873872139 27046.172500000  2348.119379397 12731.266000000   224.941200000    18.522795037    29.950460000    -456899  0.543897946758  0.543897946758  0.162887250000  0.071726125000  0.366278800000 21131.716   203.189     0.781111000     0.988186485  -54.69999
   0  7 0.9662334700000 0.6000000000000 0.0450000000000 0.6000000000000 0.0450000000000 0.6926410515827 0.6926410515827 25854.433000000  2869.062705259 15860.736000000   212.941200000    15.813545886    23.838900000    -221491  0.552184018671  0.552184018671  0.157018900000  0.063641312500  0.449895600000 22702.627   193.101     0.867399250     0.988106695  -56.02924
   0  6 0.9500872100000 0.6000000000000 0.0450000000000 0.6000000000000 0.0450000000000 0.8307102780634 0.8307102780634 24546.553000000  2477.546100026 12586.116000000   215.656300000    18.942107990    33.345215000    -656548  0.508920381097  0.508920381097  0.128113150000  0.071641375000  0.497706200000 19067.126   196.413     0.785584500     0.988888557  -56.72126
   0  9 0.9677490700000 0.6000000000000 0.0450000000000 0.6000000000000 0.0450000000000 0.9611242528063 0.9611242528063 25148.018500000  2231.666346888 11934.656000000   205.250300000    18.450723996    30.086862500    -223632  0.500821104891  0.500821104891  0.139992500000  0.056198437500  0.267131100000 21623.336   185.589     0.851460500     0.987992359  -57.54036
   0  9 0.9883120400000 0.6000000000000 0.0450000000000 0.6000000000000 0.0450000000000 0.7098915690897 0.7098915690897 23114.608000000  2660.074930784 14575.720000000   193.266100000    16.346604894    28.143460000    -881178  0.471251286919  0.471251286919  0.134148500000  0.110363000000  0.439382300000 19038.043   177.696     0.810891500     0.988157418  -55.92555
   0  7 0.9808836300000 0.6000000000000 0.0450000000000 0.6000000000000 0.0450000000000 0.9729709983048 0.9729709983048 21782.860000000  2472.287591829 12638.948000000   177.948500000    19.649201151    39.108472500    -604194  0.311752198200  0.311752198200  0.110245700000  0.114765625000  0.412539400000 19508.450   165.783     0.903412625     0.987934924  -54.21565
   0  6 0.9819280300000 0.6000000000000 0.0450000000000 0.6000000000000 0.0450000000000 0.6241203965087 0.6241203965087 24393.287500000  2310.962729441 11855.996000000   187.451300000    20.071351418    33.647855000    -586869  0.428008467048  0.428008467048  0.125291550000  0.214628250000  0.524764100000 20596.400   173.067     0.845006750     0.987166532  -50.91123
   0  6 0.9776118000000 0.6000000000000 0.0450000000000 0.6000000000000 0.0450000000000 0.7833772177218 0.7833772177218 25127.228500000  2668.760659132 14450.156000000   207.333200000    16.931872828    24.097827500    -383968  0.364752184412  0.364752184412  0.156347550000  0.085164437500  0.467447400000 21397.690   187.260     0.845287375     0.988075197  -56.81395
   0  8 0.9694767500000 0.6000000000000 0.0450000000000 0.6000000000000 0.0450000000000 0.9447165692925 0.9447165692925 26702.341000000  2330.466159190 12742.914000000   179.088200000    24.982326977    62.475647500    -203509  0.435721804146  0.435721804146  0.162130650000  0.228892812500  0.274343800000 19222.411   163.808     0.730520250     0.985378993  -46.35386
   0  6 0.9660044100000 0.6000000000000 0.0450000000000 0.6000000000000 0.0450000000000 0.5962343065787 0.5962343065787 25135.072000000  2634.053061866 14017.174000000   227.282600000    16.715293024    23.176062500    -829053  0.569362815589  0.569362815589  0.168568400000  0.089960000000  0.437228500000 22875.874   201.581     0.913150250     0.989167952  -55.19505
   0  6 0.9763218500000 0.6000000000000 0.0450000000000 0.6000000000000 0.0450000000000 0.6102063588851 0.6102063588851 24890.006500000  2880.053385919 15628.040000000   199.689800000    16.619636387    26.898677500    -256702  0.477609373994  0.477609373994  0.131691150000  0.062266187500  0.334605900000 22566.083   184.730     0.906112750     0.987743169  -56.50883
   0  8 0.9851983600000 0.6000000000000 0.0450000000000 0.6000000000000 0.0450000000000 0.7928280829113 0.7928280829113 23447.342500000  2704.466536755 14724.192000000   209.645100000    15.867974865    24.369852500    -237436  0.397923519178  0.397923519178  0.123262750000  0.065780375000  0.597345400000 21211.546   191.557     0.901772500     0.988948456  -58.29351
   0  7 0.9639383200000 0.6000000000000 0.0450000000000 0.6000000000000 0.0450000000000 0.7467738019433 0.7467738019433 23761.082500000  2544.467554087 13316.514000000   230.131800000    16.615129609    23.555077500     -48895  0.530264754745  0.530264754745  0.130660450000  0.095423562500  0.528699100000 19874.546   200.881     0.833965250     0.989892962  -57.88836
   0  6 0.9734874600000 0.6000000000000 0.0450000000000 0.6000000000000 0.0450000000000 0.5070333453826 0.5070333453826 21249.259000000  2597.324821947 12919.952000000   207.801200000    18.150923030    34.026252500    -170775  0.599961603513  0.599961603513  0.155560900000  0.080923875000  0.525171200000 18909.943   193.359     0.901039375     0.989957021  -56.02872
   0 11 0.9751991700000 0.6000000000000 0.0450000000000 0.6000000000000 0.0450000000000 0.9401277520806 0.9401277520806 24052.372000000  2144.077921942 11635.454000000   199.447000000    18.890957310    37.447950000    -780187  0.584476628988  0.584476628988  0.144400350000  0.082092812500  0.524397200000 19185.351   181.699     0.783507500     0.988147288  -54.72512
   0  6 0.9833424200000 0.6000000000000 0.0450000000000 0.6000000000000 0.0450000000000 0.8232359220924 0.8232359220924 25475.015500000  2539.282864724 13766.080000000   222.186200000    17.146390421    23.713157500    -430506  0.317265450513  0.317265450513  0.166071650000  0.089030812500  0.288196000000 21311.042   197.911     0.830840625     0.988683388  -56.67265
   0  8 0.9816684900000 0.6000000000000 0.0450000000000 0.6000000000000 0.0450000000000 0.5669924406706 0.5669924406706 23069.531500000  2580.695940278 13842.068000000   208.703200000    16.335779224    24.330137500    -550107  0.591798007239  0.591798007239  0.124991350000  0.064850562500  0.428465200000 20455.446   188.869     0.882469875     0.989100460  -58.98495
   0  7 0.9617505400000 0.6000000000000 0.0450000000000 0.6000000000000 0.0450000000000 0.8734495777234 0.8734495777234 21112.801000000  3229.944085191 15537.796000000   214.852000000    14.075775410    21.644077500     -55840  0.468464248110  0.468464248110  0.160128200000  0.052029062500  0.255085100000 19022.231   190.662     0.911230625     0.990386333  -54.64324
   0  6 0.9771295200000 0.6000000000000 0.0450000000000 0.6000000000000 0.0450000000000 0.4854043068111 0.4854043068111 25367.137000000  2781.145359583 15202.410000000   221.983100000    16.611460768    26.528372500    -297180  0.593036839494  0.593036839494  0.114966550000  0.059486125000  0.376538000000 19920.140   201.290     0.785897875     0.988758457  -54.78765
   0  6 0.9523388000000 0.6000000000000 0.0450000000000 0.6000000000000 0.0450000000000 0.7730087590589 0.7730087590589 23646.913000000  2481.424336313 12472.214000000   208.374400000    18.176113269    27.850960000    -368200  0.530727799658  0.530727799658  0.176356700000  0.108747375000  0.269265500000 20171.720   187.359     0.855475375     0.988918313  -55.54797
   0  7 0.9886166600000 0.6000000000000 0.0450000000000 0.6000000000000 0.0450000000000 0.5656663485507 0.5656663485507 24060.877000000  2182.875602556 11205.896000000   183.548100000    20.208194723    33.710970000    -523889  0.470524947474  0.470524947474  0.143725450000  0.079530625000  0.310921100000 17959.831   167.825     0.763138500     0.987017143  -52.99916
   0  8 0.9590657900000 0.6000000000000 0.0450000000000 0.6000000000000 0.0450000000000 0.8114658221363 0.8114658221363 23774.839000000  2452.222312096 12852.894000000   223.691800000    16.910219610    24.985467500    -961495  0.598712519749  0.598712519749  0.163352400000  0.092769250000  0.343332800000 17886.859   195.201     0.759478375     0.989608550  -55.86008
   0  7 0.9831291800000 0.6000000000000 0.0450000000000 0.6000000000000 0.0450000000000 0.5212852166137 0.5212852166137 24958.451500000  2574.290121103 14141.000000000   215.120700000    17.079932713    26.730652500    -507271  0.560583319310  0.560583319310  0.156954750000  0.060219375000  0.599946700000 22200.708   197.109     0.882986125     0.988550156  -57.42095
   0  7 0.9864648200000 0.6000000000000 0.0450000000000 0.6000000000000 0.0450000000000 0.4770621679311 0.4770621679311 23564.981500000  2531.271028538 13580.336000000   219.293900000    17.092131985    27.248865000    -929283  0.578967669153  0.578967669153  0.130150100000  0.095245500000  0.228587000000 19767.853   199.721     0.834648250     0.989373010  -57.80431
   0  9 0.9697075000000 0.6000000000000 0.0450000000000 0.6000000000000 0.0450000000000 0.9341254610068 0.9341254610068 24098.366500000  2535.588582884 13816.892000000   228.368000000    15.878049259    22.872480000    -209087  0.498426902815  0.498426902815  0.138545550000  0.055312812500  0.418541700000 21333.050   201.603     0.874714875     0.989651366  -58.89787
   0  9 0.9688484100000 0.6000000000000 0.0450000000000 0.6000000000000 0.0450000000000 0.8199064942052 0.8199064942052 22302.326500000  2392.518717756 12430.996000000   221.506100000    17.157074084    29.611615000    -642870  0.576231404870  0.576231404870  0.162355950000  0.090486500000  0.518586200000 20191.338   201.096     0.910969250     0.990128942  -55.39588
   0 12 0.9839982100000 0.6000000000000 0.0450000000000 0.6000000000000 0.0450000000000 0.9327688368073 0.9327688368073 20941.769500000  2767.675360590 14296.574000000   192.361500000    15.397603547    33.360652500    -535301  0.570556876507  0.570556876507  0.109420550000  0.144503812500  0.273542900000 19658.867   178.802     0.957642000     0.989250564  -51.21917
   0  8 0.9789176900000 0.6000000000000 0.0450000000000 0.6000000000000 0.0450000000000 0.6402783778240 0.6402783778240 24161.857000000  2441.697188877 13212.430000000   208.705000000    16.955495456    24.139200000    -845469  0.549400204544  0.549400204544  0.117839900000  0.056606375000  0.281243000000 21327.695   187.518     0.876426375     0.988601290  -58.17271
   0  8 0.9564617500000 0.6000000000000 0.0450000000000 0.6000000000000 0.0450000000000 0.8742093470968 0.8742093470968 22990.003000000  2503.634746422 12943.646000000   225.083200000    16.670427414    25.110267500    -361125  0.578643275213  0.578643275213  0.112825150000  0.063670000000  0.445547300000 20644.866   199.158     0.902602000     0.990019017  -58.02529
   0  6 0.9818613700000 0.6000000000000 0.0450000000000 0.6000000000000 0.0450000000000 0.7246665912000 0.7246665912000 23956.157500000  2469.719423974 12939.030000000   185.257900000    19.203080733    32.352535000    -577820  0.369012209249  0.369012209249  0.197076850000  0.072548562500  0.455581300000 21818.465   172.424     0.917185125     0.987247769  -54.50435
   0  6 0.9637825900000 0.6000000000000 0.0450000000000 0.6000000000000 0.0450000000000 0.7180751839943 0.7180751839943 22790.324500000  2457.329718353 12303.468000000   216.567100000    17.968491961    27.950117500    -320113  0.487979313586  0.487979313586  0.106740350000  0.076376375000  0.502880200000 19623.172   194.776     0.865609875     0.989699139  -57.83224
   0  6 0.9676969400000 0.6000000000000 0.0450000000000 0.6000000000000 0.0450000000000 0.5523060436709 0.5523060436709 23692.273000000  2377.530842209 11990.434000000   208.754800000    19.355734311    34.257197500    -486416  0.599829055077  0.599829055077  0.196203650000  0.050475750000  0.265105500000 20879.327   193.093     0.885870000     0.988877549  -55.01923
   0 12 0.9856646900000 0.6000000000000 0.0450000000000 0.6000000000000 0.0450000000000 0.9677421470230 0.9677421470230 26272.123000000  2044.673532325 11772.402000000   196.694600000    18.534271462    33.189117500    -766847  0.532208289729  0.532208289729  0.164156300000  0.096029562500  0.263517400000 18870.435   177.347     0.710863875     0.986797809  -52.72484
   0  6 0.9595632300000 0.6000000000000 0.0450000000000 0.6000000000000 0.0450000000000 0.7024052659037 0.7024052659037 27068.164000000  2416.722398543 12694.426000000   238.359200000    17.999615617    25.965375000    -415338  0.529280500335  0.529280500335  0.113327150000  0.056333437500  0.415545900000 20120.867   207.000     0.755434750     0.988895897  -54.92613
   0  6 0.9824593900000 0.6000000000000 0.0450000000000 0.6000000000000 0.0450000000000 0.8760440541128 0.8760440541128 23671.780000000  2438.424098034 12673.058000000   181.988200000    20.370844665    38.955982500      -6049  0.302366985383  0.302366985383  0.121205050000  0.099603500000  0.328631700000 20054.447   169.024     0.847175750     0.987168368  -56.12236
   0  6 0.9778663100000 0.6000000000000 0.0450000000000 0.6000000000000 0.0450000000000 0.6151346274550 0.6151346274550 23435.057500000  2796.454334397 14754.226000000   187.623600000    19.471771676    43.780672500    -494437  0.462697561430  0.462697561430  0.149118950000  0.085894625000  0.444266400000 18377.722   173.965     0.790160500     0.987708409  -52.30307
   0 11 0.9890848900000 0.6000000000000 0.0450000000000 0.6000000000000 0.0450000000000 0.9314044397606 0.9314044397606 26852.758000000  2305.918466228 13781.282000000   195.674900000    17.190881007    27.817615000    -267277  0.452280050310  0.452280050310  0.154472200000  0.066736937500  0.583415400000 21595.560   178.234     0.775488625     0.986404115  -56.48023
   0  6 0.9675027200000 0.6000000000000 0.0450000000000 0.6000000000000 0.0450000000000 0.9150743014669 0.9150743014669 24893.678500000  2341.437042182 11920.248000000   219.313000000    19.016913108    31.119745000    -646695  0.363054839109  0.363054839109  0.149832250000  0.103733937500  0.576042800000 20214.606   198.765     0.815813000     0.988876863  -55.76363
   0  8 0.9896438000000 0.6000000000000 0.0450000000000 0.6000000000000 0.0450000000000 0.6650880482073 0.6650880482073 21910.381000000  2808.583799312 14774.084000000   202.429600000    14.999215049    20.377910000    -860617  0.438118749461  0.438118749461  0.226045700000  0.111959500000  0.233534000000 18822.067   180.737     0.853827375     0.989272327  -49.79034
   0  9 0.9794360400000 0.6000000000000 0.0450000000000 0.6000000000000 0.0450000000000 0.8098570736006 0.8098570736006 24950.608000000  2470.715314998 13816.550000000   217.551600000    16.371048494    23.960287500    -128348  0.485342435671  0.485342435671  0.200294050000  0.078966312500  0.526228800000 19533.044   193.497     0.772670375     0.988704823  -55.43961
   0  8 0.9722416700000 0.6000000000000 0.0450000000000 0.6000000000000 0.0450000000000 0.9629933465770 0.9629933465770 23767.576000000  2507.645799786 13423.046000000   223.826900000    16.941581543    27.839357500    -607760  0.408524614482  0.408524614482  0.175744050000  0.092938562500  0.252579600000 18361.534   201.049     0.773735250     0.989576367  -55.01825
   0  7 0.9784794100000 0.6000000000000 0.0450000000000 0.6000000000000 0.0450000000000 0.8012716553491 0.8012716553491 25705.595500000  2374.332356342 12790.710000000   188.377000000    21.511071785    46.144690000     -38200  0.393752836147  0.393752836147  0.206401350000  0.253611625000  0.368168900000 21803.045   175.086     0.841209750     0.986567352  -46.30870
   0  6 0.9602802400000 0.6000000000000 0.0450000000000 0.6000000000000 0.0450000000000 0.7496371323865 0.7496371323865 25184.819500000  2850.945962623 15263.368000000   224.989300000    16.226575657    25.135650000    -160652  0.491014085429  0.491014085429  0.111761450000  0.052345500000  0.397421900000 21315.931   202.374     0.839961750     0.989052752  -57.16567
   0  6 0.9879826600000 0.6000000000000 0.0450000000000 0.6000000000000 0.0450000000000 0.7485337679144 0.7485337679144 28065.625000000  2638.368620029 15083.760000000   229.606900000    16.483335183    20.982345000    -594768  0.323564808279  0.323564808279  0.162442300000  0.052276250000  0.385526400000 23403.995   203.123     0.821067625     0.987899437  -54.56625
   0  8 0.9873437500000 0.6000000000000 0.0450000000000 0.6000000000000 0.0450000000000 0.6563127328659 0.6563127328659 24362.845000000  2402.126141979 13154.690000000   195.353300000    18.729388802    34.837485000    -457292  0.462731549201  0.462731549201  0.131611350000  0.093626062500  0.569561800000 19455.238   180.475     0.793869625     0.987659504  -56.31643
 
  COND2           1     2805230  1.045247808801274E+045  1.116827652902176E+043
  1.068481218997237E-002         100
   2805230  65983803   2823340         0     92707         0         0         0         0         0   3324419        32         0  31070469   2805230
 PARAMETER FILE GP13A.PAR   
