  Aa Am            MSYL            MSYR           MORTJ           MORTA             K1+           PInit      ISEED   PTarget           CVADD              AR        PREG-MAX           GAMMA              P0   SSTILDA     LIKEL
   0  7 0.9756229400000 0.6000000000000 0.0450000000000 0.6000000000000 0.0200000000000 0.7187214483326 0.3199325155421 22445.926000000  2850.676365015 14813.144000000   239.222100000    61.085488981    77.786560000    -567059  0.459665311811  0.459665311811  0.142626800000  0.053026937500  0.371433300000 18891.003   185.284     0.839748125     0.990776279  -57.25599
   0  6 0.9733737100000 0.6000000000000 0.0450000000000 0.6000000000000 0.0200000000000 0.5880050061990 0.2819274264583 26406.610000000  2452.961780222 13114.368000000   485.347400000    46.587036817    57.832925000    -166766  0.518225812371  0.518225812371  0.127235300000  0.092409062500  0.232313000000 22260.360   210.053     0.837120875     0.994656741  -55.34861
   0  6 0.9792683800000 0.6000000000000 0.0450000000000 0.6000000000000 0.0200000000000 0.7149575660107 0.3261381913484 26552.410000000  2674.159819448 14841.944000000   228.647400000    76.961228303    91.632990000    -790518  0.389549708304  0.389549708304  0.123586600000  0.071227000000  0.319236100000 21458.538   189.552     0.802524125     0.988564001  -55.13803
   0  6 0.9774740200000 0.6000000000000 0.0450000000000 0.6000000000000 0.0200000000000 0.9462541683525 0.4386414014350 23897.419000000  2679.628327254 14206.706000000   193.032300000   121.691333136   122.159687500    -285701  0.302608380017  0.302608380017  0.104778850000  0.053221750000  0.226481000000 21483.173   178.132     0.900676000     0.987819435  -55.72545
   0  8 0.9539659500000 0.6000000000000 0.0450000000000 0.6000000000000 0.0200000000000 0.9203582573673 0.4453452907647 23487.478000000  2593.079720518 13576.482000000   399.493000000    48.549617838    63.102280000    -251539  0.571109850099  0.571109850099  0.140394400000  0.058664812500  0.456151100000 19638.172   206.413     0.830632625     0.994257342  -58.23612
   0 10 0.9894412500000 0.6000000000000 0.0450000000000 0.6000000000000 0.0200000000000 0.8818829488364 0.2780577974560 24894.974500000  2367.031645894 13527.246000000   266.819900000    65.832223310    83.286145000    -173436  0.418399570569  0.418399570569  0.144975400000  0.079008937500  0.393081700000 21948.467   203.587     0.862101375     0.990753892  -56.12577
   0  8 0.9613806200000 0.6000000000000 0.0450000000000 0.6000000000000 0.0200000000000 0.8345977350536 0.3876577381905 21640.070500000  2498.385567918 12611.584000000   274.856100000    58.424448881    73.969890000    -789650  0.561400619446  0.561400619446  0.120595300000  0.087446437500  0.568067000000 17580.071   189.588     0.815169375     0.992298134  -55.58285
   0  7 0.9894223700000 0.6000000000000 0.0450000000000 0.6000000000000 0.0200000000000 0.6555625156185 0.2526086095564 26955.344500000  2582.373098520 14784.858000000   405.640300000    46.217764589    57.217537500    -218638  0.400354099036  0.400354099036  0.164798150000  0.066389500000  0.485389500000 21630.185   207.247     0.793045375     0.993414885  -54.76428
   0  6 0.9807598500000 0.6000000000000 0.0450000000000 0.6000000000000 0.0200000000000 0.9047677096846 0.4069703013074 22259.315500000  2501.607737653 12743.870000000   203.397900000    91.218567296   104.531590000    -841442  0.300734891615  0.300734891615  0.148026600000  0.109369125000  0.480474700000 19663.418   180.201     0.889163500     0.989214371  -55.48739
   0  6 0.9721758000000 0.6000000000000 0.0450000000000 0.6000000000000 0.0200000000000 0.9302038925812 0.4500998610725 23306.456500000  2608.372338068 13525.972000000   245.851700000    70.809049739    89.964180000    -648519  0.333491596645  0.333491596645  0.129293300000  0.107900625000  0.254949700000 20809.919   198.472     0.896556625     0.990694533  -55.67861
   0  7 0.9760023700000 0.6000000000000 0.0450000000000 0.6000000000000 0.0200000000000 0.7931631542740 0.3519385729455 25632.344500000  2413.625579529 13025.454000000   283.960500000    64.224878719    80.642725000    -310914  0.414001666267  0.414001666267  0.120272050000  0.083533875000  0.432766900000 21600.166   205.006     0.835692750     0.991124856  -56.01371
   0  7 0.9839953700000 0.6000000000000 0.0450000000000 0.6000000000000 0.0200000000000 0.4896032671742 0.2012124503190 27969.883000000  2481.057702472 14117.198000000   244.841800000    72.837905779    85.978412500    -748785  0.588252046654  0.588252046654  0.165506550000  0.116289937500  0.380858500000 21293.234   192.587     0.760070125     0.988720372  -52.02814
   0 11 0.9896669800000 0.6000000000000 0.0450000000000 0.6000000000000 0.0200000000000 0.8365624198772 0.2432927094306 21603.580000000  2601.627217953 13948.722000000   235.747500000    65.404738336    84.092405000    -764512  0.497845452356  0.497845452356  0.127459150000  0.066756875000  0.549062800000 19483.788   189.902     0.892317000     0.990917286  -57.79160
   0  7 0.9715002500000 0.6000000000000 0.0450000000000 0.6000000000000 0.0200000000000 0.7361439126418 0.3386061440499 24856.216000000  2645.017805023 14349.954000000   403.854600000    48.845225630    64.309492500    -204189  0.479012411562  0.479012411562  0.153063250000  0.222254562500  0.548662000000 20623.211   214.986     0.822792250     0.993960091  -50.55956
   0  6 0.9510388400000 0.6000000000000 0.0450000000000 0.6000000000000 0.0200000000000 0.9299418933893 0.5092477931541 23456.900500000  2429.947230133 12065.284000000   302.848700000    61.094752579    77.993747500    -271520  0.448897243775  0.448897243775  0.110823750000  0.119481875000  0.382213400000 18043.957   201.312     0.783092500     0.992437926  -53.62578
   0  6 0.9691743600000 0.6000000000000 0.0450000000000 0.6000000000000 0.0200000000000 0.5962155869390 0.2948152860273 22697.404000000  2526.505767354 12815.282000000   218.784500000    88.671241446   106.704215000    -270064  0.543838174422  0.543838174422  0.150060600000  0.075818750000  0.347062800000 18180.222   189.182     0.808662125     0.989827957  -55.76558
   0  9 0.9853551600000 0.6000000000000 0.0450000000000 0.6000000000000 0.0200000000000 0.8732823832870 0.3114182640836 23622.397000000  2273.333763852 12264.072000000   191.020200000   114.301594167   113.504417500    -356040  0.404534379320  0.404534379320  0.124491750000  0.079910562500  0.471516900000 19066.830   170.659     0.800484125     0.987779135  -55.50266
   0  9 0.9643598500000 0.6000000000000 0.0450000000000 0.6000000000000 0.0200000000000 0.8665097718757 0.3717127559328 22727.279500000  2644.571876143 13928.468000000   249.760200000    62.712226674    79.539545000     -73185  0.588102860514  0.588102860514  0.180788500000  0.083735187500  0.519540100000 20664.237   190.944     0.911187125     0.991091388  -55.69309
   0  6 0.9623831700000 0.6000000000000 0.0450000000000 0.6000000000000 0.0200000000000 0.8665786358963 0.4474870844562 24305.726500000  2881.837381783 15217.764000000   337.850700000    53.731791565    73.417390000     -65085  0.412429934803  0.412429934803  0.153671200000  0.066583187500  0.225078700000 17667.648   213.751     0.743629125     0.992960586  -51.52839
   0  7 0.9671092600000 0.6000000000000 0.0450000000000 0.6000000000000 0.0200000000000 0.9448974280996 0.4483950986216 22755.373000000  2483.901817421 12736.750000000   198.924900000    84.538548190    94.398610000     -37040  0.399397200605  0.399397200605  0.146446000000  0.096770562500  0.356416500000 20233.974   171.272     0.893885000     0.988791642  -54.88927
   0  6 0.9535065800000 0.6000000000000 0.0450000000000 0.6000000000000 0.0200000000000 0.7005737996347 0.3792323477010 22898.986000000  3125.245175757 15758.326000000   432.825500000    43.185883714    59.380542500    -508261  0.576481226872  0.576481226872  0.120894100000  0.110376812500  0.250518200000 20020.000   208.981     0.874654875     0.994832780  -54.04560
   0  6 0.9757103300000 0.6000000000000 0.0450000000000 0.6000000000000 0.0200000000000 0.8610337337128 0.4051678326255 22712.753500000  2666.662179982 13774.324000000   297.871600000    54.909179346    70.799450000    -395091  0.341643040940  0.341643040940  0.172748300000  0.074282625000  0.589289200000 18886.491   198.027     0.833794875     0.992504030  -56.78821
   0 11 0.9749799800000 0.6000000000000 0.0450000000000 0.6000000000000 0.0200000000000 0.9614504912361 0.3310546774750 22882.678000000  2478.697111117 13482.126000000   315.800300000    52.171980173    66.587060000    -545626  0.573864254094  0.573864254094  0.155350550000  0.096659687500  0.464439300000 20351.558   198.135     0.873245500     0.992879026  -56.41558
   0  6 0.9532420200000 0.6000000000000 0.0450000000000 0.6000000000000 0.0200000000000 0.8593842161262 0.4657896473483 19585.114000000  3054.996944737 14051.332000000   332.978600000    52.691411149    75.840200000    -406415  0.471627716553  0.471627716553  0.130505750000  0.142702937500  0.489393700000 18331.695   214.326     0.979004625     0.994255593  -49.62480
   0  7 0.9598320300000 0.6000000000000 0.0450000000000 0.6000000000000 0.0200000000000 0.7297389552379 0.3621562600659 24257.869000000  2778.969306230 14779.582000000   323.833500000    49.656708135    62.892265000    -283189  0.576913563369  0.576913563369  0.149837700000  0.051937687500  0.539371700000 20956.405   195.980     0.857840375     0.992674894  -56.98166
   0  7 0.9794349600000 0.6000000000000 0.0450000000000 0.6000000000000 0.0200000000000 0.7981687716254 0.3434604883824 28526.231500000  2586.006557087 14911.128000000   436.832200000    45.715028366    56.378745000     -25833  0.389174317031  0.389174317031  0.120206400000  0.076300375000  0.499384800000 24185.287   212.392     0.831162125     0.993568627  -52.61977
   0 10 0.9704979500000 0.6000000000000 0.0450000000000 0.6000000000000 0.0200000000000 0.9656505597273 0.3711253222072 25336.654000000  2392.772511487 13410.236000000   244.671500000    72.424435109    88.223935000    -654911  0.542144393172  0.542144393172  0.145898350000  0.063820437500  0.441335500000 21599.861   193.212     0.830807125     0.989841684  -57.63864
   0  6 0.9622296700000 0.6000000000000 0.0450000000000 0.6000000000000 0.0200000000000 0.6681218275654 0.3453176238202 25104.643000000  2717.356802658 14477.030000000   361.841400000    49.753479143    63.736517500    -395591  0.536093508546  0.536093508546  0.136155350000  0.077193812500  0.478417000000 19571.283   203.475     0.782841500     0.993211539  -56.20446
   0 12 0.9868844700000 0.6000000000000 0.0450000000000 0.6000000000000 0.0200000000000 0.9128031982484 0.2537225677419 26214.208000000  2264.237537881 13483.316000000   222.277100000    78.561517335    89.468587500    -321592  0.550824746407  0.550824746407  0.126053550000  0.074604062500  0.338137500000 20825.908   180.680     0.763041625     0.988333707  -55.51462
   0  8 0.9874630500000 0.6000000000000 0.0450000000000 0.6000000000000 0.0200000000000 0.6021402711249 0.2235647279460 29472.676000000  2160.484690070 12057.376000000   429.277700000    51.340926463    61.507602500    -104287  0.503287805574  0.503287805574  0.173257250000  0.052847625000  0.452431600000 19611.191   206.188     0.691631000     0.993205745  -52.05982
   0  8 0.9833470600000 0.6000000000000 0.0450000000000 0.6000000000000 0.0200000000000 0.8908731746467 0.3468688065786 28980.074500000  1964.025868077 10040.444000000   455.391200000    54.251119939    65.750965000    -536741  0.365822174602  0.365822174602  0.159619700000  0.147564375000  0.326340100000 17403.027   204.553     0.662541750     0.993718908  -42.83034
   0 10 0.9736941200000 0.6000000000000 0.0450000000000 0.6000000000000 0.0200000000000 0.9572402775552 0.3583197293871 25678.514500000  2176.764886489 11960.788000000   401.337300000    55.134974729    71.892132500    -301937  0.516453551785  0.516453551785  0.138740650000  0.085547562500  0.458155500000 22448.894   222.925     0.861319125     0.993715586  -52.66779
   0  7 0.9779643700000 0.6000000000000 0.0450000000000 0.6000000000000 0.0200000000000 0.9593058928658 0.4184178414496 21391.441000000  2305.617566613 11421.076000000   435.357000000    51.820387642    69.178610000    -986484  0.331647480106  0.331647480106  0.127343000000  0.102721687500  0.388160200000 19410.299   219.070     0.924485000     0.995164460  -52.46516
   0  6 0.9850970300000 0.6000000000000 0.0450000000000 0.6000000000000 0.0200000000000 0.7481069358692 0.3217738275373 25395.217000000  2557.555845300 13912.488000000   262.324500000    61.851748834    75.385362500    -242770  0.339407542661  0.339407542661  0.179197400000  0.050411250000  0.472516800000 18741.553   190.893     0.751024125     0.990434685  -55.72454
   0  7 0.9730988700000 0.6000000000000 0.0450000000000 0.6000000000000 0.0200000000000 0.7642446683267 0.3472434020920 19964.342500000  3526.356109526 15846.896000000   282.571800000    50.693351988    74.480725000    -391513  0.449962007763  0.449962007763  0.162514400000  0.058035000000  0.486360100000 18364.745   201.868     0.943648500     0.993062178  -53.92799
   0  6 0.9738691000000 0.6000000000000 0.0450000000000 0.6000000000000 0.0200000000000 0.5681280034425 0.2713441118513 22386.904000000  2494.920809967 12616.430000000   357.127100000    51.664866639    66.259622500    -740563  0.532386432925  0.532386432925  0.158526950000  0.055214625000  0.435313900000 19375.734   202.859     0.870059375     0.993842454  -57.69339
   0  6 0.9589506500000 0.6000000000000 0.0450000000000 0.6000000000000 0.0200000000000 0.7018008239878 0.3694830442787 26295.829000000  2644.924580578 14215.180000000   419.701400000    45.529989275    55.619155000    -530658  0.534251377637  0.534251377637  0.198254000000  0.104119562500  0.207399800000 19955.672   197.006     0.764836375     0.993874463  -51.73876
   0  6 0.9593534500000 0.6000000000000 0.0450000000000 0.6000000000000 0.0200000000000 0.6771286789674 0.3557126169071 20853.344500000  2681.134003131 13039.478000000   182.630900000   118.168770244   118.192705000    -295715  0.550637715880  0.550637715880  0.178578200000  0.085112625000  0.524444900000 18463.999   167.808     0.897767125     0.988835541  -53.42347
   0  6 0.9674250000000 0.6000000000000 0.0450000000000 0.6000000000000 0.0200000000000 0.8896001970704 0.4451430103612 22072.489000000  2655.445456117 13391.978000000   490.403600000    44.816555630    58.752707500    -369221  0.373871246113  0.373871246113  0.151237200000  0.057583312500  0.333656100000 20235.754   208.774     0.933633250     0.995589486  -56.28645
   0  7 0.9683718500000 0.6000000000000 0.0450000000000 0.6000000000000 0.0200000000000 0.8565754252703 0.4029971887136 24967.402000000  2235.519815491 11410.012000000   321.949300000    59.964797878    74.715830000    -321513  0.432130186920  0.432130186920  0.191311400000  0.060347375000  0.455201900000 21529.925   204.942     0.863435000     0.992398240  -54.33594
   0  7 0.9655212500000 0.6000000000000 0.0450000000000 0.6000000000000 0.0200000000000 0.6992932806026 0.3353321461696 22008.107500000  2483.870592972 12522.572000000   413.565500000    50.684403751    67.593455000    -958759  0.552882857454  0.552882857454  0.122760150000  0.050300875000  0.260948100000 16990.376   211.775     0.784189125     0.994788395  -55.84577
   0  8 0.9858387500000 0.6000000000000 0.0450000000000 0.6000000000000 0.0200000000000 0.9094780183636 0.3443338723716 25653.998500000  2229.096369734 12078.610000000   194.818700000   166.488804193   134.340752500    -266680  0.342982130424  0.342982130424  0.184837350000  0.078302250000  0.266008000000 19190.818   176.567     0.754689500     0.986982834  -52.58684
   0  8 0.9796162300000 0.6000000000000 0.0450000000000 0.6000000000000 0.0200000000000 0.7335352013464 0.2966813321597 23124.071500000  2850.185119301 15249.714000000   260.732000000    55.349595186    70.978362500    -871151  0.473868201061  0.473868201061  0.159521600000  0.057763500000  0.428551100000 18886.796   188.318     0.809683500     0.991264556  -55.86197
   0  9 0.9723802400000 0.6000000000000 0.0450000000000 0.6000000000000 0.0200000000000 0.8202908054393 0.3318962476243 24379.477000000  2292.965592744 12322.636000000   383.975600000    52.059279557    66.131865000    -591804  0.542163130504  0.542163130504  0.212033350000  0.051313687500  0.523416500000 19812.690   207.472     0.804298375     0.993767084  -54.89871
   0  8 0.9681828300000 0.6000000000000 0.0450000000000 0.6000000000000 0.0200000000000 0.9048636736237 0.4021226879142 19867.088500000  3352.913806535 15312.528000000   368.762900000    45.327367945    67.072122500    -376725  0.464566509884  0.464566509884  0.164676450000  0.052867687500  0.388989300000 16739.700   210.180     0.845644875     0.994719348  -53.21696
   0  6 0.9650787400000 0.6000000000000 0.0450000000000 0.6000000000000 0.0200000000000 0.7147458672010 0.3631004217393 21049.688500000  2761.660791911 13589.476000000   242.179300000    65.854370638    85.724490000    -456097  0.481292893357  0.481292893357  0.168476200000  0.058949625000  0.494841400000 19869.109   194.099     0.987361875     0.991488919  -55.61145
   0  6 0.9727559100000 0.6000000000000 0.0450000000000 0.6000000000000 0.0200000000000 0.9628486145135 0.4638528573865 23174.440000000  2620.391057387 13575.588000000   425.273200000    47.145175634    61.202752500    -676562  0.319413070123  0.319413070123  0.164558050000  0.108428250000  0.574584900000 20148.080   208.277     0.870182250     0.994649709  -55.68921
   0  7 0.9777189800000 0.6000000000000 0.0450000000000 0.6000000000000 0.0200000000000 0.9405053531453 0.4111208948001 24447.395500000  2566.837393623 13864.472000000   297.797900000    52.056153698    62.883717500    -446337  0.339624003237  0.339624003237  0.159345500000  0.136053250000  0.518032600000 21111.463   188.900     0.856979000     0.991921901  -53.61560
   0 10 0.9890235300000 0.6000000000000 0.0450000000000 0.6000000000000 0.0200000000000 0.9809615461866 0.3110892793984 25302.431500000  2582.991201915 15012.152000000   327.394900000    51.166976600    65.933972500    -640645  0.379149267339  0.379149267339  0.178429850000  0.067303187500  0.585442700000 22113.907   207.485     0.848774625     0.992343594  -55.23869
   0  7 0.9884025300000 0.6000000000000 0.0450000000000 0.6000000000000 0.0200000000000 0.7494625982651 0.2925817289699 22499.332000000  2948.940952650 15514.612000000   200.278900000    75.769787551    91.530712500    -385917  0.356454736131  0.356454736131  0.173714100000  0.059699187500  0.592031300000 20350.352   175.557     0.907030875     0.988875576  -54.86056
   0  8 0.9708502600000 0.6000000000000 0.0450000000000 0.6000000000000 0.0200000000000 0.8916753390416 0.3886242862222 24788.392000000  2401.046256224 12926.954000000   292.387200000    61.006149519    76.963465000    -544715  0.451402960616  0.451402960616  0.115618600000  0.059922250000  0.250946100000 21413.729   203.331     0.856046500     0.991682306  -57.76422
   0  6 0.9886087900000 0.6000000000000 0.0450000000000 0.6000000000000 0.0200000000000 0.4669000333980 0.1927017286882 25591.169500000  2376.623605959 12688.520000000   255.451500000    68.297438993    82.156640000    -155758  0.513379635239  0.513379635239  0.173098750000  0.086980250000  0.545093900000 22170.882   195.815     0.860691000     0.990078257  -55.19077
   0  6 0.9838363600000 0.6000000000000 0.0450000000000 0.6000000000000 0.0200000000000 0.6075355005610 0.2649059193182 26257.988500000  2411.003073782 12968.592000000   266.452900000    64.313217287    76.970030000    -537834  0.426519798034  0.426519798034  0.153504550000  0.065492750000  0.213140100000 20388.315   192.957     0.780226875     0.990270538  -56.79824
   0  7 0.9630015200000 0.6000000000000 0.0450000000000 0.6000000000000 0.0200000000000 0.7608804838777 0.3706676843995 22435.301500000  2889.254680854 14790.970000000   361.438800000    47.715977714    64.108252500    -121653  0.527809731932  0.527809731932  0.130284400000  0.055411062500  0.563064100000 20070.987   205.949     0.898393375     0.993925361  -57.52062
   0 10 0.9825977900000 0.6000000000000 0.0450000000000 0.6000000000000 0.0200000000000 0.7520332242567 0.2580774755601 22170.296500000  2298.159282941 12203.062000000   387.797600000    49.700137029    63.661475000    -100066  0.558414964941  0.558414964941  0.131677200000  0.054952937500  0.257117700000 18734.857   203.769     0.834451625     0.994359788  -57.34617
   0  7 0.9798112700000 0.6000000000000 0.0450000000000 0.6000000000000 0.0200000000000 0.8487030209217 0.3639098023158 22021.351000000  2631.411392513 13613.426000000   258.380000000    60.283192494    77.083325000     -86887  0.363754689459  0.363754689459  0.124790500000  0.064775062500  0.300195100000 20394.847   194.154     0.944617125     0.991604539  -57.16347
   0 11 0.9892335800000 0.6000000000000 0.0450000000000 0.6000000000000 0.0200000000000 0.8081765979300 0.2364942214208 23295.238000000  2331.601849377 13033.768000000   298.116100000    55.979343004    70.934520000    -704222  0.519726963450  0.519726963450  0.184805900000  0.071525500000  0.455063300000 20295.811   199.422     0.851250250     0.992257487  -56.45038
   0  7 0.9666831300000 0.6000000000000 0.0450000000000 0.6000000000000 0.0200000000000 0.8680522204625 0.4131024550080 22315.165000000  2649.824910015 13591.030000000   454.893500000    47.045846818    63.420130000    -429758  0.437592825157  0.437592825157  0.130695500000  0.058761062500  0.474655900000 19823.557   216.171     0.892477875     0.995194057  -57.66914
   0  6 0.9824849600000 0.6000000000000 0.0450000000000 0.6000000000000 0.0200000000000 0.8321241078146 0.3679623084325 18552.688000000  2963.559527492 13611.140000000   295.513900000    54.875989359    78.252350000    -263346  0.318196745214  0.318196745214  0.187117600000  0.080895250000  0.436939600000 17087.930   207.783     0.956694750     0.993806594  -51.72094
   0 10 0.9720895300000 0.6000000000000 0.0450000000000 0.6000000000000 0.0200000000000 0.9036686815388 0.3428678214133 21821.213500000  2955.884299220 15164.708000000   377.671100000    45.739240171    63.676327500    -565510  0.563078847929  0.563078847929  0.139416950000  0.066920062500  0.566478400000 19732.963   211.346     0.898506750     0.994328663  -56.12342
   0  6 0.9819854200000 0.6000000000000 0.0450000000000 0.6000000000000 0.0200000000000 0.4540976260274 0.2018142083960 22498.144000000  2892.059453441 15006.550000000   227.241600000    76.720509104    99.605305000    -580866  0.587728570914  0.587728570914  0.162959400000  0.083521750000  0.427530900000 19515.430   195.897     0.868033250     0.990235834  -54.00484
   0  9 0.9795246900000 0.6000000000000 0.0450000000000 0.6000000000000 0.0200000000000 0.6892715268714 0.2617020290947 22733.611000000  2312.313991268 12210.494000000   232.826500000    73.592323611    89.509765000    -275719  0.569353090924  0.569353090924  0.113714700000  0.058608562500  0.255785300000 19536.705   187.867     0.853107000     0.990383207  -57.99578
   0  9 0.9793569400000 0.6000000000000 0.0450000000000 0.6000000000000 0.0200000000000 0.7849910720052 0.2985354495992 22764.701500000  2462.862921638 13172.758000000   215.146300000    86.670240701   103.526885000    -636803  0.501421053792  0.501421053792  0.115069500000  0.073342375000  0.418913100000 18894.539   185.861     0.820646500     0.989579599  -56.75453
   0  6 0.9732393900000 0.6000000000000 0.0450000000000 0.6000000000000 0.0200000000000 0.5193169494205 0.2492533167137 21104.498500000  2500.484963460 12315.370000000   246.953400000    63.526778464    79.293617500    -363438  0.587950581349  0.587950581349  0.129161300000  0.063318937500  0.578069600000 18538.451   186.889     0.889228125     0.991607678  -57.15915
   0  6 0.9896314900000 0.6000000000000 0.0450000000000 0.6000000000000 0.0200000000000 0.5700515846214 0.2322343986234 21800.855500000  2498.568179211 12765.256000000   291.668500000    54.038044397    67.160165000    -890832  0.413365785820  0.413365785820  0.132754650000  0.080433062500  0.349546600000 19511.255   191.450     0.902854250     0.992591851  -56.48228
   0 11 0.9837505900000 0.6000000000000 0.0450000000000 0.6000000000000 0.0200000000000 0.8477000998268 0.2663186991763 21538.861000000  2593.870612361 13764.726000000   492.365400000    41.516397497    53.679555000     -97800  0.551112363998  0.551112363998  0.137878050000  0.102307312500  0.556954500000 20088.474   204.204     0.945394500     0.995681226  -53.65722
   0 10 0.9801416100000 0.6000000000000 0.0450000000000 0.6000000000000 0.0200000000000 0.7900207879824 0.2783195286103 27671.330500000  2183.227269853 12503.510000000   312.944100000    54.266801469    61.838160000    -818760  0.556343651434  0.556343651434  0.184028400000  0.112130875000  0.474635500000 22099.537   186.700     0.780926375     0.991288383  -51.08968
   0  7 0.9853913100000 0.6000000000000 0.0450000000000 0.6000000000000 0.0200000000000 0.9333668655184 0.3777013227889 23799.706000000  2568.624374556 13857.006000000   238.283000000    71.660361091    89.544832500    -813235  0.301380758506  0.301380758506  0.138315300000  0.050872625000  0.459937400000 20681.623   194.937     0.863511500     0.990129349  -58.21472
   0  6 0.9727471400000 0.6000000000000 0.0450000000000 0.6000000000000 0.0200000000000 0.6278658037086 0.3024949475324 22970.117500000  2769.123333191 14373.592000000   203.159800000    82.368210207    96.571690000    -145954  0.489892393140  0.489892393140  0.108011550000  0.085495375000  0.343372400000 20177.685   177.134     0.879620000     0.988899052  -56.12795
   0  6 0.9870468100000 0.6000000000000 0.0450000000000 0.6000000000000 0.0200000000000 0.6256399966554 0.2631648195289 24715.910500000  2427.155809867 12884.776000000   210.589900000   104.075218176   115.171927500     -28261  0.393141849253  0.393141849253  0.129207950000  0.120441125000  0.287224200000 22640.364   190.179     0.921043250     0.988388796  -51.87925
   0  6 0.9821646700000 0.6000000000000 0.0450000000000 0.6000000000000 0.0200000000000 0.5941795893470 0.2635963289267 21997.199500000  2429.993067579 12243.580000000   315.572300000    55.958560381    71.797947500    -214634  0.447893250321  0.447893250321  0.131873200000  0.051758937500  0.352200900000 18546.223   201.568     0.848968625     0.993124739  -58.46451
   0  6 0.9754152200000 0.6000000000000 0.0450000000000 0.6000000000000 0.0200000000000 0.5707098893496 0.2692081313259 23124.463000000  2878.677900566 15044.258000000   376.779800000    45.628089467    59.774215000    -655644  0.517753376506  0.517753376506  0.120645350000  0.053729125000  0.219725400000 20322.602   202.782     0.878738500     0.993967278  -57.00822
   0  6 0.9752659900000 0.6000000000000 0.0450000000000 0.6000000000000 0.0200000000000 0.8542958359840 0.4034713350245 23526.290500000  2596.328632545 13559.082000000   321.415300000    50.838333515    62.841955000     -77908  0.346667009542  0.346667009542  0.225234700000  0.096105375000  0.446936600000 21307.278   194.325     0.911668375     0.992805723  -51.70453
   0 11 0.9821589500000 0.6000000000000 0.0450000000000 0.6000000000000 0.0200000000000 0.8187049974738 0.2619924362548 25793.129500000  2611.971940168 15323.324000000   259.737900000    68.393199996    88.823235000    -590151  0.588317078013  0.588317078013  0.138514700000  0.065992500000  0.344365100000 23168.712   207.157     0.871172250     0.990205372  -52.62005
   0  6 0.9526509500000 0.6000000000000 0.0450000000000 0.6000000000000 0.0200000000000 0.7622320724798 0.4142948581279 24322.007500000  2605.773206082 13437.780000000   496.340700000    45.170486455    57.531942500    -388883  0.535982170081  0.535982170081  0.128503000000  0.087041250000  0.381335300000 21552.424   207.345     0.887290375     0.995214630  -56.21535
   0  6 0.9758042400000 0.6000000000000 0.0450000000000 0.6000000000000 0.0200000000000 0.7459340304432 0.3507330435055 25918.112500000  2464.873298458 13166.234000000   210.245600000    88.022357856    97.170437500     -10872  0.393797026108  0.393797026108  0.132774250000  0.079878562500  0.249807800000 22933.355   180.593     0.880636625     0.987880572  -55.37252
   0  8 0.9622873300000 0.6000000000000 0.0450000000000 0.6000000000000 0.0200000000000 0.9209111325780 0.4254083697807 25400.428000000  2609.833652601 14313.118000000   281.451500000    56.781061148    69.928645000    -489746  0.501566077230  0.501566077230  0.108908000000  0.071601125000  0.382805300000 22030.884   193.366     0.855828250     0.991169619  -56.78443
   0  9 0.9844758800000 0.6000000000000 0.0450000000000 0.6000000000000 0.0200000000000 0.7147341515737 0.2574916972741 29115.682000000  2203.609528320 12688.854000000   214.276000000    99.481511773   103.286385000    -810325  0.502267016862  0.502267016862  0.166177100000  0.073784250000  0.387198500000 23370.015   181.526     0.787433250     0.986579425  -53.18803
   0  7 0.9562830000000 0.6000000000000 0.0450000000000 0.6000000000000 0.0200000000000 0.7507236916626 0.3798136010646 22335.212500000  2497.790261299 12556.612000000   358.786300000    52.318208921    67.786245000    -280326  0.590739639990  0.590739639990  0.170528000000  0.053986125000  0.346168600000 19814.945   204.628     0.894323500     0.993917012  -56.95024
   0  6 0.9780447700000 0.6000000000000 0.0450000000000 0.6000000000000 0.0200000000000 0.7050834522754 0.3252086763602 25746.757000000  2562.272452083 13879.298000000   239.738300000    74.701750483    90.838625000    -328569  0.402561395701  0.402561395701  0.111415000000  0.076091187500  0.439090500000 21134.583   194.613     0.816446000     0.989430538  -55.99101
   0  8 0.9729016400000 0.6000000000000 0.0450000000000 0.6000000000000 0.0200000000000 0.8304393973127 0.3562220809810 21565.267000000  2405.245048517 12213.036000000   222.217000000    73.385994754    88.771300000    -321378  0.468598699796  0.468598699796  0.177785900000  0.082870875000  0.473815700000 18401.371   181.232     0.855202875     0.990471173  -54.95618
   0  9 0.9822361500000 0.6000000000000 0.0450000000000 0.6000000000000 0.0200000000000 0.6824221695487 0.2520074455882 25030.258000000  2556.125036305 14442.920000000   268.786600000    52.659062557    61.681185000    -300433  0.547825663871  0.547825663871  0.109530300000  0.181558187500  0.544319000000 21456.938   180.331     0.838696625     0.990814641  -50.80596
   0 11 0.9811204100000 0.6000000000000 0.0450000000000 0.6000000000000 0.0200000000000 0.8709785217215 0.2819599709527 26540.854000000  2445.314946225 14480.014000000   393.967200000    48.539659084    62.059647500     -57301  0.564085943147  0.564085943147  0.185056750000  0.053179687500  0.591897000000 20079.849   211.251     0.732974500     0.993359194  -53.94733
   0  8 0.9884475900000 0.6000000000000 0.0450000000000 0.6000000000000 0.0200000000000 0.6125803185913 0.2246442098602 22841.651500000  2592.080590510 13968.486000000   199.999200000    84.039360206    96.598242500    -282187  0.486054243747  0.486054243747  0.174610550000  0.051522250000  0.512526600000 21109.245   176.730     0.932426250     0.988690169  -56.01150
   0  9 0.9773654000000 0.6000000000000 0.0450000000000 0.6000000000000 0.0200000000000 0.7260214300311 0.2813860504932 23703.451000000  2639.484127666 14443.026000000   441.949900000    46.797354743    63.468392500    -645058  0.561591354845  0.561591354845  0.134497400000  0.057283062500  0.355323300000 21095.494   222.046     0.879281750     0.994723303  -56.26768
   0  7 0.9592997000000 0.6000000000000 0.0450000000000 0.6000000000000 0.0200000000000 0.7184372498843 0.3576138391851 21253.079500000  2813.303915691 13948.556000000   376.303500000    48.517382410    65.990945000     -45198  0.590610698576  0.590610698576  0.153471250000  0.059561000000  0.377658900000 19245.236   208.603     0.918845625     0.994477768  -56.91696
   0  7 0.9784535500000 0.6000000000000 0.0450000000000 0.6000000000000 0.0200000000000 0.7985520970162 0.3467620804923 23801.920000000  2645.184636508 14195.636000000   200.806400000   100.887498208   111.898300000    -513609  0.395259903466  0.395259903466  0.216144850000  0.100402625000  0.520442200000 21415.240   181.538     0.899410625     0.988332155  -51.86053
   0  6 0.9593791500000 0.6000000000000 0.0450000000000 0.6000000000000 0.0200000000000 0.9181145078920 0.4822406733676 22714.603000000  3016.213216497 15298.474000000   213.441200000    67.491438993    83.044930000    -549425  0.405962195935  0.405962195935  0.180607600000  0.108573812500  0.277341200000 20850.744   177.196     0.931096375     0.989594437  -52.45417
   0  9 0.9690095400000 0.6000000000000 0.0450000000000 0.6000000000000 0.0200000000000 0.8645403729770 0.3590200471881 25360.292500000  2505.315360999 13945.892000000   308.187400000    55.397578328    69.621065000    -387722  0.544986494778  0.544986494778  0.146341200000  0.097411812500  0.238082300000 21074.418   200.451     0.814064625     0.991932056  -56.39979
   0  6 0.9730927800000 0.6000000000000 0.0450000000000 0.6000000000000 0.0200000000000 0.8887359749838 0.4270441957506 25348.993000000  2460.502127190 12983.824000000   205.149800000    92.293365118   100.452450000    -988427  0.344312592419  0.344312592419  0.152651200000  0.071231937500  0.288130500000 22155.497   178.084     0.870675625     0.987866517  -56.13425
   0  7 0.9631900500000 0.6000000000000 0.0450000000000 0.6000000000000 0.0200000000000 0.8626241141639 0.4197506151757 23357.783500000  2957.850326787 15452.980000000   213.689300000    74.090823601    91.277797500    -953143  0.464241937626  0.464241937626  0.151210500000  0.052969125000  0.366478000000 18084.953   179.056     0.777933125     0.989302209  -54.45742
   0  6 0.9641423600000 0.6000000000000 0.0450000000000 0.6000000000000 0.0200000000000 0.8715273121596 0.4453219003285 22525.427500000  2542.714097969 12796.184000000   306.464000000    56.409970625    72.391430000    -840066  0.400011533205  0.400011533205  0.149225300000  0.109677562500  0.500881400000 18825.845   199.206     0.840227625     0.992804637  -56.19417
   0  6 0.9727363600000 0.6000000000000 0.0450000000000 0.6000000000000 0.0200000000000 0.5302505747521 0.2554866347200 24346.942000000  2246.494957565 11183.052000000   453.374400000    49.776502033    61.397785000    -462016  0.580171264123  0.580171264123  0.220733100000  0.057823750000  0.514391700000 21326.911   204.181     0.881130250     0.994727457  -51.19593
   0 11 0.9833888800000 0.6000000000000 0.0450000000000 0.6000000000000 0.0200000000000 0.8594092773040 0.2711515399843 22378.588000000  2385.441810824 12954.944000000   349.041100000    49.515562403    62.840622500    -767925  0.547395107575  0.547395107575  0.109900250000  0.065192125000  0.579845000000 18744.880   197.591     0.818076875     0.993671698  -56.39792
   0  7 0.9841533600000 0.6000000000000 0.0450000000000 0.6000000000000 0.0200000000000 0.5949983843831 0.2441078010923 23554.195000000  2833.125828273 15270.806000000   274.960500000    50.228753294    62.039562500    -852652  0.482767110233  0.482767110233  0.159002950000  0.181514062500  0.356583800000 20706.751   184.667     0.873730375     0.991540796  -50.65304
   0  7 0.9899027000000 0.6000000000000 0.0450000000000 0.6000000000000 0.0200000000000 0.4960117635340 0.1899268840366 23089.255000000  2842.073009908 15264.608000000   426.801600000    44.453060484    60.187192500     -55747  0.524714025636  0.524714025636  0.129468350000  0.054404187500  0.403359600000 19836.020   214.387     0.853397250     0.994637145  -56.68879
   0  6 0.9812000900000 0.6000000000000 0.0450000000000 0.6000000000000 0.0200000000000 0.5537588171048 0.2480235902611 23989.232500000  2437.851065799 12710.206000000   233.879100000    78.997355547    96.321245000    -895071  0.487969689990  0.487969689990  0.154364350000  0.055206250000  0.491052700000 20965.120   195.299     0.873526375     0.989888629  -56.81059
   0 12 0.9886524900000 0.6000000000000 0.0450000000000 0.6000000000000 0.0200000000000 0.8741391117691 0.2370333127908 22046.204500000  2717.207165151 14685.818000000   287.072300000    49.489679159    63.748965000    -195805  0.555406527087  0.555406527087  0.133614400000  0.158480187500  0.470394100000 20309.027   190.785     0.914326375     0.992393896  -52.58188
   0  6 0.9879987100000 0.6000000000000 0.0450000000000 0.6000000000000 0.0200000000000 0.5175568150078 0.2152249976466 24863.533000000  2685.536576671 14696.484000000   233.759700000    62.945053189    74.831140000    -586838  0.467842111815  0.467842111815  0.136984300000  0.061088937500  0.407404000000 21090.814   181.702     0.841570500     0.989470352  -56.65784
   0  7 0.9784286100000 0.6000000000000 0.0450000000000 0.6000000000000 0.0200000000000 0.5840649217281 0.2536811922435 24956.534500000  2558.178044144 13943.124000000   407.811500000    49.019406569    63.741392500    -519481  0.540630958365  0.540630958365  0.162928400000  0.058202437500  0.545227300000 21543.436   215.405     0.855198500     0.993976130  -56.56771
 
  COND2           1      557064  4.777934569032214E+044  5.788869188105030E+042
  1.211584023277570E-002         100
    557064   7274526    311714         0     10157         0         0         0         0         0    712405         0         0   2834134    557064
 PARAMETER FILE GP13B.PAR   
