  Aa Am            MSYL            MSYR           MORTJ           MORTA             K1+           PInit      ISEED   PTarget           CVADD              AR        PREG-MAX           GAMMA              P0   SSTILDA     LIKEL
   0  6 0.9797564000000 0.6000000000000 0.0450000000000 0.6000000000000 0.0200000000000 0.8768296315996 0.3981735579808 24329.675500000  2352.241562618 12121.350000000   387.398300000   199.879892881   281.828795000    -346429  0.315229631768  0.315229631768  0.129556700000  0.088723250000  0.251529800000 21490.621   360.507     0.884230000     0.993813778  -52.50263
   0  6 0.9836942600000 0.6000000000000 0.0450000000000 0.6000000000000 0.0200000000000 0.8125692609166 0.3548410774446 21374.701000000  2888.544688479 14596.248000000   444.344400000    99.449516212   182.137905000     -92245  0.319624647930  0.319624647930  0.143748800000  0.162280500000  0.394722000000 19554.964   367.720     0.929735500     0.995251123  -51.06712
   0  6 0.9780187900000 0.6000000000000 0.0450000000000 0.6000000000000 0.0200000000000 0.8120379801933 0.3746260573214 23618.495500000  2476.981505151 12848.066000000   471.749500000   118.371838067   212.203135000    -792420  0.349679618935  0.349679618935  0.112236450000  0.072899375000  0.586634700000 20332.373   399.391     0.860384500     0.995072769  -54.20744
   0  9 0.9886384800000 0.6000000000000 0.0450000000000 0.6000000000000 0.0200000000000 0.8380263716012 0.2868990676797 21488.641000000  2383.219250736 12494.230000000   462.574200000   107.774240586   196.017810000    -764965  0.396781896894  0.396781896894  0.130320250000  0.082493625000  0.365793800000 17444.133   382.624     0.808688625     0.995399098  -54.23396
   0  7 0.9663866100000 0.6000000000000 0.0450000000000 0.6000000000000 0.0200000000000 0.7888416197333 0.3761438246954 23112.326500000  2423.327263361 12414.858000000   441.252900000   129.209077412   223.958645000    -422854  0.483714878252  0.483714878252  0.106676150000  0.195578562500  0.461220100000 18515.988   382.260     0.805311125     0.994868977  -49.85317
   0  9 0.9867609900000 0.6000000000000 0.0450000000000 0.6000000000000 0.0200000000000 0.6557640961822 0.2299255369416 23609.639500000  2615.734454639 14466.466000000   494.767900000    93.425037860   172.298530000    -140886  0.524995685102  0.524995685102  0.179824850000  0.077783250000  0.206510000000 20451.764   382.841     0.850970750     0.995279990  -54.05990
   0  9 0.9803827400000 0.6000000000000 0.0450000000000 0.6000000000000 0.0200000000000 0.8126042141822 0.3059043674778 24206.231500000  2402.740046758 13197.524000000   429.592300000   160.337861053   264.333395000    -438539  0.475611140681  0.475611140681  0.204234450000  0.082126500000  0.258004900000 17458.701   387.748     0.727373125     0.994447837  -48.10734
   0  9 0.9755113300000 0.6000000000000 0.0450000000000 0.6000000000000 0.0200000000000 0.9074940169188 0.3576387975753 22334.065000000  2592.238424039 13705.442000000   487.022600000    93.715584627   171.727960000    -215670  0.464142823292  0.464142823292  0.116863100000  0.260857125000  0.405299700000 19717.590   375.565     0.876114000     0.995492179  -48.96477
   0 10 0.9845436900000 0.6000000000000 0.0450000000000 0.6000000000000 0.0200000000000 0.7683292633258 0.2578769488315 20607.901000000  2746.403004828 14009.418000000   432.959500000   102.811870824   188.196945000    -992047  0.527022549027  0.527022549027  0.159819500000  0.135719500000  0.418567900000 17986.520   361.997     0.864091375     0.995298652  -51.48523
   0  7 0.9769109200000 0.6000000000000 0.0450000000000 0.6000000000000 0.0200000000000 0.5466036888918 0.2406459905492 23763.985000000  2240.753657200 11402.544000000   489.255100000   102.358866382   180.907520000    -694566  0.592042526232  0.592042526232  0.153419450000  0.089788125000  0.203271700000 21054.414   381.995     0.890027125     0.995222364  -52.69190
   0 11 0.9856338800000 0.6000000000000 0.0450000000000 0.6000000000000 0.0200000000000 0.8340439773054 0.2560704513825 24273.488500000  2432.127930345 13865.020000000   409.785900000   158.950126530   256.570250000    -631480  0.540156314682  0.540156314682  0.156853450000  0.080159687500  0.428344500000 22031.245   374.441     0.891612125     0.994145230  -52.89350
   0  7 0.9742850300000 0.6000000000000 0.0450000000000 0.6000000000000 0.0200000000000 0.5976087670742 0.2689747775761 24083.719000000  2846.408590467 15334.902000000   438.829300000   118.890553596   211.854865000    -131152  0.564731127774  0.564731127774  0.124553750000  0.072517000000  0.447407000000 21727.261   380.874     0.900293875     0.994608104  -53.15916
   0  6 0.9636278500000 0.6000000000000 0.0450000000000 0.6000000000000 0.0200000000000 0.9218517814575 0.4725127641910 23795.615500000  2514.535779901 12896.906000000   416.176100000   157.742669307   256.004295000    -862361  0.380945487958  0.380945487958  0.152204800000  0.113751187500  0.484131000000 20278.959   377.354     0.852123250     0.994403496  -53.16910
   0  8 0.9784656000000 0.6000000000000 0.0450000000000 0.6000000000000 0.0200000000000 0.8551739405096 0.3496674705290 19146.985000000  2741.271600704 13136.878000000   498.905400000    91.537373720   173.270670000    -431993  0.414519555622  0.414519555622  0.142998250000  0.065393875000  0.301334700000 17643.708   383.708     0.949801750     0.996222182  -52.89146
   0 10 0.9772091400000 0.6000000000000 0.0450000000000 0.6000000000000 0.0200000000000 0.8445587773819 0.3062716817524 21773.477500000  2410.545599284 12668.274000000   373.579300000   164.243546013   250.357095000     -58174  0.549200818589  0.549200818589  0.157442200000  0.081103937500  0.526895800000 19629.691   343.020     0.900372750     0.994266287  -52.40234
   0  6 0.9622387900000 0.6000000000000 0.0450000000000 0.6000000000000 0.0200000000000 0.8548517038497 0.4418050749290 22676.506000000  2431.256584451 12081.820000000   484.110400000   102.598179798   182.771720000    -635675  0.418937961403  0.418937961403  0.177009450000  0.054476000000  0.232588500000 19405.985   380.099     0.860679750     0.995416806  -54.41746
   0 11 0.9809093700000 0.6000000000000 0.0450000000000 0.6000000000000 0.0200000000000 0.9022496088021 0.2927573760398 27232.715500000  2204.917137183 12887.470000000   484.904200000    90.997586180   156.356435000    -433328  0.546730114875  0.546730114875  0.152266750000  0.126596687500  0.467445300000 21318.673   352.639     0.759639625     0.994464580  -49.87363
   0 11 0.9896080100000 0.6000000000000 0.0450000000000 0.6000000000000 0.0200000000000 0.9387167648660 0.2732327637348 22754.171500000  2295.004536833 12653.356000000   418.760400000   134.309744837   229.048015000    -461766  0.444181565199  0.444181565199  0.118411750000  0.197931187500  0.410950300000 18704.577   370.699     0.803031250     0.994614653  -50.20252
   0  6 0.9754032900000 0.6000000000000 0.0450000000000 0.6000000000000 0.0200000000000 0.6889789113204 0.3250283787447 23749.378000000  2746.451201573 14523.038000000   393.064800000   167.636567372   262.120730000     -40267  0.428954254881  0.428954254881  0.170421350000  0.131580812500  0.237022900000 19954.971   361.945     0.837522125     0.994060977  -51.36101
   0  7 0.9899371400000 0.6000000000000 0.0450000000000 0.6000000000000 0.0200000000000 0.7609242993180 0.2912310455881 24178.880500000  2533.255311874 13817.768000000   465.989100000   115.212399692   207.768055000    -215907  0.341831007298  0.341831007298  0.111869900000  0.066898750000  0.224564200000 20471.834   395.434     0.839104125     0.994856205  -54.45650
   0  8 0.9896334100000 0.6000000000000 0.0450000000000 0.6000000000000 0.0200000000000 0.8588739473295 0.3101277711863 22170.215500000  2555.310186681 13571.664000000   498.350300000    90.367708806   166.238970000    -917700  0.339330812760  0.339330812760  0.109551650000  0.088777937500  0.532848500000 19833.644   378.531     0.893645500     0.995590783  -55.09692
   0  6 0.9829426000000 0.6000000000000 0.0450000000000 0.6000000000000 0.0200000000000 0.6261656027590 0.2755940963639 21852.884500000  2706.795933700 13861.258000000   494.126200000    88.118931826   161.093180000    -953166  0.419788529459  0.419788529459  0.139629950000  0.088034375000  0.487191800000 19816.573   370.905     0.917216125     0.995635974  -54.31365
   0  6 0.9731110100000 0.6000000000000 0.0450000000000 0.6000000000000 0.0200000000000 0.9372610140601 0.4502975604257 22071.760000000  2614.859994550 13250.878000000   465.394300000   106.703994217   193.116600000    -515242  0.326397438631  0.326397438631  0.138301550000  0.078118500000  0.287809100000 18320.766   382.092     0.834645000     0.995342906  -55.48719
   0  8 0.9735445000000 0.6000000000000 0.0450000000000 0.6000000000000 0.0200000000000 0.7523539115552 0.3210633539029 25734.647500000  2351.966457032 12808.946000000   406.876800000   158.084642861   249.171560000     -81458  0.511755731473  0.511755731473  0.151428800000  0.144808125000  0.502098400000 19885.635   365.088     0.771338000     0.993787986  -51.20986
   0  6 0.9728826200000 0.6000000000000 0.0450000000000 0.6000000000000 0.0200000000000 0.7851612484525 0.3778854791462 18828.412000000  2723.131636179 12690.966000000   468.458100000   105.422544671   196.653315000    -535989  0.390958342300  0.390958342300  0.183362300000  0.054163875000  0.347217400000 15664.822   386.462     0.849621750     0.996053597  -50.70615
   0  6 0.9762011300000 0.6000000000000 0.0450000000000 0.6000000000000 0.0200000000000 0.6505309776326 0.3048620987973 23473.181500000  2561.433284922 13341.166000000   476.102200000   101.804767187   182.713350000     -75314  0.448829079732  0.448829079732  0.129959450000  0.063367687500  0.513650900000 18779.008   379.024     0.804230375     0.995152068  -55.82926
   0 10 0.9849841000000 0.6000000000000 0.0450000000000 0.6000000000000 0.0200000000000 0.8283341223067 0.2765698762165 22007.932000000  2646.383317684 14144.814000000   477.682600000   106.013787876   198.212860000    -147334  0.484811660059  0.484811660059  0.100443450000  0.119366562500  0.302829900000 20172.636   396.296     0.916443375     0.995448075  -51.63630
   0  7 0.9663519200000 0.6000000000000 0.0450000000000 0.6000000000000 0.0200000000000 0.7847129142325 0.3742606873453 22480.459000000  2547.546777303 13045.564000000   406.532800000   120.151889590   204.388965000    -547583  0.486516925281  0.486516925281  0.123426100000  0.101290750000  0.369593100000 20118.599   352.548     0.900692250     0.994583075  -53.60498
   0  6 0.9816324000000 0.6000000000000 0.0450000000000 0.6000000000000 0.0200000000000 0.4905690386700 0.2187901159598 24837.451000000  2624.578710180 14172.368000000   443.078900000   113.736096026   199.721770000    -404593  0.547080552700  0.547080552700  0.101912250000  0.051319937500  0.477343500000 21008.839   375.374     0.840058500     0.994472667  -54.57269
   0  6 0.9840698400000 0.6000000000000 0.0450000000000 0.6000000000000 0.0200000000000 0.6252057869447 0.2719334510008 23743.519000000  2456.006981923 12840.320000000   374.344100000   241.491899733   299.207065000     -56547  0.412913774644  0.412913774644  0.119381850000  0.071112937500  0.342491300000 20068.854   351.468     0.844098750     0.993736984  -54.12717
   0 12 0.9828735000000 0.6000000000000 0.0450000000000 0.6000000000000 0.0200000000000 0.9565397015280 0.2798709230684 22401.686500000  2682.403577146 14558.082000000   362.263600000   231.750540844   290.857620000    -693697  0.568781001384  0.568781001384  0.152557650000  0.074541312500  0.285274800000 20872.718   341.490     0.933344750     0.993898244  -51.49641
   0 11 0.9843028300000 0.6000000000000 0.0450000000000 0.6000000000000 0.0200000000000 0.9629699407596 0.3005408992658 24620.762500000  2203.594039464 12395.452000000   478.900800000   106.066219576   189.031415000    -545490  0.480014399702  0.480014399702  0.197433350000  0.067711250000  0.396427300000 22095.892   384.819     0.883487375     0.994922765  -52.68632
   0  9 0.9866736100000 0.6000000000000 0.0450000000000 0.6000000000000 0.0200000000000 0.6441141413106 0.2260836834502 19821.148000000  2330.227222875 11633.724000000   424.554000000   125.797409856   221.736620000    -655604  0.535352005226  0.535352005226  0.120010900000  0.055478500000  0.271539300000 17558.036   374.132     0.893753500     0.995382301  -52.46608
   0  6 0.9689587500000 0.6000000000000 0.0450000000000 0.6000000000000 0.0200000000000 0.6752427762599 0.3343912635549 19520.908000000  2921.076136882 13733.432000000   383.772200000   171.775865593   270.314955000    -357171  0.481703911102  0.481703911102  0.191561450000  0.185600250000  0.220512900000 17131.930   357.434     0.892609875     0.995012966  -46.98738
   0 12 0.9853589700000 0.6000000000000 0.0450000000000 0.6000000000000 0.0200000000000 0.8781230563889 0.2490790212133 24338.666500000  2602.875714160 14970.278000000   498.032400000   101.228802822   189.487390000    -521692  0.590066190037  0.590066190037  0.133762850000  0.068640562500  0.386597600000 20694.385   398.003     0.813390000     0.995170552  -53.99600
   0  7 0.9614804800000 0.6000000000000 0.0450000000000 0.6000000000000 0.0200000000000 0.9507740789744 0.4673989620983 25355.608000000  2530.827226423 13548.244000000   463.362800000   119.861014996   210.455415000    -518408  0.432099612205  0.432099612205  0.118125500000  0.091691062500  0.448935900000 19851.209   388.469     0.782956375     0.994646889  -53.32126
   0  7 0.9826217800000 0.6000000000000 0.0450000000000 0.6000000000000 0.0200000000000 0.6366688476843 0.2654860649185 23855.987500000  2685.162707675 14524.482000000   441.686100000   117.518279001   209.177580000    -577324  0.462893349472  0.462893349472  0.137852600000  0.058887312500  0.269659200000 18985.191   379.165     0.794570875     0.994671331  -53.99117
   0  6 0.9586850700000 0.6000000000000 0.0450000000000 0.6000000000000 0.0200000000000 0.8702047534103 0.4588021059698 23205.733000000  3088.512740844 15795.576000000   409.632000000   127.429629487   220.777220000     -57388  0.432446690859  0.432446690859  0.188194300000  0.060451687500  0.594683600000 21698.214   364.900     0.956366500     0.994461729  -50.52830
   0  8 0.9778421800000 0.6000000000000 0.0450000000000 0.6000000000000 0.0200000000000 0.7975758249068 0.3279975797637 26359.981000000  2153.561311888 11400.440000000   465.317900000   112.222985438   192.322430000    -889338  0.449182632511  0.449182632511  0.115676750000  0.084869812500  0.347930200000 17851.008   372.315     0.705376125     0.994425323  -47.47876
   0  6 0.9749046400000 0.6000000000000 0.0450000000000 0.6000000000000 0.0200000000000 0.6584890076505 0.3119112151846 24770.990500000  2571.144026658 13677.528000000   471.552300000   111.827681633   199.587155000    -402721  0.452217586246  0.452217586246  0.154010000000  0.099096500000  0.533939200000 21381.171   391.209     0.858536000     0.994837689  -53.91564
   0  7 0.9896626500000 0.6000000000000 0.0450000000000 0.6000000000000 0.0200000000000 0.4897552192561 0.1881259024746 23732.881000000  2348.958025273 12441.128000000   424.235100000   150.881847589   251.385200000     -49988  0.533651969823  0.533651969823  0.104707800000  0.050258625000  0.554499300000 20662.937   384.910     0.866985750     0.994455282  -52.74578
   0  6 0.9827919800000 0.6000000000000 0.0450000000000 0.6000000000000 0.0200000000000 0.6525181065163 0.2876379477737 24947.854000000  2832.447725349 15500.074000000   435.598200000   101.853455530   180.023455000    -543984  0.403803134996  0.403803134996  0.120660750000  0.133362250000  0.231629800000 20652.559   359.233     0.821819875     0.994349001  -50.89564
   0 10 0.9884218800000 0.6000000000000 0.0450000000000 0.6000000000000 0.0200000000000 0.6650748589516 0.2126318259856 20825.737000000  2574.991759531 13412.152000000   474.214100000    94.675915367   175.822895000    -935192  0.565706276875  0.565706276875  0.124276050000  0.080141812500  0.309223400000 19583.420   377.002     0.967171125     0.995651145  -53.15991
   0  9 0.9777312400000 0.6000000000000 0.0450000000000 0.6000000000000 0.0200000000000 0.7262320888997 0.2805131582801 22281.752500000  2282.738752437 11868.210000000   480.312300000   105.965848299   191.205145000    -147696  0.557819384955  0.557819384955  0.137803600000  0.089252625000  0.565981800000 19233.933   386.359     0.859453625     0.995435151  -54.60424
   0 11 0.9895670800000 0.6000000000000 0.0450000000000 0.6000000000000 0.0200000000000 0.9165240480692 0.2669295747038 21059.044000000  2397.287247445 12710.202000000   454.013000000   115.241891099   210.286935000    -654859  0.455302208880  0.455302208880  0.241791900000  0.086662812500  0.241758400000 18335.825   387.539     0.858110125     0.995402988  -49.30320
   0  7 0.9817606700000 0.6000000000000 0.0450000000000 0.6000000000000 0.0200000000000 0.8151966122064 0.3429360938572 23364.979000000  2356.640336365 12270.274000000   492.144800000    93.209996779   165.337485000    -758383  0.366732237854  0.366732237854  0.110460700000  0.121445750000  0.530944300000 19996.395   369.641     0.854438000     0.995318408  -53.49111
   0  6 0.9716654200000 0.6000000000000 0.0450000000000 0.6000000000000 0.0200000000000 0.6989408033101 0.3394889729887 23565.886000000  2473.484468822 12703.556000000   416.615400000   119.028787844   202.061445000    -564269  0.447211746208  0.447211746208  0.132505550000  0.059795875000  0.406370700000 20663.349   357.860     0.878358500     0.994448675  -54.57454
   0  6 0.9883875000000 0.6000000000000 0.0450000000000 0.6000000000000 0.0200000000000 0.4036350281219 0.1670497872883 23757.046000000  2343.278438340 12112.480000000   477.297100000   106.677401649   189.945250000    -168560  0.596032814793  0.596032814793  0.147758350000  0.109429875000  0.321208500000 18316.741   385.085     0.782029375     0.995071189  -53.50273
   0  8 0.9562509500000 0.6000000000000 0.0450000000000 0.6000000000000 0.0200000000000 0.8758911449636 0.4188118194600 24599.824000000  2766.318467501 14918.236000000   447.809200000   132.252557203   231.922055000    -160578  0.579413256078  0.579413256078  0.146028800000  0.062534000000  0.585111400000 21800.510   392.544     0.878266125     0.994632166  -52.30514
   0  8 0.9655442000000 0.6000000000000 0.0450000000000 0.6000000000000 0.0200000000000 0.9592285848610 0.4340297939756 24040.060000000  2600.326377896 13952.094000000   467.895500000   105.143245176   188.415540000    -987899  0.457243446573  0.457243446573  0.118494500000  0.063631687500  0.554452100000 20173.225   378.345     0.830028625     0.994968207  -55.82960
   0  7 0.9787659100000 0.6000000000000 0.0450000000000 0.6000000000000 0.0200000000000 0.6526215933022 0.2825831129064 21782.590000000  2765.758346574 14213.620000000   480.111600000   104.507296996   194.874785000    -887026  0.481191382051  0.481191382051  0.170406950000  0.072405625000  0.349019000000 17119.066   392.497     0.792720000     0.995533246  -52.45388
   0 10 0.9786161300000 0.6000000000000 0.0450000000000 0.6000000000000 0.0200000000000 0.9662262032186 0.3456650710111 20586.544000000  2364.317097330 12053.864000000   465.204300000   104.921924441   191.148985000     -18887  0.467840014344  0.467840014344  0.138167700000  0.080791500000  0.587565000000 18546.821   379.540     0.906287125     0.995643563  -53.82524
   0  8 0.9604006300000 0.6000000000000 0.0450000000000 0.6000000000000 0.0200000000000 0.9390576412351 0.4387162752105 24692.407000000  2447.735529875 13053.040000000   477.003000000   102.251375988   180.422750000    -178797  0.506685232907  0.506685232907  0.175203800000  0.110352625000  0.338102200000 21688.105   375.087     0.872757625     0.994937296  -52.96277
   0  6 0.9569457800000 0.6000000000000 0.0450000000000 0.6000000000000 0.0200000000000 0.6690838866595 0.3560212140316 23307.671500000  2565.266500412 13014.486000000   372.076000000   161.043356805   243.445255000    -674485  0.576055897823  0.576055897823  0.137772400000  0.168829375000  0.500549000000 20836.179   339.763     0.899543375     0.993878116  -50.74677
   0  7 0.9825861400000 0.6000000000000 0.0450000000000 0.6000000000000 0.0200000000000 0.9217347236779 0.3844982212388 24647.411500000  2563.777639852 13985.948000000   429.164600000   123.597320402   213.685980000    -692418  0.319923818624  0.319923818624  0.139482950000  0.073949750000  0.515471300000 21716.415   374.326     0.874021750     0.994334040  -54.56948
   0  7 0.9728632900000 0.6000000000000 0.0450000000000 0.6000000000000 0.0200000000000 0.7985690277326 0.3635080518300 22676.276500000  2205.157543379 10875.448000000   451.313800000    93.811945373   159.512640000     -90268  0.432223260261  0.432223260261  0.170917800000  0.138858062500  0.247319500000 18322.769   339.458     0.817645125     0.995066578  -46.64432
   0  9 0.9791404800000 0.6000000000000 0.0450000000000 0.6000000000000 0.0200000000000 0.8898019226563 0.3391105293440 25203.773500000  2269.962845372 12450.298000000   397.627700000   175.042330903   263.913690000     -33099  0.444062237195  0.444062237195  0.185878150000  0.163002500000  0.295561600000 21848.326   363.751     0.854357125     0.993758388  -49.37831
   0  8 0.9603230000000 0.6000000000000 0.0450000000000 0.6000000000000 0.0200000000000 0.8876021844154 0.4148652865330 25393.232500000  2214.499249433 11459.108000000   490.681300000   112.968981571   198.205255000    -734065  0.536710658488  0.536710658488  0.151493450000  0.065939750000  0.391198200000 21537.865   392.556     0.846326875     0.994938832  -52.89837
   0  6 0.9684318100000 0.6000000000000 0.0450000000000 0.6000000000000 0.0200000000000 0.7578412064707 0.3766539653468 22062.863500000  2576.642857328 12950.182000000   465.202800000   105.702351106   190.085650000    -179683  0.432509813469  0.432509813469  0.148602950000  0.080778187500  0.279698000000 18025.616   378.222     0.823504375     0.995351031  -55.03664
   0  7 0.9657163800000 0.6000000000000 0.0450000000000 0.6000000000000 0.0200000000000 0.6931524031964 0.3319680373682 21286.816000000  2636.610234326 13183.356000000   362.563200000   185.147762327   264.886935000    -409957  0.556131591808  0.556131591808  0.135800200000  0.115608875000  0.480843700000 18402.284   336.624     0.869054500     0.994249765  -51.99208
   0  7 0.9764707000000 0.6000000000000 0.0450000000000 0.6000000000000 0.0200000000000 0.8566958279717 0.3786084359607 21785.317000000  2542.013301499 12980.614000000   439.432700000   120.815515515   214.644665000    -743867  0.380429703554  0.380429703554  0.124169400000  0.050798750000  0.441934000000 19771.823   381.560     0.918713375     0.995124595  -54.89035
   0  9 0.9796836600000 0.6000000000000 0.0450000000000 0.6000000000000 0.0200000000000 0.9102530080070 0.3450631294076 25728.923500000  2706.003822183 15496.130000000   468.692100000   101.264275828   182.884105000    -597288  0.429913934621  0.429913934621  0.140384450000  0.088318375000  0.357666900000 24215.545   381.561     0.948715000     0.994592901  -50.04475
   0  9 0.9807647700000 0.6000000000000 0.0450000000000 0.6000000000000 0.0200000000000 0.8217111164487 0.3081365993324 24133.790500000  2639.398178994 14644.638000000   477.740300000    99.531568729   181.752325000    -308255  0.467139600517  0.467139600517  0.134559850000  0.052734937500  0.257352800000 20179.488   381.168     0.819201375     0.995021311  -55.38151
   0  8 0.9726793300000 0.6000000000000 0.0450000000000 0.6000000000000 0.0200000000000 0.9223042943835 0.3963275757626 25737.941500000  2200.500516671 11607.142000000   457.682600000   112.458431219   192.598875000    -847779  0.423477724600  0.423477724600  0.119328300000  0.059545000000  0.315852900000 19521.202   370.033     0.765012125     0.994478818  -52.39052
   0  6 0.9654664400000 0.6000000000000 0.0450000000000 0.6000000000000 0.0200000000000 0.7226092393920 0.3662006322007 21707.827000000  2446.400871454 12014.636000000   499.497500000   104.680788566   190.600320000    -250207  0.473424491379  0.473424491379  0.142176100000  0.079581187500  0.408226300000 19539.777   396.716     0.914284500     0.995743928  -54.05362
   0  7 0.9702196300000 0.6000000000000 0.0450000000000 0.6000000000000 0.0200000000000 0.9089424578908 0.4220641123258 21091.687000000  2640.603478191 13207.498000000   446.005100000   104.528293975   188.221645000    -877630  0.395767045012  0.395767045012  0.118453000000  0.121052437500  0.494282900000 19540.960   369.444     0.951337250     0.995361444  -52.08785
   0  7 0.9873561200000 0.6000000000000 0.0450000000000 0.6000000000000 0.0200000000000 0.5938075924688 0.2348263071596 27589.493500000  2351.579630299 13102.162000000   465.970900000   106.714426894   183.998205000    -584436  0.458088138634  0.458088138634  0.182611950000  0.097316562500  0.325751800000 16264.512   369.512     0.643666750     0.994141129  -46.30942
   0  7 0.9768238200000 0.6000000000000 0.0450000000000 0.6000000000000 0.0200000000000 0.9314080948129 0.4103700891508 19039.876000000  3546.994993158 15345.640000000   499.863800000    91.415383078   182.432680000    -168632  0.347932176887  0.347932176887  0.181747850000  0.084490500000  0.285484500000 17287.176   395.671     0.930004875     0.996253518  -50.22308
   0  6 0.9742950600000 0.6000000000000 0.0450000000000 0.6000000000000 0.0200000000000 0.5224267733002 0.2486765025160 22582.897000000  2524.756685359 12860.190000000   359.800100000   199.709991374   270.450220000    -863307  0.575261439471  0.575261439471  0.131291300000  0.180167375000  0.452182300000 20021.983   335.734     0.891803625     0.993833570  -50.60649
   0  8 0.9789728600000 0.6000000000000 0.0450000000000 0.6000000000000 0.0200000000000 0.8906570800664 0.3624474961191 23447.936500000  2315.387212665 12179.656000000   471.339300000   100.333657011   177.319780000    -187264  0.394583376087  0.394583376087  0.117810750000  0.090541687500  0.226811900000 18644.144   369.179     0.795650375     0.995101744  -54.04631
   0  6 0.9552293400000 0.6000000000000 0.0450000000000 0.6000000000000 0.0200000000000 0.9026224879676 0.4844983964941 23569.004500000  2450.288183113 12287.380000000   490.720300000   104.038284052   184.859520000    -138637  0.437127864192  0.437127864192  0.105619650000  0.053075625000  0.593942000000 19428.446   383.461     0.828131375     0.995307693  -55.50657
   0  6 0.9812093600000 0.6000000000000 0.0450000000000 0.6000000000000 0.0200000000000 0.6665003603201 0.2984925016567 22058.881000000  2578.455621495 13169.806000000   480.682900000    96.813516068   175.726760000    -824699  0.405368211612  0.405368211612  0.140187100000  0.087931062500  0.208196800000 19405.416   377.840     0.884378625     0.995476109  -55.60729
   0  8 0.9898243900000 0.6000000000000 0.0450000000000 0.6000000000000 0.0200000000000 0.6808973821056 0.2452358216069 21747.409000000  2633.827975890 13861.230000000   412.575600000   127.979346502   223.321450000    -244492  0.426547768817  0.426547768817  0.159489650000  0.070197250000  0.298424900000 18910.791   368.110     0.865917000     0.994774942  -54.30769
   0 10 0.9889029000000 0.6000000000000 0.0450000000000 0.6000000000000 0.0200000000000 0.6554504914910 0.2082022644174 27920.972500000  2362.975793344 14191.040000000   472.005400000   112.376704513   197.790750000    -183629  0.568755661767  0.568755661767  0.195809300000  0.087234687500  0.422566400000 23503.632   389.447     0.812213625     0.994140229  -50.31894
   0  7 0.9651516400000 0.6000000000000 0.0450000000000 0.6000000000000 0.0200000000000 0.6488151833353 0.3118661732766 25580.140000000  2660.478007924 14515.256000000   434.089700000   109.773746903   189.531590000    -556199  0.599244981046  0.599244981046  0.159025400000  0.105485062500  0.315251600000 22289.897   361.530     0.862184375     0.994229562  -52.33937
   0 10 0.9865435200000 0.6000000000000 0.0450000000000 0.6000000000000 0.0200000000000 0.7661729635895 0.2509814852525 19180.681000000  3294.440165065 14987.916000000   434.134600000   102.734819273   196.549640000    -411172  0.508930417142  0.508930417142  0.211929400000  0.058771437500  0.576268500000 17645.629   370.837     0.935342375     0.995630498  -50.07762
   0  9 0.9770491300000 0.6000000000000 0.0450000000000 0.6000000000000 0.0200000000000 0.9460899037900 0.3677466019902 25692.716500000  2299.584090753 12729.214000000   491.449100000   102.429564038   181.572145000     -46886  0.433366279833  0.433366279833  0.124117250000  0.051804250000  0.274703600000 20801.261   382.558     0.797079500     0.994857324  -55.28426
   0  9 0.9810923900000 0.6000000000000 0.0450000000000 0.6000000000000 0.0200000000000 0.9707025337381 0.3627872576079 23651.192500000  2354.867540203 12752.642000000   490.600400000    98.334247518   177.102225000    -720016  0.393126716391  0.393126716391  0.128645400000  0.064052000000  0.270590200000 19889.180   380.411     0.829557500     0.995247913  -56.28624
   0  6 0.9849015700000 0.6000000000000 0.0450000000000 0.6000000000000 0.0200000000000 0.5783293572747 0.2492862959372 24450.122500000  2408.287722145 12655.030000000   462.460200000   102.432690069   179.355580000    -918818  0.440436792987  0.440436792987  0.126810200000  0.066818562500  0.263734000000 19658.363   369.204     0.806119500     0.994776766  -55.17760
   0  9 0.9808900300000 0.6000000000000 0.0450000000000 0.6000000000000 0.0200000000000 0.8033596477457 0.3008695823394 25277.551000000  2480.079470529 13990.776000000   485.943400000    97.994600831   175.919030000    -867560  0.476740938463  0.476740938463  0.136999750000  0.057461312500  0.313003500000 22782.277   380.826     0.889466875     0.994873035  -54.59649
   0  6 0.9775129400000 0.6000000000000 0.0450000000000 0.6000000000000 0.0200000000000 0.7362143334553 0.3411603685569 20622.359500000  2708.680470660 13367.778000000   425.638300000   125.868897623   223.598870000    -707085  0.388709100143  0.388709100143  0.126135300000  0.077517187500  0.296244200000 18372.285   377.177     0.903257500     0.995232922  -54.00166
   0  6 0.9807541100000 0.6000000000000 0.0450000000000 0.6000000000000 0.0200000000000 0.7972487027270 0.3586273806238 26095.057000000  2090.562798420 10198.692000000   492.835200000   114.314052047   198.407080000    -525322  0.341323540095  0.341323540095  0.145070750000  0.076366875000  0.447063700000 18022.247   391.160     0.728920000     0.994781624  -47.85831
   0  8 0.9856246200000 0.6000000000000 0.0450000000000 0.6000000000000 0.0200000000000 0.7543089210761 0.2862998230907 24414.239500000  2698.883395350 15009.612000000   465.436800000   122.119062634   222.135330000    -799128  0.415106864098  0.415106864098  0.122097450000  0.118106125000  0.240527700000 21005.268   403.534     0.846943375     0.994815408  -51.22875
   0  8 0.9713031700000 0.6000000000000 0.0450000000000 0.6000000000000 0.0200000000000 0.9474748606191 0.4115258854835 24496.927000000  2634.032384448 14379.778000000   412.327100000   128.680176993   217.848450000    -521424  0.421675502721  0.421675502721  0.118211550000  0.106386750000  0.536562700000 20388.108   361.504     0.821228625     0.994170151  -53.45666
   0  7 0.9767392500000 0.6000000000000 0.0450000000000 0.6000000000000 0.0200000000000 0.8423302646087 0.3713961113456 20011.903000000  2499.246738206 12205.810000000   420.736400000   130.646721647   228.487975000     -39947  0.385250627635  0.385250627635  0.151193450000  0.086490500000  0.483621800000 17431.228   373.984     0.882299000     0.995321871  -52.67543
   0  6 0.9783859700000 0.6000000000000 0.0450000000000 0.6000000000000 0.0200000000000 0.8216201877825 0.3778084937254 23830.796500000  2459.253000988 12777.304000000   445.117600000   116.771629905   204.055580000    -963265  0.343647697386  0.343647697386  0.126396950000  0.115706125000  0.494455400000 20249.454   377.456     0.848865250     0.994730065  -54.53472
   0  9 0.9882074900000 0.6000000000000 0.0450000000000 0.6000000000000 0.0200000000000 0.7965114106747 0.2742219465136 24976.379500000  2658.672489975 15174.842000000   433.567800000   116.505149288   205.634170000    -387543  0.420819196969  0.420819196969  0.153947400000  0.070577062500  0.524599500000 21994.928   374.276     0.861762125     0.994296306  -53.32007
   0  6 0.9663469700000 0.6000000000000 0.0450000000000 0.6000000000000 0.0200000000000 0.8811098195444 0.4440187301342 24903.965500000  2379.494494413 12191.598000000   444.717600000   113.714522314   194.460345000    -649719  0.383388320759  0.383388320759  0.180530750000  0.069684500000  0.385286300000 20157.092   366.909     0.812160250     0.994514367  -53.29626
   0  9 0.9656568600000 0.6000000000000 0.0450000000000 0.6000000000000 0.0200000000000 0.8380380944496 0.3563882543977 27373.129000000  2349.648202898 13210.750000000   407.058200000   144.839176525   229.680530000    -792736  0.595007786389  0.595007786389  0.155522150000  0.070056125000  0.566554800000 21494.717   356.949     0.772804250     0.993414046  -52.30324
   0  6 0.9792412800000 0.6000000000000 0.0450000000000 0.6000000000000 0.0200000000000 0.4924418837586 0.2246904419697 23444.602000000  2785.958903887 14724.288000000   476.319100000   111.642738078   205.534590000    -536423  0.565810699667  0.565810699667  0.122442750000  0.135210687500  0.370940700000 22013.527   402.931     0.961295750     0.995152975  -49.45619
   0  6 0.9773262700000 0.6000000000000 0.0450000000000 0.6000000000000 0.0200000000000 0.6707247287410 0.3113182679632 24337.046500000  2810.517514984 15092.938000000   446.204800000   114.918596000   205.311575000    -111753  0.427887904936  0.427887904936  0.150131450000  0.104372937500  0.308351500000 21379.831   382.034     0.873952000     0.994634020  -52.91800
   0  9 0.9887464400000 0.6000000000000 0.0450000000000 0.6000000000000 0.0200000000000 0.7145681354482 0.2442859799955 24902.345500000  2155.570861763 11699.886000000   416.250000000   143.752517652   235.207610000    -414983  0.464401291561  0.464401291561  0.174543000000  0.094111687500  0.323267600000 18300.173   367.862     0.741715625     0.994074368  -51.07124
   0  9 0.9729264300000 0.6000000000000 0.0450000000000 0.6000000000000 0.0200000000000 0.7952757431820 0.3203511155023 21796.832500000  2493.840621355 12948.530000000   419.244800000   123.658740229   214.676190000    -506469  0.553968447801  0.553968447801  0.141426650000  0.100605062500  0.282447400000 17786.729   363.929     0.810509875     0.994895044  -53.46520
   0  6 0.9579652100000 0.6000000000000 0.0450000000000 0.6000000000000 0.0200000000000 0.7440336251817 0.3937924212833 21304.555000000  2655.098219222 13023.844000000   453.338100000   120.730868617   216.707635000    -385989  0.510825882797  0.510825882797  0.126444750000  0.062023500000  0.217941100000 18015.533   388.442     0.852588875     0.995406358  -54.49981
   0  8 0.9779536800000 0.6000000000000 0.0450000000000 0.6000000000000 0.0200000000000 0.8209103952853 0.3372492347140 20800.033000000  2399.879842820 12047.476000000   498.267900000   106.248543558   197.144910000    -273983  0.435590454573  0.435590454573  0.151510350000  0.068596500000  0.491433400000 18964.638   403.616     0.928326250     0.995891821  -52.85096
   0  6 0.9625390600000 0.6000000000000 0.0450000000000 0.6000000000000 0.0200000000000 0.5966601052792 0.3078232603191 23106.886000000  2549.308752925 12952.022000000   463.113700000   131.321794092   232.879180000     -26978  0.597692401467  0.597692401467  0.121407900000  0.084406937500  0.412191100000 18769.539   402.302     0.816639250     0.995117704  -52.69868
   0  6 0.9639247600000 0.6000000000000 0.0450000000000 0.6000000000000 0.0200000000000 0.8464858430815 0.4331015465819 22133.536000000  2507.543166759 12478.638000000   392.909500000   160.334835892   253.274490000     -67666  0.413119531850  0.413119531850  0.118731550000  0.061486375000  0.538828000000 18861.662   358.664     0.857447625     0.994485693  -54.54939
   0 11 0.9897934400000 0.6000000000000 0.0450000000000 0.6000000000000 0.0200000000000 0.8514434661538 0.2471701704964 23870.324500000  2614.045375655 14868.394000000   462.053000000   104.347193678   191.184995000    -996538  0.487932488937  0.487932488937  0.114954500000  0.155157687500  0.521317200000 21607.259   382.951     0.886081125     0.994879130  -51.57124
   0  6 0.9727161600000 0.6000000000000 0.0450000000000 0.6000000000000 0.0200000000000 0.8520820038423 0.4106155141016 24208.702000000  2633.732094166 13916.886000000   488.501700000   104.614141774   189.646965000    -245790  0.361149347997  0.361149347997  0.135161900000  0.067111062500  0.294825400000 20317.661   392.447     0.836303250     0.995134420  -55.72591
   0  6 0.9596270600000 0.6000000000000 0.0450000000000 0.6000000000000 0.0200000000000 0.6879944703815 0.3608784535243 25797.881500000  2468.517736806 12890.468000000   426.275700000   150.134811382   245.193625000     -25750  0.539888395733  0.539888395733  0.256692100000  0.086869250000  0.423303800000 19628.592   378.129     0.769454250     0.994082254  -47.75778
 
  COND2           1      513898  5.660565336781919E+043  6.555142031681354E+041
  1.158036634448249E-002         100
    513898  10756285    461272         0     15090         0         0         0         0         0   2305631         0         0   3247824    513898
 PARAMETER FILE GP58B.PAR   
