  Aa Am            MSYL            MSYR           MORTJ           MORTA             K1+           PInit      ISEED   PTarget           CVADD              AR        PREG-MAX           GAMMA              P0   SSTILDA     LIKEL
   0  7 0.9640988900000 0.6000000000000 0.0450000000000 0.6000000000000 0.0200000000000 0.8549620320445 0.4136963828841 22357.528000000  2448.664923602 12369.340000000   270.502600000    69.188372761    91.001774073    -262161  0.462045447168  0.462045447168  0.111719700000  0.076141500000  0.493277800000 19211.935   191.781     0.862165250     0.991908927  -56.86905
   0  9 0.9847812400000 0.6000000000000 0.0450000000000 0.6000000000000 0.0200000000000 0.6699296406779 0.2405048260545 22525.832500000  2239.068969434 11757.704000000   340.616700000    59.956377887    81.062690318    -640456  0.532884662111  0.532884662111  0.132426650000  0.078210125000  0.495300500000 16662.233   200.484     0.749409375     0.993466965  -53.28081
   0  6 0.9747811600000 0.6000000000000 0.0450000000000 0.6000000000000 0.0200000000000 0.5159539554187 0.2446398351594 25810.531000000  2412.548223872 12735.724000000   251.390200000    78.591379821    96.955514550    -771391  0.578223109133  0.578223109133  0.153031350000  0.161758500000  0.501245900000 22785.326   190.277     0.879317375     0.989910824  -51.18162
   0  8 0.9893238600000 0.6000000000000 0.0450000000000 0.6000000000000 0.0200000000000 0.8995337366296 0.3261446705106 23777.323000000  2334.195451209 12584.774000000   291.065100000    70.104329785    94.502577782    -225994  0.325812877498  0.325812877498  0.164950400000  0.099433375000  0.480225500000 19863.582   206.753     0.828395875     0.991905289  -53.91687
   0  6 0.9694085200000 0.6000000000000 0.0450000000000 0.6000000000000 0.0200000000000 0.6127315324338 0.3024883913028 20374.256500000  2338.295208062 11067.540000000   426.545500000    52.271704266    69.847523868    -870126  0.527370881981  0.527370881981  0.136646250000  0.119009312500  0.502716100000 16685.864   190.867     0.835106000     0.995316174  -50.23755
   0  6 0.9594020600000 0.6000000000000 0.0450000000000 0.6000000000000 0.0200000000000 0.7212138454617 0.3787708707915 23180.002000000  2354.512693685 11604.570000000   371.775200000    58.542963286    78.574261069    -862478  0.516630977263  0.516630977263  0.189170150000  0.050196375000  0.328384900000 16695.310   199.551     0.747307625     0.993903593  -53.70869
   0 10 0.9840557100000 0.6000000000000 0.0450000000000 0.6000000000000 0.0200000000000 0.7282266170317 0.2458135263287 21028.885000000  2264.907280230 11699.514000000   330.231600000    58.881574480    80.117101073    -331557  0.561162907131  0.561162907131  0.144431300000  0.080612312500  0.441902300000 18943.736   199.380     0.905124500     0.993712134  -55.08305
   0  9 0.9881738300000 0.6000000000000 0.0450000000000 0.6000000000000 0.0200000000000 0.7270109945839 0.2504033614752 24772.313500000  2245.504462121 12365.906000000   255.309300000    73.281123039    90.945968628    -815640  0.461336546044  0.461336546044  0.163478450000  0.073838875000  0.376973600000 17916.842   183.071     0.730561250     0.990393316  -53.56640
   0 12 0.9815372500000 0.6000000000000 0.0450000000000 0.6000000000000 0.0200000000000 0.9761465643702 0.2901389917065 23053.912000000  2572.460683028 14260.112000000   227.720200000    97.524534171   121.726816893    -608204  0.572108126578  0.572108126578  0.162464450000  0.076500437500  0.270059300000 19564.108   190.550     0.816450750     0.990018183  -53.76405
   0  9 0.9858142400000 0.6000000000000 0.0450000000000 0.6000000000000 0.0200000000000 0.7708282473630 0.2733908511801 23112.853000000  2666.585092082 14558.490000000   213.917200000   108.228237541   126.575459242    -678296  0.454466287520  0.454466287520  0.129232900000  0.072020250000  0.511438600000 20394.868   184.810     0.870437500     0.989319465  -55.34102
   0  6 0.9501742600000 0.6000000000000 0.0450000000000 0.6000000000000 0.0200000000000 0.8636297139389 0.4747883609356 25213.682500000  2460.196902357 12582.976000000   288.187700000    72.155455981    94.473357797    -568665  0.488956244271  0.488956244271  0.108824550000  0.059665625000  0.228601400000 22047.935   202.546     0.874075625     0.991459020  -54.86697
   0  8 0.9757103000000 0.6000000000000 0.0450000000000 0.6000000000000 0.0200000000000 0.6788572290238 0.2845048836940 26138.000500000  2478.856923342 13854.236000000   223.842800000    99.423038727   115.131337047    -257285  0.547043019928  0.547043019928  0.145760850000  0.109443187500  0.586122300000 21428.904   183.873     0.807366375     0.988520675  -53.85142
   0  6 0.9825541300000 0.6000000000000 0.0450000000000 0.6000000000000 0.0200000000000 0.7489308731885 0.3309416089869 22689.263500000  2324.707600358 11670.336000000   361.944400000    58.916997532    79.642960131    -711295  0.353154307023  0.353154307023  0.151910500000  0.062953875000  0.408103000000 17584.257   203.578     0.789199125     0.993815614  -55.77698
   0  8 0.9764732100000 0.6000000000000 0.0450000000000 0.6000000000000 0.0200000000000 0.9316697577176 0.3878744532001 23202.169000000  2393.919122991 12618.890000000   275.974100000    71.376140490    95.056959391     -97298  0.393525453530  0.393525453530  0.117060950000  0.077101750000  0.381215700000 21326.900   201.673     0.929113750     0.991732010  -54.38591
   0  9 0.9695030200000 0.6000000000000 0.0450000000000 0.6000000000000 0.0200000000000 0.8598954999573 0.3557830246661 23901.550000000  2484.186799843 13442.960000000   222.465900000    90.351954917   108.448096514     -98913  0.543344723185  0.543344723185  0.119023200000  0.071351000000  0.597928700000 19382.265   179.041     0.799363500     0.989464344  -55.91572
   0  6 0.9555906100000 0.6000000000000 0.0450000000000 0.6000000000000 0.0200000000000 0.6594984497604 0.3533571471227 21563.633500000  2522.267118445 12307.162000000   319.081000000    64.508725652    89.991379380    -789881  0.595343114295  0.595343114295  0.157488800000  0.080844500000  0.579131300000 19141.291   208.737     0.898998750     0.993397198  -54.64256
   0  6 0.9553511600000 0.6000000000000 0.0450000000000 0.6000000000000 0.0200000000000 0.8396986216411 0.4504486110203 24276.094000000  2694.820328385 14024.748000000   216.833400000   101.100491311   117.902152538    -248661  0.469107295077  0.469107295077  0.176363500000  0.164340187500  0.420058100000 22362.588   183.136     0.931984375     0.989061917  -50.00420
   0  6 0.9769105500000 0.6000000000000 0.0450000000000 0.6000000000000 0.0200000000000 0.8946776168721 0.4167593723949 20729.374000000  2391.406260484 11604.982000000   367.393400000    57.118173021    78.580955863     -92456  0.322831419702  0.322831419702  0.153304700000  0.083149562500  0.514118500000 18324.121   203.507     0.897850875     0.994450116  -54.77020
   0 10 0.9861278100000 0.6000000000000 0.0450000000000 0.6000000000000 0.0200000000000 0.8974115106115 0.2954989186430 20542.952500000  2298.743432133 11798.056000000   344.897200000    58.505934818    81.718408167    -669235  0.437937680610  0.437937680610  0.114973250000  0.091040187500  0.448124100000 18466.225   206.214     0.903457625     0.994110929  -53.97357
   0  9 0.9691910400000 0.6000000000000 0.0450000000000 0.6000000000000 0.0200000000000 0.9297948104419 0.3855996444677 26158.817500000  2369.495390276 13190.416000000   235.727800000    87.295224456   104.344257712    -285750  0.505175526528  0.505175526528  0.239904900000  0.071460812500  0.306964700000 21867.065   184.391     0.819391375     0.989119261  -51.56106
   0  7 0.9667599000000 0.6000000000000 0.0450000000000 0.6000000000000 0.0200000000000 0.6522517781746 0.3102455344648 21715.306000000  2457.330548233 12302.500000000   307.674600000    65.107147476    89.915621281    -633296  0.581690567115  0.581690567115  0.243418200000  0.062284437500  0.427276300000 14919.147   201.422     0.721411375     0.993085304  -48.87144
   0  6 0.9801272500000 0.6000000000000 0.0450000000000 0.6000000000000 0.0200000000000 0.7432724475125 0.3363512663588 20982.013000000  2448.799837337 12079.010000000   280.079000000    64.736048744    86.283912659    -460031  0.369724815629  0.369724815629  0.117849700000  0.073947625000  0.367303400000 18829.331   192.343     0.911689500     0.992619279  -55.82275
   0  7 0.9737205500000 0.6000000000000 0.0450000000000 0.6000000000000 0.0200000000000 0.8222149915386 0.3717500905479 24006.350500000  2439.951636839 12845.476000000   239.149400000    79.594054552    98.738987446    -707831  0.414150472426  0.414150472426  0.159194200000  0.055869687500  0.313824700000 20965.740   184.996     0.870624250     0.990140246  -56.82371
   0  6 0.9691743600000 0.6000000000000 0.0450000000000 0.6000000000000 0.0200000000000 0.5962155869390 0.2948152860273 22697.404000000  2526.505767354 12815.282000000   218.784500000    81.760532016    98.248330355    -270064  0.543838174422  0.543838174422  0.150060600000  0.075818750000  0.347062800000 18194.809   171.291     0.808662125     0.989827957  -53.91062
   0  7 0.9585090500000 0.6000000000000 0.0450000000000 0.6000000000000 0.0200000000000 0.8100695275172 0.4049912106393 19940.029000000  2709.857320537 12974.002000000   224.279900000    77.859964164   100.827530622     -54924  0.529932597202  0.529932597202  0.138660800000  0.111260562500  0.445443900000 17962.753   178.382     0.919232375     0.991308558  -52.77176
   0  6 0.9854468800000 0.6000000000000 0.0450000000000 0.6000000000000 0.0200000000000 0.5438760320748 0.2330215333622 25618.264000000  2748.364108332 15231.040000000   197.875000000   153.932184991   137.504400015    -226881  0.464217693798  0.464217693798  0.163069050000  0.130082812500  0.491904100000 22016.760   174.178     0.849800250     0.987204966  -50.92387
   0  8 0.9720473600000 0.6000000000000 0.0450000000000 0.6000000000000 0.0200000000000 0.9559828317613 0.4128443207055 23682.418000000  2554.328128459 13686.646000000   234.082300000    89.362659997   112.407997251    -155704  0.412840192492  0.412840192492  0.105805100000  0.102714937500  0.578561300000 19378.883   189.845     0.811604750     0.990069512  -54.18607
   0  7 0.9670376600000 0.6000000000000 0.0450000000000 0.6000000000000 0.0200000000000 0.9502870786861 0.4511693245036 22845.229000000  2584.003946434 13372.636000000   244.301200000    82.337163985   107.305332422    -635584  0.397566855651  0.397566855651  0.134914600000  0.072953875000  0.591102300000 19509.290   193.852     0.852710625     0.990837645  -56.50597
   0  8 0.9861286400000 0.6000000000000 0.0450000000000 0.6000000000000 0.0200000000000 0.5697375931290 0.2149721590698 22983.239500000  2408.795098046 12841.444000000   199.756200000    88.479276513    98.673465252    -947018  0.544700660062  0.544700660062  0.140251400000  0.141255312500  0.331531800000 20241.990   162.144     0.876668375     0.988624125  -51.02643
   0  6 0.9664640500000 0.6000000000000 0.0450000000000 0.6000000000000 0.0200000000000 0.8088081242300 0.4072749536928 21586.961500000  2388.314142375 11625.080000000   355.733400000    58.230478084    78.907551765    -844456  0.416957758107  0.416957758107  0.116200150000  0.055616625000  0.355778500000 18954.913   200.671     0.888900500     0.994055364  -56.20606
   0  7 0.9774265800000 0.6000000000000 0.0450000000000 0.6000000000000 0.0200000000000 0.7721118818244 0.3383902506009 26173.843000000  2377.056395770 12873.206000000   260.622500000    78.830403215    99.189599752     -87081  0.415654660186  0.415654660186  0.183349800000  0.083657937500  0.348149000000 20359.767   194.254     0.778499000     0.990119202  -53.81793
   0  7 0.9694189100000 0.6000000000000 0.0450000000000 0.6000000000000 0.0200000000000 0.8683452003974 0.4055415053173 24119.210500000  2334.335385198 12044.014000000   288.157500000    66.626467569    85.715227127      -5143  0.419443284678  0.419443284678  0.213410300000  0.059208187500  0.479172300000 19232.433   190.972     0.801060875     0.991792344  -53.98157
   0  7 0.9802280800000 0.6000000000000 0.0450000000000 0.6000000000000 0.0200000000000 0.5384065962166 0.2299416403865 25208.728000000  2587.829845744 14233.202000000   207.614900000   111.926434463   121.289532185    -331637  0.569487915208  0.569487915208  0.118417850000  0.061050937500  0.415495100000 21558.711   176.770     0.845335500     0.988036784  -55.59114
   0 11 0.9897312300000 0.6000000000000 0.0450000000000 0.6000000000000 0.0200000000000 0.7911825349100 0.2298826721728 22231.735000000  2175.260926248 11725.048000000   349.685100000    58.923236363    80.532031059    -498736  0.525737431992  0.525737431992  0.149834650000  0.061797125000  0.505064700000 18661.287   204.776     0.825435500     0.993698359  -56.27071
   0  7 0.9717057700000 0.6000000000000 0.0450000000000 0.6000000000000 0.0200000000000 0.6007787548425 0.2759142052152 26824.988500000  2314.683648992 12379.108000000   250.057600000    76.548862246    91.160504222    -700134  0.585057640065  0.585057640065  0.221829500000  0.136753500000  0.216794400000 21662.839   180.974     0.804172625     0.989471791  -49.40343
   0  6 0.9545488300000 0.6000000000000 0.0450000000000 0.6000000000000 0.0200000000000 0.6979004912556 0.3758753110075 21971.401000000  2371.687946831 11425.080000000   416.115100000    55.509915625    75.657550991    -246561  0.570597840983  0.570597840983  0.146640850000  0.065048125000  0.474053200000 20017.061   205.291     0.931228375     0.994842108  -54.42137
   0 11 0.9893123200000 0.6000000000000 0.0450000000000 0.6000000000000 0.0200000000000 0.8324216250623 0.2433173061781 23373.916000000  2327.411643975 13031.808000000   233.389900000    81.801084072   101.766878366    -914417  0.503811919210  0.503811919210  0.141166700000  0.099408062500  0.299829000000 19828.652   183.639     0.825827750     0.990076284  -55.91041
   0  6 0.9816180000000 0.6000000000000 0.0450000000000 0.6000000000000 0.0200000000000 0.6066946908852 0.2706198164322 20420.345500000  2407.599122896 11702.866000000   324.669600000    59.093786677    80.171573758    -444193  0.442466126350  0.442466126350  0.179831100000  0.068891125000  0.239271000000 18081.696   196.765     0.899987375     0.993798344  -54.26451
   0  8 0.9743582100000 0.6000000000000 0.0450000000000 0.6000000000000 0.0200000000000 0.6893183611717 0.2922072515360 24113.729500000  2424.418366672 13000.958000000   239.219200000    81.333996212   101.265566945    -759055  0.551050616004  0.551050616004  0.154601550000  0.065246000000  0.227741000000 20075.589   185.680     0.825224750     0.990096343  -56.88298
   0  6 0.9717985600000 0.6000000000000 0.0450000000000 0.6000000000000 0.0200000000000 0.9440032784771 0.4580673631632 25378.868500000  2301.498629592 11752.474000000   314.411400000    63.556402979    80.977703631    -238898  0.330462873316  0.330462873316  0.173233600000  0.105309937500  0.228414300000 19568.951   192.324     0.781204625     0.992077820  -53.52015
   0  7 0.9823244900000 0.6000000000000 0.0450000000000 0.6000000000000 0.0200000000000 0.7327825135556 0.3065029419673 25548.118000000  2563.377962297 14190.744000000   226.222700000   101.870626219   120.599588752    -464793  0.404175096461  0.404175096461  0.143337900000  0.065345375000  0.392073100000 21918.985   190.314     0.847137375     0.988860051  -54.52886
   0  6 0.9603077100000 0.6000000000000 0.0450000000000 0.6000000000000 0.0200000000000 0.9184053028927 0.4799217443226 21849.266500000  2355.378865212 11370.110000000   382.306600000    55.947640471    74.764288068    -947321  0.400630968536  0.400630968536  0.158778300000  0.096023812500  0.297957200000 19426.620   197.415     0.902449000     0.994410721  -53.44696
   0  8 0.9859987700000 0.6000000000000 0.0450000000000 0.6000000000000 0.0200000000000 0.6064124120262 0.2291607865561 24401.576500000  2206.609944895 11686.018000000   357.155400000    60.053326498    79.897792339     -78169  0.512937694436  0.512937694436  0.192190550000  0.055424750000  0.355504100000 18248.829   203.517     0.757502625     0.993245429  -54.31874
   0  6 0.9847913600000 0.6000000000000 0.0450000000000 0.6000000000000 0.0200000000000 0.4429730003256 0.1911725735599 23089.876000000  2431.082577978 12542.504000000   283.819600000    69.927389146    93.815687299    -106084  0.576043454574  0.576043454574  0.132995100000  0.052351000000  0.493001500000 20328.266   203.825     0.882414125     0.991963220  -56.74640
   0  9 0.9807657800000 0.6000000000000 0.0450000000000 0.6000000000000 0.0200000000000 0.8101539850319 0.3037996140437 23660.885500000  2154.540834832 11298.814000000   467.191400000    54.060375409    73.605728447    -683692  0.473794955528  0.473794955528  0.154528200000  0.077295500000  0.499433500000 19390.565   211.270     0.815673125     0.995008654  -54.93682
   0  7 0.9517030700000 0.6000000000000 0.0450000000000 0.6000000000000 0.0200000000000 0.9405299854088 0.4867900323132 25803.484000000  2225.382109373 11187.722000000   372.183500000    57.168440766    71.800481975    -735693  0.503699313402  0.503699313402  0.213743250000  0.129260000000  0.299692800000 20399.738   187.684     0.798385875     0.993230492  -48.82383
   0  6 0.9793939200000 0.6000000000000 0.0450000000000 0.6000000000000 0.0200000000000 0.6753810526593 0.3077285207594 24056.557000000  2306.668686794 11722.738000000   315.350600000    62.321984476    80.494492948    -523312  0.411572333755  0.411572333755  0.146235600000  0.074813125000  0.240615500000 20796.221   195.140     0.865890250     0.992487154  -55.77507
   0  7 0.9513197500000 0.6000000000000 0.0450000000000 0.6000000000000 0.0200000000000 0.8095528877277 0.4197576428410 19886.650000000  2588.496387467 12284.418000000   304.134000000    63.661420772    89.621794224    -637478  0.588402029757  0.588402029757  0.155440900000  0.076677812500  0.483583600000 16172.697   200.505     0.825964750     0.993615758  -53.15760
   0  8 0.9763722000000 0.6000000000000 0.0450000000000 0.6000000000000 0.0200000000000 0.8827567231179 0.3678369614424 25324.733500000  2289.572126253 12312.286000000   272.844700000    71.284316309    90.074645877    -926968  0.416036887102  0.416036887102  0.149439750000  0.085018062500  0.593317100000 19502.601   190.031     0.771444875     0.990872568  -55.33623
   0 10 0.9880556300000 0.6000000000000 0.0450000000000 0.6000000000000 0.0200000000000 0.8762606363421 0.2815151360554 20416.133500000  2377.654455501 12242.976000000   289.476700000    64.311445220    88.948363066     -10637  0.432379458273  0.432379458273  0.172192200000  0.056345937500  0.448408600000 18544.234   200.165     0.915264500     0.993017713  -55.18159
   0  6 0.9882294000000 0.6000000000000 0.0450000000000 0.6000000000000 0.0200000000000 0.7028615965096 0.2914574724048 25144.252000000  2270.791171499 11771.014000000   345.133600000    61.794497136    81.278977096    -111488  0.343184871378  0.343184871378  0.150973000000  0.056962875000  0.406346500000 20638.949   205.239     0.821149875     0.992786569  -56.16483
   0  6 0.9508962900000 0.6000000000000 0.0450000000000 0.6000000000000 0.0200000000000 0.8670896543599 0.4751378113192 23425.999000000  2474.189463160 12358.266000000   274.088700000    69.981723056    90.821820498    -693604  0.482351465649  0.482351465649  0.146321000000  0.109142812500  0.353336600000 20077.072   191.919     0.859940125     0.991655608  -55.50603
   0  8 0.9860402100000 0.6000000000000 0.0450000000000 0.6000000000000 0.0200000000000 0.7719386645740 0.2915702329318 22636.762000000  2268.355798492 11799.090000000   267.509500000    65.044711454    81.735211015    -465844  0.402652974325  0.402652974325  0.153107800000  0.077691312500  0.569890600000 19995.165   181.600     0.883816000     0.991633884  -53.93982
   0  6 0.9775938000000 0.6000000000000 0.0450000000000 0.6000000000000 0.0200000000000 0.5809006916906 0.2689980880282 23446.303000000  2615.314480588 13698.302000000   210.126300000    97.108441221   112.597404122    -891043  0.492025003529  0.492025003529  0.147468150000  0.068925437500  0.452719800000 20649.899   176.294     0.880646000     0.989020928  -56.08861
   0  9 0.9692584500000 0.6000000000000 0.0450000000000 0.6000000000000 0.0200000000000 0.9341399932223 0.3872076446193 24570.056500000  2326.045689938 12544.686000000   261.376200000    73.979754225    93.851144910    -712917  0.502248833630  0.502248833630  0.132705050000  0.055301000000  0.554552600000 20289.519   189.425     0.814759625     0.990782747  -57.56908
   0  8 0.9831352100000 0.6000000000000 0.0450000000000 0.6000000000000 0.0200000000000 0.7771199523268 0.3032685524886 22044.490000000  2388.420275167 12410.434000000   275.477700000    68.526373013    91.669548750    -599372  0.420923110560  0.420923110560  0.164434850000  0.053548562500  0.233537000000 19108.398   196.656     0.865727000     0.992102688  -56.88470
   0  7 0.9801444600000 0.6000000000000 0.0450000000000 0.6000000000000 0.0200000000000 0.5950472188590 0.2543358917735 20152.910500000  2377.156824629 11601.590000000   360.454200000    56.814844096    78.525836170    -682313  0.515988222800  0.515988222800  0.165147150000  0.053316062500  0.377211300000 17699.200   201.990     0.890997500     0.994491621  -54.97903
   0  9 0.9710995100000 0.6000000000000 0.0450000000000 0.6000000000000 0.0200000000000 0.9260850646544 0.3785250497792 24964.094500000  2127.433951220 11135.806000000   452.827500000    54.002450132    70.956848860     -20857  0.490923193051  0.490923193051  0.165188550000  0.061452625000  0.585538700000 20408.666   202.219     0.813986000     0.994590752  -54.39325
   0  6 0.9798767100000 0.6000000000000 0.0450000000000 0.6000000000000 0.0200000000000 0.6618398453885 0.3002074071112 24266.900500000  2315.028017893 11829.868000000   310.518200000    63.535266956    82.235356271    -277376  0.416844353911  0.416844353911  0.139252050000  0.099454250000  0.536851000000 18554.922   193.963     0.777359125     0.992301578  -54.72106
   0  6 0.9590101000000 0.6000000000000 0.0450000000000 0.6000000000000 0.0200000000000 0.8925005820512 0.4697308668780 22357.987000000  2690.335357266 13541.916000000   219.964500000    89.413297981   110.056133270    -333555  0.419752995703  0.419752995703  0.205724250000  0.093685125000  0.349388700000 18696.922   179.788     0.839409250     0.990062356  -52.71932
   0  8 0.9723747700000 0.6000000000000 0.0450000000000 0.6000000000000 0.0200000000000 0.8549446482324 0.3682660494719 20211.838000000  2486.843894920 12269.292000000   246.949000000    68.394430065    89.375993013    -176158  0.459145438148  0.459145438148  0.195569800000  0.061461812500  0.476835800000 17921.904   180.569     0.897076625     0.991965329  -52.45241
   0  7 0.9548281700000 0.6000000000000 0.0450000000000 0.6000000000000 0.0200000000000 0.8989470011749 0.4582133832265 22038.617500000  2552.623329119 12786.178000000   237.680500000    76.806386983    97.775394320     -74476  0.503856764081  0.503856764081  0.145731100000  0.067499812500  0.585570200000 19732.279   182.925     0.904501875     0.990941849  -56.34508
   0  8 0.9794362600000 0.6000000000000 0.0450000000000 0.6000000000000 0.0200000000000 0.7586479991265 0.3073691414524 25178.798500000  2285.204379534 12310.132000000   257.455600000    72.975526549    90.039645433    -678086  0.459594014607  0.459594014607  0.127604650000  0.123547937500  0.521915200000 20332.928   184.295     0.802510750     0.990368212  -54.02320
   0 10 0.9807870600000 0.6000000000000 0.0450000000000 0.6000000000000 0.0200000000000 0.9127087697555 0.3193919580514 25294.574500000  2169.812238134 11978.148000000   327.418900000    64.066526692    84.644904733    -429769  0.475847822671  0.475847822671  0.167913250000  0.056740437500  0.243622300000 20846.302   204.266     0.808694750     0.992386046  -55.79646
   0  7 0.9896670300000 0.6000000000000 0.0450000000000 0.6000000000000 0.0200000000000 0.6707306702247 0.2576277865246 22009.012000000  2413.288972550 12485.332000000   303.378200000    66.810862054    92.886645198    -846025  0.389633058280  0.389633058280  0.140220500000  0.204645812500  0.238408600000 20376.040   212.600     0.942595750     0.992809598  -49.07182
   0 11 0.9801251000000 0.6000000000000 0.0450000000000 0.6000000000000 0.0200000000000 0.8655353364399 0.2832256971601 22309.022500000  2476.566308542 13378.814000000   237.661000000    82.902985859   107.405731082     -64911  0.578491532376  0.578491532376  0.121858000000  0.098107125000  0.552116900000 19340.851   189.932     0.847297875     0.990751862  -55.59902
   0  6 0.9775517100000 0.6000000000000 0.0450000000000 0.6000000000000 0.0200000000000 0.5294474108796 0.2452618606834 24744.179500000  2471.187019580 13028.654000000   228.516700000    84.850104817   101.715629101    -103918  0.540190963069  0.540190963069  0.127566200000  0.092130187500  0.594958200000 18381.338   178.325     0.757023375     0.989345872  -53.63112
   0  6 0.9591376200000 0.6000000000000 0.0450000000000 0.6000000000000 0.0200000000000 0.8179338552598 0.4301874617516 22956.860500000  2467.543639249 12336.684000000   257.960600000    70.971360893    90.471118689    -374145  0.457211915047  0.457211915047  0.142511450000  0.056478625000  0.422965200000 18433.751   183.900     0.810438875     0.991298891  -56.57290
   0  6 0.9645555100000 0.6000000000000 0.0450000000000 0.6000000000000 0.0200000000000 0.8792390470214 0.4481218460662 23571.704500000  2706.754852795 14059.716000000   207.345700000   104.627693530   118.470388651    -743682  0.394179839010  0.394179839010  0.114137450000  0.118250437500  0.597408000000 18975.347   174.227     0.807322750     0.988869721  -53.24446
   0  7 0.9879807500000 0.6000000000000 0.0450000000000 0.6000000000000 0.0200000000000 0.6356703057358 0.2494666297269 24885.875500000  2290.963020719 12189.792000000   267.133300000    70.426748197    88.084122539    -509109  0.423340136450  0.423340136450  0.159295750000  0.086428500000  0.575362100000 18513.442   186.270     0.755829500     0.990777681  -54.34703
   0  8 0.9870387900000 0.6000000000000 0.0450000000000 0.6000000000000 0.0200000000000 0.7597314152726 0.2835476466293 19661.753500000  2382.787392705 11753.992000000   367.822900000    57.010140344    81.002371311    -702619  0.401923663679  0.401923663679  0.130473300000  0.078986937500  0.294893300000 17553.019   209.729     0.906162750     0.994711661  -53.72156
   0  7 0.9719617100000 0.6000000000000 0.0450000000000 0.6000000000000 0.0200000000000 0.9291954739697 0.4259158665108 31117.273000000  2137.707923428 11297.764000000   449.584400000    57.761581925    73.588666022    -511230  0.376760342321  0.376760342321  0.159364200000  0.067779500000  0.338970200000 21330.896   206.096     0.714148125     0.993206575  -50.09335
   0  6 0.9852919600000 0.6000000000000 0.0450000000000 0.6000000000000 0.0200000000000 0.7931219080321 0.3403982230625 24293.401000000  2505.418253860 13321.904000000   237.793500000    85.136889048   106.480942965    -734972  0.319134202369  0.319134202369  0.149810000000  0.082503250000  0.280113100000 19284.062   189.325     0.796749500     0.989904493  -55.55756
   0  6 0.9634947900000 0.6000000000000 0.0450000000000 0.6000000000000 0.0200000000000 0.6400577167573 0.3283374489529 20914.810000000  2541.984339925 12360.960000000   277.258100000    67.102450818    90.865600109    -403479  0.549696911208  0.549696911208  0.120795150000  0.083555812500  0.231855900000 18441.529   195.026     0.893726125     0.992616695  -55.86825
   0  9 0.9892267000000 0.6000000000000 0.0450000000000 0.6000000000000 0.0200000000000 0.6435807460878 0.2186186003781 19966.462000000  2292.595024901 11504.394000000   360.802300000    55.818284024    76.946403384    -990595  0.511030470662  0.511030470662  0.107082400000  0.065875062500  0.557469800000 17268.920   200.004     0.868928625     0.994516853  -53.90121
   0  8 0.9763323500000 0.6000000000000 0.0450000000000 0.6000000000000 0.0200000000000 0.8817524161116 0.3675467937710 21666.355000000  2267.662649672 11403.882000000   435.756900000    54.483885599    75.313082933    -935435  0.416789991022  0.416789991022  0.165538150000  0.248134187500  0.430202500000 17897.174   208.394     0.830285875     0.995110632  -47.50114
   0 10 0.9806299600000 0.6000000000000 0.0450000000000 0.6000000000000 0.0200000000000 0.8822588041854 0.3092444960061 26969.560000000  2317.772437311 13449.666000000   221.262300000    96.569379425   108.557072878    -147120  0.493703983044  0.493703983044  0.113790000000  0.078050750000  0.375249700000 21874.558   177.477     0.787727375     0.987987983  -53.72937
   0  6 0.9686812200000 0.6000000000000 0.0450000000000 0.6000000000000 0.0200000000000 0.6275892206211 0.3113863984075 22410.704500000  2316.501672529 11331.460000000   395.966600000    55.597491408    74.136224985    -189181  0.520381554262  0.520381554262  0.172787450000  0.070495187500  0.416055500000 20344.120   200.594     0.924144000     0.994451557  -53.54307
   0  9 0.9793569400000 0.6000000000000 0.0450000000000 0.6000000000000 0.0200000000000 0.7849910720052 0.2985354495992 22764.701500000  2462.862921638 13172.758000000   215.146300000    87.126737486   104.057319164    -636803  0.501421053792  0.501421053792  0.115069500000  0.073342375000  0.418913100000 18907.566   173.320     0.820646500     0.989579599  -55.19038
   0  6 0.9868367700000 0.6000000000000 0.0450000000000 0.6000000000000 0.0200000000000 0.5221256590046 0.2201672707724 22531.475500000  2248.268734566 11150.724000000   457.577700000    53.163801228    71.199263930    -631681  0.472711551978  0.472711551978  0.153452050000  0.053706562500  0.534010700000 19251.581   203.931     0.860372875     0.995129183  -55.40818
   0  6 0.9873411200000 0.6000000000000 0.0450000000000 0.6000000000000 0.0200000000000 0.4914535938708 0.2059999836562 20818.015000000  2777.781811203 13933.786000000   210.800300000    94.088892076   116.424021125      -1747  0.498068401783  0.498068401783  0.206563050000  0.058809875000  0.512371800000 18718.255   180.372     0.910669750     0.990227793  -53.23099
   0  8 0.9697586200000 0.6000000000000 0.0450000000000 0.6000000000000 0.0200000000000 0.8260194259455 0.3629463110680 22279.025500000  2348.252981933 11982.124000000   445.003400000    58.058745249    84.709516466    -907449  0.496051484587  0.496051484587  0.120892100000  0.091432937500  0.230402600000 19932.295   232.685     0.901065125     0.995090113  -49.40049
   0  7 0.9571475000000 0.6000000000000 0.0450000000000 0.6000000000000 0.0200000000000 0.8169906351384 0.4114631402754 24654.134500000  2568.891979693 13576.802000000   217.109900000    95.375530254   110.623028874    -513057  0.536026699917  0.536026699917  0.102915900000  0.116109750000  0.291195700000 21462.646   177.902     0.866007750     0.988901987  -53.80422
   0  6 0.9867970600000 0.6000000000000 0.0450000000000 0.6000000000000 0.0200000000000 0.4306744127435 0.1816891737665 23047.405000000  2392.916641766 12304.838000000   267.986400000    69.524151594    89.953620434    -696528  0.573462506570  0.573462506570  0.127304900000  0.093309125000  0.531070700000 18020.060   190.049     0.791930250     0.991493033  -55.54166
   0  7 0.9740027000000 0.6000000000000 0.0450000000000 0.6000000000000 0.0200000000000 0.7191157386213 0.3244016628704 25804.604500000  2206.345358324 11387.130000000   366.707800000    58.600060980    75.040862858    -313708  0.471416138191  0.471416138191  0.137016350000  0.058350437500  0.369567100000 18583.902   194.117     0.740813875     0.993087452  -53.42436
   0  9 0.9894387500000 0.6000000000000 0.0450000000000 0.6000000000000 0.0200000000000 0.8259573994028 0.2797715302775 23564.441500000  2286.531875451 12429.088000000   262.353000000    71.596585977    91.972681880    -671014  0.396618237666  0.396618237666  0.140517800000  0.078189437500  0.380738300000 20289.025   191.290     0.850229750     0.991099061  -57.00923
   0  6 0.9547191900000 0.6000000000000 0.0450000000000 0.6000000000000 0.0200000000000 0.7874343239808 0.4237406507821 24771.800500000  2356.925810075 11818.378000000   371.650900000    60.926648567    82.048642039    -145561  0.504553093995  0.504553093995  0.124282150000  0.057488625000  0.508430600000 20201.648   208.555     0.819652250     0.993488771  -56.21769
   0  8 0.9857292800000 0.6000000000000 0.0450000000000 0.6000000000000 0.0200000000000 0.9648522855145 0.3657662659865 21423.314500000  2466.543014635 12757.278000000   243.762500000    74.451148778    97.305766940    -592392  0.323924905972  0.323924905972  0.132861600000  0.070139250000  0.338224000000 17199.509   185.986     0.805705875     0.991312774  -55.56305
   0  8 0.9780523400000 0.6000000000000 0.0450000000000 0.6000000000000 0.0200000000000 0.8793142809151 0.3609156919443 20731.642000000  2483.895716288 12509.412000000   258.827800000    69.591912202    93.277941942    -478117  0.405978745147  0.405978745147  0.183457900000  0.118194812500  0.579371500000 18481.705   191.012     0.899548000     0.992116988  -52.77405
   0 10 0.9784132700000 0.6000000000000 0.0450000000000 0.6000000000000 0.0200000000000 0.9245924246787 0.3314303853784 22165.693000000  2337.279516073 12368.776000000   325.687100000    64.529018428    90.992607474    -150636  0.490729468624  0.490729468624  0.156082750000  0.066294000000  0.379219100000 19505.107   214.524     0.872017500     0.993300719  -53.74667
   0  7 0.9566670100000 0.6000000000000 0.0450000000000 0.6000000000000 0.0200000000000 0.8971091374525 0.4529625726839 26826.662500000  2226.128790699 11398.736000000   379.008300000    58.849787792    75.229460001    -302515  0.491589344965  0.491589344965  0.212946400000  0.161891937500  0.469317800000 20317.057   196.051     0.768994250     0.993083086  -48.67055
   0  8 0.9765575100000 0.6000000000000 0.0450000000000 0.6000000000000 0.0200000000000 0.7626628814829 0.3172776753677 22643.647000000  2289.395834275 11778.432000000   406.354500000    57.969848331    81.399518251    -821253  0.480049442961  0.480049442961  0.118566650000  0.073837125000  0.450983400000 19275.977   218.118     0.850730250     0.994519779  -54.49512
   0  7 0.9861789100000 0.6000000000000 0.0450000000000 0.6000000000000 0.0200000000000 0.6842328855391 0.2743928866797 20975.344000000  2302.351929402 11439.096000000   331.702300000    57.373203494    75.885309577    -693492  0.405644109184  0.405644109184  0.149328400000  0.076223312500  0.315556800000 19709.683   193.760     0.976764000     0.993747572  -52.06679
   0  7 0.9734375500000 0.6000000000000 0.0450000000000 0.6000000000000 0.0200000000000 0.6197946456740 0.2808602535159 24737.726500000  2414.972905047 12816.722000000   244.173600000    79.338248614    98.271731138     -33480  0.551872693245  0.551872693245  0.119981800000  0.069690750000  0.425608000000 20037.506   185.512     0.808057250     0.990050097  -56.77873
   0  6 0.9832247300000 0.6000000000000 0.0450000000000 0.6000000000000 0.0200000000000 0.7855507803195 0.3447353187964 20546.138500000  2341.593845380 11340.756000000   448.472700000    53.502993838    74.287284017    -664997  0.333111637989  0.333111637989  0.129470000000  0.114815062500  0.541110600000 17400.861   207.371     0.859015875     0.995478496  -53.20209
   0  7 0.9844653900000 0.6000000000000 0.0450000000000 0.6000000000000 0.0200000000000 0.8710630958158 0.3561504584988 20707.612000000  2417.453931050 12070.014000000   325.499600000    61.566262088    86.137727499    -352691  0.328035364172  0.328035364172  0.133509650000  0.091818562500  0.592667100000 17535.421   206.746     0.853784000     0.993716604  -54.63745
   0  7 0.9616006800000 0.6000000000000 0.0450000000000 0.6000000000000 0.0200000000000 0.9417525533839 0.4626374305604 24900.469000000  2371.981537764 12336.316000000   263.926100000    72.239357406    90.465136766    -473444  0.435458868139  0.435458868139  0.104236050000  0.115400687500  0.219321000000 20412.589   186.693     0.818686875     0.990770216  -53.93470
   0  6 0.9673373500000 0.6000000000000 0.0450000000000 0.6000000000000 0.0200000000000 0.6067886622432 0.3038047685118 23121.088000000  2452.337128692 12395.974000000   250.631900000    72.503971404    91.434580088    -219745  0.548820049463  0.548820049463  0.144774350000  0.110264312500  0.561943200000 19236.591   182.903     0.835407875     0.990960361  -55.14768
   0  7 0.9855121900000 0.6000000000000 0.0450000000000 0.6000000000000 0.0200000000000 0.4986344343740 0.2015033772606 24820.090000000  2170.886205807 11163.118000000   463.656400000    53.986026913    71.400665641     -41587  0.562982033718  0.562982033718  0.129824600000  0.068527500000  0.563795400000 19524.387   205.496     0.793301750     0.994709364  -54.69978
   0  8 0.9855220000000 0.6000000000000 0.0450000000000 0.6000000000000 0.0200000000000 0.6018141403118 0.2286920910361 22462.261000000  2196.322946300 11229.234000000   403.199400000    54.559329432    72.475052178    -982856  0.521236270607  0.521236270607  0.138669150000  0.086587687500  0.393374700000 19948.390   200.482     0.892446875     0.994493989  -54.07835
 
  COND2           1      403935  2.273387398118660E+044  2.364353047576025E+042
  1.040013263701841E-002         100
    403935   5409283    231941         0      7547         0         0         0         0         0    528304         0         0   2118990    403935
 PARAMETER FILE GP59B.PAR   
