  Aa Am            MSYL            MSYR           MORTJ           MORTA             K1+           PInit      ISEED   PTarget           CVADD              AR        PREG-MAX           GAMMA              P0   SSTILDA     LIKEL
   0  6 0.9891654800000 0.6000000000000 0.0450000000000 0.6000000000000 0.0200000000000 0.4527386957635 0.1855496103060 21354.383500000  2594.196456772 12949.448000000   458.440900000   100.411143148   113.229857500    -809703  0.524549691840  0.524549691840  0.110846000000  0.057826062500  0.486540600000 18018.721   190.005     0.851987750     0.995384885  -56.86913
   0  7 0.9761761300000 0.6000000000000 0.0450000000000 0.6000000000000 0.0200000000000 0.7993406186256 0.3541547618620 22227.280000000  2705.025404437 13781.598000000   401.120500000   105.325433079   117.890097500    -740891  0.409659381833  0.409659381833  0.174272700000  0.090758187500  0.340741100000 19288.656   191.090     0.870474250     0.994551321  -55.17363
   0  9 0.9763477900000 0.6000000000000 0.0450000000000 0.6000000000000 0.0200000000000 0.9341701023016 0.3654293871969 22425.109000000  2306.984075254 11763.042000000   489.012300000   100.696776518   112.701440000    -585670  0.444335339719  0.444335339719  0.184692300000  0.052368875000  0.414594700000 20093.653   191.901     0.902254750     0.995490493  -54.67806
   0  7 0.9658846000000 0.6000000000000 0.0450000000000 0.6000000000000 0.0200000000000 0.9327182614512 0.4462140317952 26523.304000000  2535.851569584 13604.842000000   369.310900000   113.294023347   118.808970000    -870686  0.412236121447  0.412236121447  0.148345300000  0.056566937500  0.471462000000 23344.189   186.087     0.874254625     0.992965775  -55.07591
   0  6 0.9680220000000 0.6000000000000 0.0450000000000 0.6000000000000 0.0200000000000 0.9108657144454 0.4539673471000 21392.818000000  2879.066810397 14102.950000000   376.348800000   104.284829877   114.879297500    -699496  0.361997785924  0.361997785924  0.150494100000  0.069294312500  0.400029300000 20073.242   181.618     0.976097625     0.994428725  -53.70911
   0 10 0.9768195900000 0.6000000000000 0.0450000000000 0.6000000000000 0.0200000000000 0.7860305519884 0.2860942322274 22930.144000000  2494.416100295 13257.160000000   358.061100000   113.619430950   123.727780000    -435061  0.594303089419  0.594303089419  0.176535550000  0.076128750000  0.372989900000 20567.958   189.296     0.891548250     0.993701168  -55.44444
   0  6 0.9852963900000 0.6000000000000 0.0450000000000 0.6000000000000 0.0200000000000 0.6363842898694 0.2731148809648 23795.629000000  2563.131652745 13319.816000000   317.372000000   134.101900789   142.561302500    -563986  0.397706452350  0.397706452350  0.135125500000  0.112117937500  0.292080300000 19265.019   196.536     0.813474500     0.992590829  -53.71630
   0  8 0.9847117400000 0.6000000000000 0.0450000000000 0.6000000000000 0.0200000000000 0.5995400002075 0.2299471847272 22162.723000000  2514.439143977 12988.678000000   354.298300000   115.427792914   126.869945000    -302997  0.530741530974  0.530741530974  0.144441250000  0.069889125000  0.256714300000 18713.968   190.842     0.843672750     0.993820756  -56.73456
   0  9 0.9813037800000 0.6000000000000 0.0450000000000 0.6000000000000 0.0200000000000 0.7050187616412 0.2629165868944 22375.280500000  2437.650762556 12686.282000000   393.644900000   108.489313879   120.231007500    -188863  0.539228058208  0.539228058208  0.157683350000  0.081061875000  0.348625000000 19584.561   191.260     0.872337875     0.994396313  -56.19174
   0  6 0.9679491800000 0.6000000000000 0.0450000000000 0.6000000000000 0.0200000000000 0.5802956089809 0.2893560150394 21866.222500000  2824.644628962 14003.462000000   324.227200000   116.519597530   125.083225000    -856109  0.568813487919  0.568813487919  0.126830350000  0.062855437500  0.247992000000 20166.103   181.621     0.944865000     0.993390161  -55.30235
   0  6 0.9645192500000 0.6000000000000 0.0450000000000 0.6000000000000 0.0200000000000 0.6417129623363 0.3271352152900 22665.125500000  2807.356756162 14118.398000000   405.152700000   101.965963643   111.531017500     -30524  0.540361960186  0.540361960186  0.165762050000  0.091261562500  0.448195600000 21031.884   182.568     0.950919875     0.994522972  -53.46461
   0  8 0.9638642000000 0.6000000000000 0.0450000000000 0.6000000000000 0.0200000000000 0.9030985565482 0.4131018798522 21863.495500000  2644.515406138 13287.460000000   491.847500000    98.388814750   112.363342500    -966325  0.498845841403  0.498845841403  0.124720850000  0.092439625000  0.427335800000 18393.217   193.533     0.842244125     0.995648746  -56.11659
   0  8 0.9884301400000 0.6000000000000 0.0450000000000 0.6000000000000 0.0200000000000 0.8390190812662 0.3077519857439 24354.556000000  2469.946260199 13357.454000000   351.674500000   112.297731990   117.318845000    -922847  0.354986810613  0.354986810613  0.109827050000  0.112040687500  0.524563100000 19349.531   176.527     0.791868875     0.993142104  -53.19391
   0  9 0.9807987300000 0.6000000000000 0.0450000000000 0.6000000000000 0.0200000000000 0.6746256015572 0.2528927876888 24320.171500000  2327.465859553 12423.828000000   378.401800000   112.384510151   120.601345000    -435778  0.568642335051  0.568642335051  0.129509800000  0.059277187500  0.236467100000 20849.321   187.250     0.848585500     0.993665639  -57.02644
   0 10 0.9842403800000 0.6000000000000 0.0450000000000 0.6000000000000 0.0200000000000 0.8352709556301 0.2813421248187 23942.603500000  2164.867926826 11432.070000000   469.885600000   104.361504429   116.040327500    -651597  0.487554649472  0.487554649472  0.134134000000  0.063392562500  0.374199700000 17725.733   191.944     0.745595625     0.994968077  -53.63940
   0  6 0.9836091000000 0.6000000000000 0.0450000000000 0.6000000000000 0.0200000000000 0.5326419422300 0.2328086192522 21570.127000000  2710.053023231 13565.092000000   336.540900000   114.600310067   124.280995000    -133041  0.488267701418  0.488267701418  0.137434350000  0.120544375000  0.431174300000 18562.693   182.721     0.867643500     0.993672922  -54.51475
   0  8 0.9701257800000 0.6000000000000 0.0450000000000 0.6000000000000 0.0200000000000 0.7967698453681 0.3491476899143 23498.629000000  2313.523280343 11729.902000000   387.008200000   114.070455273   124.938340000    -441715  0.511191014416  0.511191014416  0.140475600000  0.100582250000  0.236897900000 19686.592   192.442     0.839156625     0.994044493  -54.77206
   0  6 0.9737124700000 0.6000000000000 0.0450000000000 0.6000000000000 0.0200000000000 0.7054429802142 0.3373420325368 21230.143000000  2633.927164204 12880.440000000   427.934400000   105.417677410   120.681425000    -172755  0.429766515350  0.429766515350  0.130174350000  0.067150000000  0.401763900000 18364.663   197.875     0.875341625     0.995127145  -56.59165
   0  9 0.9891476500000 0.6000000000000 0.0450000000000 0.6000000000000 0.0200000000000 0.8992443664589 0.3057884216941 26755.166500000  2200.472431734 12069.176000000   490.296400000   100.578933704   106.910557500     -21464  0.366279519663  0.366279519663  0.152600900000  0.059539437500  0.446329700000 23668.814   185.644     0.874483625     0.994593425  -52.31650
   0  7 0.9806603500000 0.6000000000000 0.0450000000000 0.6000000000000 0.0200000000000 0.5083496027709 0.2161979355971 26200.289500000  2612.857502339 14359.006000000   467.457600000   101.456417198   112.035417500    -595527  0.598887012529  0.598887012529  0.184859950000  0.056044250000  0.381553100000 23103.616   199.876     0.873184250     0.994476422  -54.25711
   0  6 0.9707035300000 0.6000000000000 0.0450000000000 0.6000000000000 0.0200000000000 0.8415497791259 0.4116447747293 23150.639500000  2661.855969207 13528.886000000   375.836100000   109.206397451   118.760967500    -655934  0.376745734620  0.376745734620  0.150411700000  0.097113875000  0.504450200000 20956.794   186.940     0.915323625     0.993956987  -55.29088
   0  6 0.9697165700000 0.6000000000000 0.0450000000000 0.6000000000000 0.0200000000000 0.6383847952236 0.3144725831351 21836.725000000  2724.984360811 13501.632000000   465.822500000    98.399513547   110.211485000    -234963  0.503900770581  0.503900770581  0.134269100000  0.050761312500  0.241029900000 18851.437   185.774     0.870497375     0.995402739  -56.93996
   0  6 0.9889293000000 0.6000000000000 0.0450000000000 0.6000000000000 0.0200000000000 0.4731652894445 0.1945030524809 22459.601500000  2621.675600145 13422.004000000   333.733300000   116.430923760   124.260455000    -287654  0.503886277207  0.503886277207  0.151038300000  0.050302937500  0.324738300000 18097.337   180.869     0.813613875     0.993333348  -56.18329
   0  6 0.9876134000000 0.6000000000000 0.0450000000000 0.6000000000000 0.0200000000000 0.6606206265707 0.2760056225535 23502.584500000  2561.954341069 13287.834000000   465.602400000   103.247231607   117.106717500     -98907  0.368867421027  0.368867421027  0.149155050000  0.061221875000  0.218126100000 21704.461   205.240     0.937566250     0.995004193  -55.08163
   0  6 0.9648384300000 0.6000000000000 0.0450000000000 0.6000000000000 0.0200000000000 0.6765283450168 0.3442015214734 24266.738500000  2711.962269187 14021.162000000   394.697800000   108.673438419   119.730150000    -949970  0.510228177445  0.510228177445  0.197870900000  0.068309875000  0.217978500000 22567.630   196.067     0.948322625     0.993980059  -53.21413
   0  7 0.9606675400000 0.6000000000000 0.0450000000000 0.6000000000000 0.0200000000000 0.8850487319413 0.4371474404045 25028.030500000  2347.881150248 11858.610000000   385.234800000   115.138784644   123.860445000     -46891  0.469828893073  0.469828893073  0.153535900000  0.050567250000  0.439854100000 21432.109   190.740     0.858123625     0.993645684  -55.77683
   0  8 0.9786883800000 0.6000000000000 0.0450000000000 0.6000000000000 0.0200000000000 0.6541393982707 0.2669115879783 22874.038000000  2502.521040946 13005.410000000   313.896000000   125.559781260   131.171580000    -374291  0.539862772070  0.539862772070  0.177324200000  0.107163062500  0.215506000000 19871.806   182.397     0.867207375     0.992825945  -54.00351
   0  8 0.9774232200000 0.6000000000000 0.0450000000000 0.6000000000000 0.0200000000000 0.8541472887532 0.3526021774069 25511.411500000  2233.603594654 11602.852000000   453.759700000   108.766564628   120.665142500    -339803  0.422417801626  0.422417801626  0.180892500000  0.054975000000  0.564189200000 17525.765   196.986     0.714483875     0.994468482  -52.41173
   0  6 0.9795216200000 0.6000000000000 0.0450000000000 0.6000000000000 0.0200000000000 0.5702770114507 0.2595324291534 22350.710500000  2567.048336030 12890.400000000   430.738500000   104.319133178   116.667447500    -863221  0.486458450341  0.486458450341  0.163454550000  0.056741000000  0.429887000000 21089.180   195.423     0.982031750     0.994889408  -54.81609
   0  6 0.9717836300000 0.6000000000000 0.0450000000000 0.6000000000000 0.0200000000000 0.9692112445908 0.4703514880365 22667.596000000  2555.166782243 12764.988000000   306.040400000   137.688013254   144.620470000    -440974  0.321939241596  0.321939241596  0.196586650000  0.091445375000  0.280573000000 18728.963   191.735     0.832899375     0.992730662  -52.52019
   0  6 0.9808404200000 0.6000000000000 0.0450000000000 0.6000000000000 0.0200000000000 0.4608145766508 0.2071164222754 23183.903500000  2670.919254874 13767.636000000   455.118400000   100.904977081   112.901867500    -315916  0.589718810756  0.589718810756  0.150736900000  0.059370750000  0.245067300000 21093.521   194.819     0.919744625     0.994979333  -56.91206
   0  7 0.9852984900000 0.6000000000000 0.0450000000000 0.6000000000000 0.0200000000000 0.5582332234962 0.2261350534264 21463.463500000  2809.544589960 14204.102000000   329.212900000   119.848608314   133.095417500    -635800  0.504703119003  0.504703119003  0.180177900000  0.067834375000  0.527119900000 18590.955   193.509     0.870137250     0.993557350  -54.14366
   0  9 0.9824062200000 0.6000000000000 0.0450000000000 0.6000000000000 0.0200000000000 0.9495429613309 0.3500138232175 26323.085500000  2261.854938204 12352.126000000   482.925900000   102.391014435   111.291882500    -257992  0.392509260407  0.392509260407  0.210808850000  0.063371062500  0.322298300000 22688.684   193.059     0.849991125     0.994623035  -53.31156
   0  7 0.9818977900000 0.6000000000000 0.0450000000000 0.6000000000000 0.0200000000000 0.7036081195141 0.2955832546473 21320.687500000  2684.980434134 13473.640000000   426.323900000   101.800903830   114.868312500    -833017  0.423928761581  0.423928761581  0.101919700000  0.052177625000  0.294005500000 18221.724   189.171     0.859957625     0.995068078  -56.09276
   0  6 0.9808214400000 0.6000000000000 0.0450000000000 0.6000000000000 0.0200000000000 0.6772483249354 0.3044498782470 24723.565000000  2627.626281310 13875.354000000   443.843600000   102.593135993   112.875575000    -240228  0.401377271012  0.401377271012  0.194990350000  0.076089937500  0.591392900000 22962.395   195.636     0.942449250     0.994509955  -53.15238
   0  8 0.9765575100000 0.6000000000000 0.0450000000000 0.6000000000000 0.0200000000000 0.7626628814829 0.3172776753677 22643.647000000  2330.614885958 11778.432000000   406.354500000   107.693632797   117.609655000    -821253  0.480049442961  0.480049442961  0.118566650000  0.073837125000  0.450983400000 19210.426   185.216     0.850730250     0.994519779  -55.64962
   0  8 0.9819046100000 0.6000000000000 0.0450000000000 0.6000000000000 0.0200000000000 0.8213777826766 0.3247167097365 26077.642000000  2550.662029054 14179.400000000   315.725300000   127.167896843   129.547067500    -287044  0.406849098405  0.406849098405  0.197948050000  0.051094125000  0.526639400000 24436.220   187.321     0.947744375     0.991854546  -51.83533
   0  7 0.9885210400000 0.6000000000000 0.0450000000000 0.6000000000000 0.0200000000000 0.8349526818785 0.3254703580651 22873.903000000  2404.567612769 12334.574000000   467.887500000    98.561790521   106.208005000    -891127  0.319301524028  0.319301524028  0.213397950000  0.117296312500  0.590529400000 18454.448   175.378     0.812203750     0.995158519  -49.48139
   0  8 0.9542848100000 0.6000000000000 0.0450000000000 0.6000000000000 0.0200000000000 0.9069645499939 0.4381508971317 21792.067000000  2734.221888853 13590.630000000   488.703000000    96.663412323   109.221535000    -793736  0.576723227729  0.576723227729  0.134273000000  0.055086875000  0.234917500000 17101.233   185.081     0.790688125     0.995644259  -54.42583
   0  6 0.9693269200000 0.6000000000000 0.0450000000000 0.6000000000000 0.0200000000000 0.7003806783514 0.3459552484778 20220.208000000  2966.842951746 14039.136000000   271.597600000   133.538003113   135.816480000    -864272  0.461923974860  0.461923974860  0.164851950000  0.082193187500  0.509044500000 17006.751   168.870     0.853627875     0.992699854  -51.17229
   0  7 0.9835707900000 0.6000000000000 0.0450000000000 0.6000000000000 0.0200000000000 0.6304871794608 0.2602970775894 19188.025000000  2723.009119127 12886.136000000   376.227100000   106.019349203   119.938800000    -560387  0.460074068852  0.460074068852  0.143618750000  0.054139562500  0.514803700000 16531.861   184.082     0.877149375     0.994965475  -53.70581
   0  6 0.9753960600000 0.6000000000000 0.0450000000000 0.6000000000000 0.0200000000000 0.9273667926696 0.4375147394113 25982.683000000  2775.870914072 15029.194000000   375.522300000   112.366005010   122.491285000    -895416  0.318722695625  0.318722695625  0.121319600000  0.164937437500  0.421676800000 21179.359   196.037     0.811210125     0.993198984  -50.65504
   0  8 0.9569465300000 0.6000000000000 0.0450000000000 0.6000000000000 0.0200000000000 0.9550381138251 0.4549504510682 23944.682500000  2579.130483786 13404.046000000   264.162300000   158.887034914   145.299687500     -63834  0.525719121872  0.525719121872  0.161606700000  0.090891562500  0.366271500000 22013.930   173.376     0.931841250     0.991141581  -52.95234
   0  6 0.9711585100000 0.6000000000000 0.0450000000000 0.6000000000000 0.0200000000000 0.6818404892842 0.3324215035736 22560.716500000  3175.577149408 15902.778000000   336.263400000   112.857124119   125.618435000    -406661  0.461879972474  0.461879972474  0.191959050000  0.069883750000  0.488590100000 19752.247   189.217     0.878718125     0.993416803  -53.03698
   0  6 0.9630149300000 0.6000000000000 0.0450000000000 0.6000000000000 0.0200000000000 0.6546306329150 0.3367800754564 22204.357000000  2738.360134256 13583.028000000   449.262200000    99.946587556   111.552922500    -227072  0.541119490558  0.541119490558  0.148096050000  0.086506562500  0.395883000000 20530.503   188.260     0.948239125     0.995163144  -55.02935
   0 10 0.9740177800000 0.6000000000000 0.0450000000000 0.6000000000000 0.0200000000000 0.9094611799391 0.3394844366349 22814.260000000  2566.101733557 13578.086000000   340.064900000   119.582388071   130.642577500    -233798  0.540421822588  0.540421822588  0.194054450000  0.057637000000  0.488431800000 21080.541   194.483     0.933007375     0.993409650  -54.05026
   0  6 0.9644086200000 0.6000000000000 0.0450000000000 0.6000000000000 0.0200000000000 0.5995609708781 0.3058554674041 21589.283500000  2712.961230265 13280.248000000   405.254600000   104.381640204   116.189925000    -948776  0.579263346063  0.579263346063  0.157063400000  0.095758812500  0.439716500000 18581.249   185.402     0.869147500     0.994784426  -55.17920
   0  6 0.9809168700000 0.6000000000000 0.0450000000000 0.6000000000000 0.0200000000000 0.4841875199875 0.2174608606316 24294.832000000  2671.745323736 14061.074000000   331.047300000   116.430231802   121.287030000    -741456  0.560577558282  0.560577558282  0.141708000000  0.071412375000  0.241424200000 22034.171   180.461     0.911654250     0.992766621  -55.09392
   0  8 0.9692355200000 0.6000000000000 0.0450000000000 0.6000000000000 0.0200000000000 0.9325797050568 0.4113337243559 25437.445000000  2362.701162478 12452.160000000   420.636000000   105.421119760   111.756340000    -459942  0.443127996572  0.443127996572  0.129468650000  0.098881937500  0.586633400000 19709.543   178.602     0.777309500     0.994070407  -53.46529
   0  6 0.9897356700000 0.6000000000000 0.0450000000000 0.6000000000000 0.0200000000000 0.7562055766565 0.3076557074513 22495.795000000  2495.468009310 12651.344000000   325.256300000   125.353532680   134.098302500     -50029  0.311064349752  0.311064349752  0.123926850000  0.072630125000  0.317329500000 19922.987   191.160     0.891895125     0.993144574  -56.44782
   0  8 0.9562953100000 0.6000000000000 0.0450000000000 0.6000000000000 0.0200000000000 0.8695862690874 0.4156985803206 23606.521000000  2428.935947017 12343.180000000   410.763500000   109.190923529   120.494907500    -532964  0.583215155562  0.583215155562  0.122684800000  0.078719187500  0.463029000000 20879.987   193.433     0.888545125     0.994384301  -55.94458
   0  8 0.9775800400000 0.6000000000000 0.0450000000000 0.6000000000000 0.0200000000000 0.6823482053716 0.2812818214680 25364.977000000  2483.117245332 13463.926000000   456.432800000   100.383728871   108.110847500    -617008  0.527371693133  0.527371693133  0.166099900000  0.075345062500  0.465990700000 20288.831   183.415     0.794572500     0.994532027  -54.81301
   0  7 0.9675932400000 0.6000000000000 0.0450000000000 0.6000000000000 0.0200000000000 0.6262817646353 0.2962282143974 21503.396500000  3317.237606837 15938.304000000   448.007700000    92.896271175   106.103420000    -480672  0.598139709903  0.598139709903  0.177680350000  0.051072875000  0.395646500000 20182.150   183.891     0.972836250     0.995296328  -51.86794
   0  6 0.9867684600000 0.6000000000000 0.0450000000000 0.6000000000000 0.0200000000000 0.7044203412919 0.2972742970450 21121.090000000  2662.508346308 13219.280000000   422.246600000   104.192451157   118.678937500    -755444  0.350772765407  0.350772765407  0.131539800000  0.074266625000  0.239728200000 16742.067   193.256     0.807532250     0.995052254  -54.77728
   0  6 0.9871554000000 0.6000000000000 0.0450000000000 0.6000000000000 0.0200000000000 0.4201706633215 0.1765104955511 24542.368000000  2846.445684730 15302.198000000   314.764800000   112.787498728   114.032965000    -538349  0.584349837772  0.584349837772  0.130336350000  0.087994375000  0.212201500000 19378.933   164.813     0.792660375     0.992285634  -48.94394
   0  7 0.9857884800000 0.6000000000000 0.0450000000000 0.6000000000000 0.0200000000000 0.7003572619418 0.2821293493890 24469.535500000  2601.497633310 13978.120000000   448.455200000   100.394228964   109.770980000    -541375  0.398949342443  0.398949342443  0.134261300000  0.142616937500  0.460755100000 21262.521   189.042     0.863425500     0.994606327  -54.04212
   0  7 0.9824168200000 0.6000000000000 0.0450000000000 0.6000000000000 0.0200000000000 0.9380090874391 0.3919714337568 23173.400500000  2714.272022414 14237.508000000   429.619500000   102.799411994   115.757382500     -85842  0.315261017907  0.315261017907  0.112263100000  0.055181375000  0.257234800000 18625.195   194.348     0.805772000     0.994679048  -56.04156
   0  6 0.9721048400000 0.6000000000000 0.0450000000000 0.6000000000000 0.0200000000000 0.8864160784079 0.4291407461383 23440.592500000  2530.539351463 12787.784000000   470.714700000   102.154005522   114.096145000    -464305  0.350334994508  0.350334994508  0.103802350000  0.073026750000  0.532209100000 19320.524   193.068     0.828930750     0.995111971  -56.78070
   0 10 0.9844325300000 0.6000000000000 0.0450000000000 0.6000000000000 0.0200000000000 0.9417470481214 0.3164946205621 25171.090000000  2402.499253953 13443.738000000   375.446000000   107.149649654   111.468585000    -642805  0.430873122223  0.430873122223  0.162422700000  0.140152562500  0.569304000000 20394.286   174.110     0.792318500     0.993378436  -51.57857
   0  6 0.9529712800000 0.6000000000000 0.0450000000000 0.6000000000000 0.0200000000000 0.8230441766021 0.4466694653709 22811.627500000  2840.427205415 14166.180000000   301.363600000   124.060376489   128.153142500    -142787  0.494248515737  0.494248515737  0.135053850000  0.074874750000  0.440485300000 19761.394   174.792     0.870066375     0.992607648  -55.26994
   0  8 0.9674998400000 0.6000000000000 0.0450000000000 0.6000000000000 0.0200000000000 0.8390471669008 0.3746585901921 23706.097000000  2437.635026679 12599.112000000   357.382700000   114.345957629   121.499320000    -957473  0.506567917799  0.506567917799  0.200854350000  0.122408062500  0.318443500000 17504.245   179.020     0.751328625     0.993499770  -50.44102
   0  8 0.9803515300000 0.6000000000000 0.0450000000000 0.6000000000000 0.0200000000000 0.7455110804337 0.2993740635824 23251.741000000  2313.217061029 11853.938000000   337.533500000   122.729634390   130.092482500    -855173  0.460417743218  0.460417743218  0.121239000000  0.074527750000  0.594212600000 18595.105   185.093     0.803704000     0.993212297  -55.40098
   0 11 0.9754661400000 0.6000000000000 0.0450000000000 0.6000000000000 0.0200000000000 0.9243875467464 0.3168726426866 22736.149000000  2658.387448129 14158.372000000   393.363600000   105.798626358   118.582607500     -25478  0.591438675724  0.591438675724  0.170784000000  0.056264437500  0.359832200000 20741.293   194.104     0.907286250     0.994318514  -56.14764
   0  6 0.9607431200000 0.6000000000000 0.0450000000000 0.6000000000000 0.0200000000000 0.7555265225655 0.3938429899250 22347.686500000  2777.274573068 13802.696000000   290.927600000   134.495747807   138.272862500    -977761  0.484052616672  0.484052616672  0.184039450000  0.060839125000  0.482488700000 18348.054   179.545     0.827540625     0.992486832  -54.38435
   0  7 0.9723359400000 0.6000000000000 0.0450000000000 0.6000000000000 0.0200000000000 0.5842523285041 0.2670388847318 21395.531500000  3019.407257014 14885.360000000   376.620600000   109.717381276   127.785372500    -257785  0.595692274235  0.595692274235  0.123284300000  0.066677437500  0.540361600000 18633.897   202.723     0.875914375     0.994423242  -53.25978
   0  9 0.9656568600000 0.6000000000000 0.0450000000000 0.6000000000000 0.0200000000000 0.8380380944496 0.3563882543977 27373.129000000  2389.783526891 13210.750000000   407.058200000   108.758731318   114.840265000    -792736  0.595007786389  0.595007786389  0.155522150000  0.070056125000  0.566554800000 21420.060   184.959     0.772804250     0.993414046  -54.66926
   0  8 0.9849547700000 0.6000000000000 0.0450000000000 0.6000000000000 0.0200000000000 0.7554922377899 0.2889648117941 21008.324500000  2735.024926451 13782.930000000   312.206900000   120.156925368   129.183652500    -656305  0.419385457100  0.419385457100  0.132348400000  0.116023375000  0.506152500000 17738.571   180.369     0.846311750     0.993351920  -53.42136
   0  6 0.9744199000000 0.6000000000000 0.0450000000000 0.6000000000000 0.0200000000000 0.9118840292617 0.4336269893365 22358.135500000  2826.317259542 14278.780000000   240.793400000   173.124524637   145.793070000    -411609  0.328953267435  0.328953267435  0.141851800000  0.061431687500  0.452107000000 20385.915   161.962     0.925935500     0.990877165  -51.09763
   0  9 0.9843922200000 0.6000000000000 0.0450000000000 0.6000000000000 0.0200000000000 0.7216936885799 0.2602475060737 22480.850500000  2663.008724303 14063.082000000   490.935800000    98.868741207   115.055057500    -253809  0.498181709296  0.498181709296  0.234656650000  0.066111437500  0.519254500000 18715.541   204.644     0.824032000     0.995477451  -51.48725
   0  6 0.9625390600000 0.6000000000000 0.0450000000000 0.6000000000000 0.0200000000000 0.5966601052792 0.3078232603191 23106.886000000  2591.362559012 12952.022000000   463.113700000   103.177858176   116.439590000     -26978  0.597692401467  0.597692401467  0.121407900000  0.084406937500  0.412191100000 18703.860   195.550     0.816639250     0.995117704  -56.57949
   0  7 0.9877657300000 0.6000000000000 0.0450000000000 0.6000000000000 0.0200000000000 0.4894896389554 0.1926083766747 22293.632500000  2721.593671567 14097.282000000   355.336600000   115.040643842   128.839542500    -686401  0.551809125487  0.551809125487  0.169267450000  0.147673125000  0.265038400000 19129.935   197.438     0.858498250     0.993790000  -52.00789
   0  6 0.9560759400000 0.6000000000000 0.0450000000000 0.6000000000000 0.0200000000000 0.7506707333478 0.4012210848689 23976.947500000  2798.673498683 14320.490000000   395.008200000   110.535855772   124.472582500    -265471  0.519588683822  0.519588683822  0.167809900000  0.066601437500  0.501037200000 20890.728   201.624     0.871748125     0.994068921  -54.79686
   0  7 0.9512460200000 0.6000000000000 0.0450000000000 0.6000000000000 0.0200000000000 0.8948897951697 0.4641657532416 24382.852000000  2651.282101036 13680.082000000   402.955400000   109.582829680   121.637965000     -11494  0.532851654421  0.532851654421  0.136467550000  0.190844812500  0.302495000000 22229.930   198.811     0.920889750     0.994092064  -50.27966
   0  6 0.9634022800000 0.6000000000000 0.0450000000000 0.6000000000000 0.0200000000000 0.6886210568299 0.3534463020656 26844.320500000  2631.381474825 14019.292000000   475.301700000   102.573849334   112.981882500    -482769  0.511600394456  0.511600394456  0.138941300000  0.070261875000  0.523042700000 20527.621   196.430     0.770243500     0.994472188  -55.00679
   0  6 0.9786905700000 0.6000000000000 0.0450000000000 0.6000000000000 0.0200000000000 0.8195016320699 0.3758026118588 24704.408500000  2843.538750520 15167.506000000   367.131500000   110.848346276   121.201815000    -710604  0.342915975166  0.342915975166  0.148990250000  0.069411500000  0.226570800000 21239.747   192.854     0.855470875     0.993375381  -55.45764
   0  6 0.9734738400000 0.6000000000000 0.0450000000000 0.6000000000000 0.0200000000000 0.7681299754215 0.3680042936591 23693.650000000  2565.062315945 13096.046000000   307.215800000   128.256214666   131.330082500    -750901  0.396108259985  0.396108259985  0.125667150000  0.117466625000  0.260261800000 19933.832   179.201     0.843359125     0.992425521  -55.04281
   0  7 0.9891727300000 0.6000000000000 0.0450000000000 0.6000000000000 0.0200000000000 0.4695268017823 0.1815096454054 22335.536500000  2720.236205801 14130.340000000   499.972500000    97.949028459   113.333240000    -231658  0.561418741619  0.561418741619  0.163856300000  0.053787375000  0.403409800000 19961.375   203.830     0.897511875     0.995573796  -56.24804
   0  9 0.9741309800000 0.6000000000000 0.0450000000000 0.6000000000000 0.0200000000000 0.7712132721120 0.3075637326344 24392.774500000  2502.166240182 13505.112000000   463.144700000   101.800743557   113.729675000    -576491  0.559453938496  0.559453938496  0.180613200000  0.059177937500  0.377715500000 23114.549   200.781     0.978587375     0.994825965  -53.22617
   0  9 0.9727452800000 0.6000000000000 0.0450000000000 0.6000000000000 0.0200000000000 0.9175510712390 0.3701524383607 25739.683000000  2756.341002289 15405.226000000   336.618000000   114.896812137   120.450935000    -153160  0.481650163627  0.481650163627  0.145491150000  0.094891812500  0.213218900000 21379.409   181.902     0.811478625     0.992492417  -53.45091
   0  7 0.9864622600000 0.6000000000000 0.0450000000000 0.6000000000000 0.0200000000000 0.6476628512254 0.2588686580403 24702.140500000  2235.212257431 11363.358000000   267.611200000   169.237536353   149.561087500    -126774  0.426480614787  0.426480614787  0.157218600000  0.075990375000  0.460968300000 18683.050   171.129     0.771031625     0.990871503  -52.19877
   0  7 0.9815955100000 0.6000000000000 0.0450000000000 0.6000000000000 0.0200000000000 0.6506593067229 0.2741738259022 27673.274500000  2239.105337395 11708.272000000   397.597700000   118.432208046   127.186852500    -139977  0.460729912771  0.460729912771  0.165764250000  0.075707937500  0.226022000000 18068.734   195.215     0.692171125     0.993137262  -50.25221
   0  6 0.9803426500000 0.6000000000000 0.0450000000000 0.6000000000000 0.0200000000000 0.7389859953566 0.3337298396938 26763.442000000  2525.052485297 13544.400000000   486.366500000   103.511690338   115.127760000    -282410  0.370617908110  0.370617908110  0.145135200000  0.141853500000  0.495104400000 20640.296   202.795     0.775861750     0.994577988  -51.88122
   0  7 0.9851892300000 0.6000000000000 0.0450000000000 0.6000000000000 0.0200000000000 0.4964881675729 0.2013706547642 23056.679500000  2572.925814126 13418.862000000   452.695800000    99.278006762   108.829260000    -722312  0.568521781302  0.568521781302  0.190032500000  0.157118375000  0.323795700000 20199.808   184.524     0.876318250     0.994967291  -51.32845
   0  8 0.9891224600000 0.6000000000000 0.0450000000000 0.6000000000000 0.0200000000000 0.7512086655005 0.2730877023092 25086.539500000  2625.539854329 14580.354000000   481.908300000    99.178414082   111.304655000    -814389  0.391566516672  0.391566516672  0.137859300000  0.075233187500  0.300331800000 20056.768   199.297     0.792141000     0.994842470  -55.41303
   0  7 0.9799228900000 0.6000000000000 0.0450000000000 0.6000000000000 0.0200000000000 0.5752219631681 0.2463837773263 22998.899500000  2603.698193806 13495.190000000   499.809600000    98.916372640   112.491035000    -174123  0.535715744234  0.535715744234  0.142613300000  0.128680625000  0.210417500000 20885.108   200.260     0.916487000     0.995466981  -54.26102
   0  6 0.9589172600000 0.6000000000000 0.0450000000000 0.6000000000000 0.0200000000000 0.7755615249035 0.4083903524960 23834.252500000  2853.080477605 14629.944000000   447.338600000   104.615478088   120.843827500    -448706  0.483664092440  0.483664092440  0.127226700000  0.095135687500  0.432427200000 20154.668   207.680     0.845238375     0.994790936  -54.05127
   0  6 0.9656238800000 0.6000000000000 0.0450000000000 0.6000000000000 0.0200000000000 0.9428156110623 0.4773195139501 22686.388000000  2766.241999497 13919.466000000   290.386700000   136.474398558   139.863282500    -749323  0.362033387852  0.362033387852  0.165347750000  0.073932937500  0.354606000000 21526.630   185.490     0.993043250     0.992348702  -53.14640
   0  7 0.9858042200000 0.6000000000000 0.0450000000000 0.6000000000000 0.0200000000000 0.6786370058344 0.2733302176419 23466.769000000  2358.449182925 12083.340000000   417.487700000   105.595937123   113.996760000    -558631  0.411607766503  0.411607766503  0.149483800000  0.058141875000  0.564154900000 19520.624   182.659     0.833853375     0.994443620  -55.87227
   0  7 0.9616724500000 0.6000000000000 0.0450000000000 0.6000000000000 0.0200000000000 0.8636617730929 0.4240960931474 23738.510500000  2842.171986292 14759.836000000   312.413900000   125.156998587   132.243332500    -281428  0.474324929084  0.474324929084  0.182178900000  0.054104937500  0.451100600000 19555.907   184.698     0.821804500     0.992566433  -54.66351
   0  7 0.9586850700000 0.6000000000000 0.0450000000000 0.6000000000000 0.0200000000000 0.7151042625621 0.3571684420951 22512.751000000  2633.116016528 13191.462000000   454.913400000   104.112864613   119.495890000    -547244  0.598756432156  0.598756432156  0.131834850000  0.078257062500  0.277738300000 18640.894   201.056     0.831845625     0.995161925  -56.25835
   0  6 0.9611215800000 0.6000000000000 0.0450000000000 0.6000000000000 0.0200000000000 0.6457352696351 0.3358887825396 23085.016000000  2856.734633222 14457.916000000   345.135200000   114.498957020   124.814612500    -589260  0.563366845692  0.563366845692  0.117890750000  0.092073437500  0.360424200000 19843.640   187.391     0.861547125     0.993457315  -55.76683
   0 11 0.9838360400000 0.6000000000000 0.0450000000000 0.6000000000000 0.0200000000000 0.7841083107860 0.2460904735092 23355.434500000  2491.763958403 13645.894000000   393.009500000   107.348137984   118.872962500    -620033  0.594829797037  0.594829797037  0.125874650000  0.119912375000  0.387360600000 21668.541   194.798     0.931977875     0.994132777  -53.69797
   0 10 0.9861532100000 0.6000000000000 0.0450000000000 0.6000000000000 0.0200000000000 0.6635157364964 0.2184132184595 22730.789500000  2434.689044186 13024.338000000   393.169900000   109.316787249   122.109540000    -429747  0.592030405011  0.592030405011  0.166598600000  0.058792312500  0.234454500000 21381.164   198.761     0.964526875     0.994283699  -54.55866
   0 11 0.9814904800000 0.6000000000000 0.0450000000000 0.6000000000000 0.0200000000000 0.8470686667452 0.2731039480620 23413.390000000  2310.984392685 12494.662000000   362.799300000   116.309585221   126.595060000    -599628  0.575927619907  0.575927619907  0.164192750000  0.086646625000  0.217979500000 20968.110   193.046     0.886934875     0.993637130  -55.03076
   0  7 0.9873162700000 0.6000000000000 0.0450000000000 0.6000000000000 0.0200000000000 0.5237613852015 0.2072258344669 24405.113500000  2280.739014390 11696.982000000   291.437800000   151.302747272   147.843722500    -967786  0.519707269017  0.519707269017  0.110170650000  0.060267250000  0.483636900000 19763.338   185.069     0.813349500     0.991713861  -54.35778
   0 10 0.9812088300000 0.6000000000000 0.0450000000000 0.6000000000000 0.0200000000000 0.7614424540275 0.2652740862386 24476.555500000  2410.995055490 13255.728000000   371.451500000   112.438481533   121.136522500     -65493  0.565939981260  0.565939981260  0.121639100000  0.098446500000  0.413848000000 21810.707   190.101     0.878954625     0.993504159  -55.53376
   0  6 0.9621370200000 0.6000000000000 0.0450000000000 0.6000000000000 0.0200000000000 0.7636020149871 0.3948800620182 24891.869500000  2903.486074247 15267.592000000   485.472200000    96.213092150   106.630277500    -988364  0.469672318686  0.469672318686  0.121993100000  0.073478000000  0.593978500000 21389.347   189.900     0.855230625     0.994983297  -55.60997
   0  7 0.9622100400000 0.6000000000000 0.0450000000000 0.6000000000000 0.0200000000000 0.8989638120797 0.4400270027073 25365.139000000  2399.607715425 12331.046000000   461.723400000   106.042718337   117.423495000    -501010  0.452058649156  0.452058649156  0.139133050000  0.065791937500  0.324074800000 20270.812   196.504     0.802290500     0.994624873  -56.45816
   0 10 0.9766900400000 0.6000000000000 0.0450000000000 0.6000000000000 0.0200000000000 0.9273694630099 0.3379467881185 22877.278000000  2503.583219992 13292.144000000   331.553300000   121.464711670   130.639652500    -196756  0.504917064166  0.504917064166  0.124772100000  0.082673000000  0.262381200000 21075.816   190.692     0.928409625     0.993213672  -55.25836
   0  6 0.9667522800000 0.6000000000000 0.0450000000000 0.6000000000000 0.0200000000000 0.6295972552413 0.3164396047966 25524.965500000  2542.117786806 13197.798000000   425.799300000   107.241784268   117.118612500    -407986  0.533423655842  0.533423655842  0.145111050000  0.055900625000  0.502964300000 20262.784   192.305     0.797469000     0.994127028  -56.96413
 
  COND2           1      625936  2.854446879335151E+044  3.205186019480801E+042
  1.122874642609339E-002         100
    625936  14986764    641283         0     21681         0         0         0         0         0   2196084    497676         0   5130576    625936
 PARAMETER FILE GP60B.PAR   
