  Aa Am            MSYL            MSYR           MORTJ           MORTA             K1+           PInit      ISEED   PTarget           CVADD              AR        PREG-MAX           GAMMA              P0   SSTILDA     LIKEL
   0  9 0.9778176400000 0.6000000000000 0.0450000000000 0.6000000000000 0.0200000000000 0.9246744971003 0.3568749008945 22244.276500000  2940.514092132 15441.490000000   275.613200000    27.999120689    53.685047500    -389668  0.437439535451  0.437439535451  0.182489700000  0.080048875000  0.507498000000 19534.815   194.267     0.866343375     0.992057862  -54.26143
   0  8 0.9744600800000 0.6000000000000 0.0450000000000 0.6000000000000 0.0200000000000 0.8417052248275 0.3565035647360 26983.613500000  2290.720105672 12727.856000000   195.130700000    75.363477821    99.262852500    -103253  0.450520301888  0.450520301888  0.158330150000  0.080303187500  0.385761900000 22567.032   176.696     0.823558625     0.986413085  -53.73432
   0  7 0.9768444300000 0.6000000000000 0.0450000000000 0.6000000000000 0.0200000000000 0.7105349228163 0.3129991810941 21545.948500000  2849.203498732 14588.110000000   365.469600000    26.935968213    53.391702500    -375499  0.455937233530  0.455937233530  0.126241850000  0.062731062500  0.392706900000 16517.109   211.975     0.776344375     0.994201311  -52.69567
   0  7 0.9771686700000 0.6000000000000 0.0450000000000 0.6000000000000 0.0200000000000 0.5396995660111 0.2370706961600 23032.042000000  2396.996465903 12537.794000000   208.785700000    55.676333497    85.792187500     -23425  0.597130157501  0.597130157501  0.121724950000  0.085319812500  0.415561300000 19866.838   184.324     0.860671750     0.989147889  -56.71018
   0  8 0.9762884000000 0.6000000000000 0.0450000000000 0.6000000000000 0.0200000000000 0.7021118944414 0.2927786253422 24700.561000000  2490.356182238 13754.032000000   261.675100000    37.621311151    63.438070000    -447789  0.523815748810  0.523815748810  0.146467100000  0.059460937500  0.234029900000 19590.712   195.807     0.786093250     0.990717889  -57.34270
   0  6 0.9895207700000 0.6000000000000 0.0450000000000 0.6000000000000 0.0200000000000 0.6735844460241 0.2748059711564 23268.481000000  2744.950836883 14756.592000000   293.302900000    28.913676002    52.569712500    -680957  0.350479107750  0.350479107750  0.134363500000  0.171276375000  0.451125900000 19747.746   198.562     0.844454875     0.992137832  -53.24679
   0  6 0.9766777300000 0.6000000000000 0.0450000000000 0.6000000000000 0.0200000000000 0.9653962263433 0.4505977841587 20884.961500000  2890.081553565 14393.768000000   280.046500000    30.085066176    56.711057500    -905602  0.300250511620  0.300250511620  0.148504700000  0.053981687500  0.242743600000 17094.821   195.192     0.825591750     0.992665258  -55.27655
   0  8 0.9821498700000 0.6000000000000 0.0450000000000 0.6000000000000 0.0200000000000 0.7282317213971 0.2871625693457 23279.024500000  2388.034682852 12840.022000000   361.811800000    31.643006028    57.019807500    -863055  0.456942071668  0.456942071668  0.103501350000  0.085197687500  0.406358700000 18955.641   216.718     0.809157000     0.993654015  -55.42356
   0  6 0.9681224800000 0.6000000000000 0.0450000000000 0.6000000000000 0.0200000000000 0.5731208385959 0.2854446752600 26875.600000000  2622.906576148 14484.124000000   378.201800000    27.486548872    48.932800000    -606521  0.574487457603  0.574487457603  0.123668700000  0.132828687500  0.319879000000 20418.900   209.468     0.762538375     0.993034917  -52.28036
   0  6 0.9664735200000 0.6000000000000 0.0450000000000 0.6000000000000 0.0200000000000 0.5925586376026 0.2983643088086 29068.918000000  2352.438841138 12713.088000000   305.334000000    35.265676530    55.573330000    -462041  0.569045584745  0.569045584745  0.139433600000  0.056871625000  0.362083500000 22665.777   197.923     0.779570625     0.990673614  -53.81647
   0  7 0.9832511100000 0.6000000000000 0.0450000000000 0.6000000000000 0.0200000000000 0.7296855902908 0.3022760688253 22129.958500000  2603.796045371 13674.564000000   226.390800000    45.180219752    76.594070000    -668561  0.399663030934  0.399663030934  0.102927100000  0.071384750000  0.232737900000 20550.305   194.115     0.945036750     0.990352444  -54.86634
   0 12 0.9894758700000 0.6000000000000 0.0450000000000 0.6000000000000 0.0200000000000 0.8947745955959 0.2397271049917 22200.901000000  2616.347251552 14422.284000000   393.031900000    23.451525709    45.313340000    -807992  0.533800211625  0.533800211625  0.138315000000  0.059462812500  0.249827800000 19595.587   208.519     0.856638250     0.994402176  -57.15384
   0  7 0.9861532200000 0.6000000000000 0.0450000000000 0.6000000000000 0.0200000000000 0.8076442023344 0.3239803956942 23226.617500000  2355.874109088 12461.700000000   336.330000000    31.739681204    55.086902500    -560949  0.343810639044  0.343810639044  0.111729850000  0.082986187500  0.595950200000 18080.099   205.967     0.784035125     0.993171879  -55.70382
   0 10 0.9791086300000 0.6000000000000 0.0450000000000 0.6000000000000 0.0200000000000 0.7505879183174 0.2672123045441 21328.585000000  2948.579651601 15113.512000000   473.112900000    21.859230801    46.566865000    -813476  0.596822791281  0.596822791281  0.104842450000  0.090413750000  0.218939800000 19630.146   221.805     0.922859500     0.995560869  -52.75556
   0  6 0.9777875100000 0.6000000000000 0.0450000000000 0.6000000000000 0.0200000000000 0.6660929578342 0.3079240995972 24963.581500000  2413.389783317 12804.276000000   402.978600000    27.007862070    46.155090000    -913815  0.427818574343  0.427818574343  0.121256150000  0.070781437500  0.465310400000 20880.370   204.283     0.832499250     0.993904102  -56.52130
   0  7 0.9639865300000 0.6000000000000 0.0450000000000 0.6000000000000 0.0200000000000 0.7300208616691 0.3534875027414 21469.430500000  2501.327079963 12584.578000000   325.770800000    31.472034081    56.031450000    -546905  0.542039953214  0.542039953214  0.138293800000  0.052401562500  0.574387700000 17981.476   202.427     0.840948750     0.993548681  -57.45375
   0  6 0.9865611200000 0.6000000000000 0.0450000000000 0.6000000000000 0.0200000000000 0.6323611083548 0.2675106899551 23639.285500000  2462.622810034 13053.498000000   392.724100000    25.002991423    42.859037500    -847497  0.392073761820  0.392073761820  0.213086250000  0.083441812500  0.442536300000 19941.121   197.147     0.840866000     0.994046887  -51.59758
   0 10 0.9845682000000 0.6000000000000 0.0450000000000 0.6000000000000 0.0200000000000 0.8927758291575 0.2995589418639 22805.201500000  2562.744456033 14110.798000000   275.113700000    34.982897558    63.305567500    -181697  0.453350494385  0.453350494385  0.111013750000  0.052184250000  0.258469700000 19890.693   204.263     0.853680250     0.991812257  -57.87254
   0  9 0.9784331500000 0.6000000000000 0.0450000000000 0.6000000000000 0.0200000000000 0.6978672890134 0.2677790130381 22767.725500000  2411.637996510 12972.756000000   463.021600000    25.448349969    46.303972500    -733825  0.573336613564  0.573336613564  0.143393100000  0.081203062500  0.519612500000 19766.575   212.693     0.858053250     0.995159724  -57.17242
   0  6 0.9531914300000 0.6000000000000 0.0450000000000 0.6000000000000 0.0200000000000 0.7770027851635 0.4212404344516 22729.426000000  2351.214425075 11555.006000000   450.800400000    30.190799074    53.428882500     -10404  0.521987177643  0.521987177643  0.148596500000  0.112974187500  0.522523400000 21007.484   217.652     0.946709250     0.995075795  -51.91589
   0  6 0.9583270700000 0.6000000000000 0.0450000000000 0.6000000000000 0.0200000000000 0.7086256491653 0.3743304417231 23942.954500000  2706.836167065 14184.648000000   285.723400000    32.053490721    56.104737500    -788653  0.533682822019  0.533682822019  0.137218850000  0.062918375000  0.258412600000 21578.748   197.689     0.903286875     0.991808346  -57.13665
   0  7 0.9630922300000 0.6000000000000 0.0450000000000 0.6000000000000 0.0200000000000 0.7285842712554 0.3547386296098 24679.676500000  2605.754313265 14046.756000000   414.776400000    25.731700121    46.854652500    -439429  0.550456998312  0.550456998312  0.143116550000  0.079580812500  0.445924200000 21130.702   210.340     0.848086750     0.994176833  -57.05320
   0  6 0.9583198800000 0.6000000000000 0.0450000000000 0.6000000000000 0.0200000000000 0.7232485639209 0.3820696554814 25766.966500000  2441.117507025 12812.480000000   234.939500000    46.225321149    71.745395000    -519973  0.522944468966  0.522944468966  0.185393100000  0.050748562500  0.460297200000 21807.082   188.789     0.841677750     0.989278729  -55.68433
   0  6 0.9743663000000 0.6000000000000 0.0450000000000 0.6000000000000 0.0200000000000 0.9684671667247 0.4607311018069 24677.597500000  2334.523130744 12104.358000000   216.523300000    63.142652849    94.628807500    -916686  0.309984311658  0.309984311658  0.157039550000  0.161409250000  0.270326600000 18799.074   190.342     0.772662750     0.988802347  -51.07374
   0  6 0.9867993900000 0.6000000000000 0.0450000000000 0.6000000000000 0.0200000000000 0.8088376937395 0.3412160871620 22345.418500000  2551.120413852 13311.944000000   360.517700000    28.354506053    51.484375000    -719552  0.305334670422  0.305334670422  0.136045200000  0.151626937500  0.508157200000 19148.948   208.535     0.857134625     0.993869046  -55.05907
   0  8 0.9818109000000 0.6000000000000 0.0450000000000 0.6000000000000 0.0200000000000 0.6744594370306 0.2668928467717 20457.403000000  2890.653100777 14455.142000000   219.978900000    43.288441407    77.997257500    -514022  0.496277960593  0.496277960593  0.142987250000  0.093447812500  0.301285700000 18816.649   191.300     0.935119750     0.990829293  -54.39399
   0  7 0.9543293600000 0.6000000000000 0.0450000000000 0.6000000000000 0.0200000000000 0.9273595335902 0.4738824441568 24717.476500000  2662.219332194 14264.406000000   486.541800000    23.947067316    44.757362500    -716607  0.491951886389  0.491951886389  0.148706500000  0.060001812500  0.355287700000 20912.780   213.936     0.838149000     0.995037553  -57.09296
   0 10 0.9674015700000 0.6000000000000 0.0450000000000 0.6000000000000 0.0200000000000 0.9609179477211 0.3781161943950 25658.980000000  2524.237884304 14425.432000000   420.030500000    25.514449039    46.679120000    -906473  0.575573631704  0.575573631704  0.129885900000  0.061037437500  0.546825300000 20221.837   212.976     0.764920875     0.994013861  -55.75085
   0  7 0.9818395700000 0.6000000000000 0.0450000000000 0.6000000000000 0.0200000000000 0.8807267177927 0.3702081748133 24148.870000000  2372.602510550 12694.386000000   268.342200000    37.563274919    62.167742500    -446820  0.339001829348  0.339001829348  0.117368450000  0.078827812500  0.529208800000 20101.660   196.682     0.827684250     0.991125411  -57.51889
   0  6 0.9691774500000 0.6000000000000 0.0450000000000 0.6000000000000 0.0200000000000 0.8911992951384 0.4406686861310 23220.097000000  2458.588578964 12628.506000000   299.639700000    37.693746997    65.742872500    -973283  0.363813302172  0.363813302172  0.106305150000  0.088892125000  0.496352100000 19527.866   210.846     0.841669000     0.992401748  -56.00702
   0  8 0.9719031100000 0.6000000000000 0.0450000000000 0.6000000000000 0.0200000000000 0.7505975870331 0.3245118040207 22373.120500000  2699.562364651 14211.240000000   242.952400000    38.174382560    67.047650000    -690193  0.527055532913  0.527055532913  0.117119950000  0.090195562500  0.340983000000 20139.890   193.727     0.900367625     0.990961552  -56.47605
   0  7 0.9886089700000 0.6000000000000 0.0450000000000 0.6000000000000 0.0200000000000 0.6807630805430 0.2650716672086 23540.897500000  2240.036255650 11725.664000000   187.420500000    61.892390243    86.073800000    -433779  0.391025349662  0.391025349662  0.129475200000  0.064163687500  0.259991400000 20959.208   170.070     0.890329500     0.987560232  -52.74904
   0  7 0.9887474300000 0.6000000000000 0.0450000000000 0.6000000000000 0.0200000000000 0.5410204237045 0.2102899485940 25013.572000000  2622.738645685 14717.112000000   327.826300000    30.963693795    56.798515000    -145962  0.490844681098  0.490844681098  0.146319150000  0.080567750000  0.368435300000 21223.699   216.166     0.836528000     0.992442452  -55.17201
   0  8 0.9745030900000 0.6000000000000 0.0450000000000 0.6000000000000 0.0200000000000 0.6731650600263 0.2850165276205 20628.083500000  2309.947859968 11527.458000000   491.166200000    24.908682029    43.279230000    -708713  0.562913372607  0.562913372607  0.169066500000  0.100626687500  0.360525200000 17892.407   197.970     0.873303125     0.995873471  -50.16085
   0  7 0.9671472700000 0.6000000000000 0.0450000000000 0.6000000000000 0.0200000000000 0.7104700461172 0.3370630159526 21389.767000000  2677.161895916 13560.932000000   331.670100000    29.990957516    55.926930000    -200335  0.530874068822  0.530874068822  0.164275350000  0.100184187500  0.302526700000 18939.390   207.885     0.890212000     0.993680944  -55.58675
   0  8 0.9764858900000 0.6000000000000 0.0450000000000 0.6000000000000 0.0200000000000 0.7012941029877 0.2919314887279 24252.388000000  2507.751381875 13757.868000000   496.096000000    22.522016747    40.525375000    -443746  0.522687315218  0.522687315218  0.150119450000  0.077168812500  0.485951800000 21937.064   208.641     0.900403625     0.995192370  -55.09885
   0  8 0.9567328400000 0.6000000000000 0.0450000000000 0.6000000000000 0.0200000000000 0.9056143694977 0.4319054227155 21258.223000000  2572.632152307 12955.566000000   312.188700000    29.132391682    51.540210000    -951787  0.556243982608  0.556243982608  0.122887300000  0.195758937500  0.593446800000 19517.707   194.349     0.935363625     0.993345587  -50.72610
   0 10 0.9882799900000 0.6000000000000 0.0450000000000 0.6000000000000 0.0200000000000 0.8931048334190 0.2860757123790 23397.149500000  2791.406182868 15549.812000000   276.417300000    31.003885253    58.613445000     -20993  0.422411928398  0.422411928398  0.165542400000  0.085329187500  0.487732200000 21286.022   203.945     0.896199375     0.991618852  -54.91268
   0  8 0.9618942700000 0.6000000000000 0.0450000000000 0.6000000000000 0.0200000000000 0.8297329109969 0.3842074429125 25179.568000000  2550.410536569 14006.048000000   292.705300000    32.259106483    55.246380000    -856549  0.560144249687  0.560144249687  0.176897300000  0.058762437500  0.457105200000 21134.961   197.551     0.826766875     0.991583800  -56.28368
   0  6 0.9751555500000 0.6000000000000 0.0450000000000 0.6000000000000 0.0200000000000 0.7621519571344 0.3602781909144 21878.224000000  2587.108808103 13193.256000000   303.468400000    30.987868029    54.957780000    -404163  0.389229478105  0.389229478105  0.182440200000  0.063232187500  0.456422600000 19782.449   199.987     0.914044875     0.992914386  -55.86445
   0  6 0.9880355600000 0.6000000000000 0.0450000000000 0.6000000000000 0.0200000000000 0.5799301855410 0.2410541977520 21242.833000000  2618.711756932 13398.332000000   194.407000000    73.535531797   110.085840000    -214078  0.417269611597  0.417269611597  0.172718450000  0.072166812500  0.357150600000 18409.310   184.172     0.870525250     0.989182366  -54.21042
   0  8 0.9623139200000 0.6000000000000 0.0450000000000 0.6000000000000 0.0200000000000 0.8070116069031 0.3727326599292 22548.296500000  2610.494194068 13646.706000000   280.592400000    33.434443877    59.134160000    -214470  0.572115627178  0.572115627178  0.112676650000  0.084945062500  0.508264700000 20271.051   198.597     0.900540000     0.992137099  -56.84223
   0  9 0.9827537100000 0.6000000000000 0.0450000000000 0.6000000000000 0.0200000000000 0.7021303996254 0.2578469493102 22151.032000000  2414.811243234 12895.264000000   320.809800000    30.327133660    53.657487500    -323786  0.527501741516  0.527501741516  0.108272600000  0.056633937500  0.386175000000 18749.103   201.609     0.836941500     0.993187371  -57.51119
   0  6 0.9591376200000 0.6000000000000 0.0450000000000 0.6000000000000 0.0200000000000 0.8179338552598 0.4301874617516 22956.860500000  2446.731774393 12336.684000000   257.960600000    46.208112464    77.798520000    -374145  0.457211915047  0.457211915047  0.142511450000  0.056478625000  0.422965200000 18467.426   204.335     0.810438875     0.991298891  -56.07514
   0  6 0.9802171000000 0.6000000000000 0.0450000000000 0.6000000000000 0.0200000000000 0.4612411135998 0.2085470673806 22048.459000000  2494.697845598 12770.658000000   234.045100000    45.114557386    75.381462500    -461954  0.594960587453  0.594960587453  0.158047400000  0.052275500000  0.593779200000 19332.192   194.754     0.880501000     0.990718211  -57.61630
   0  7 0.9770377400000 0.6000000000000 0.0450000000000 0.6000000000000 0.0200000000000 0.8195799793421 0.3604259119995 24796.276000000  2464.267003594 13385.638000000   299.692000000    31.832313437    53.830972500    -676365  0.394045747219  0.394045747219  0.136455100000  0.058546937500  0.500862700000 20999.680   198.116     0.838765750     0.991861082  -57.80520
   0  7 0.9785591500000 0.6000000000000 0.0450000000000 0.6000000000000 0.0200000000000 0.8822589828506 0.3827412719530 25274.608000000  2796.922717828 15631.596000000   253.359000000    34.974467394    61.444715000      -5760  0.357144812919  0.357144812919  0.114880050000  0.103634500000  0.255252200000 21977.742   196.027     0.857065875     0.990179641  -54.17097
   0  6 0.9858810600000 0.6000000000000 0.0450000000000 0.6000000000000 0.0200000000000 0.7108226939036 0.3030617732256 24908.380000000  2476.771392151 13405.764000000   222.391500000    53.689857050    84.545812500    -993860  0.352690776102  0.352690776102  0.165454150000  0.057324062500  0.517005600000 22619.068   195.523     0.907225250     0.988927869  -54.87222
   0  8 0.9863234700000 0.6000000000000 0.0450000000000 0.6000000000000 0.0200000000000 0.7971919719723 0.3001009761648 23708.675500000  2573.222539299 14202.586000000   477.605900000    23.405288090    44.111132500    -893028  0.387943395522  0.387943395522  0.141278650000  0.052740437500  0.415596600000 20679.530   216.401     0.861074875     0.995091296  -57.67354
   0  8 0.9714483300000 0.6000000000000 0.0450000000000 0.6000000000000 0.0200000000000 0.7656981591103 0.3322037817807 20072.423500000  2520.716043903 12499.738000000   197.253400000    65.266210079   101.448152500    -772505  0.520539109216  0.520539109216  0.151464800000  0.073223062500  0.223979200000 18002.214   182.963     0.908521250     0.990014103  -54.24162
   0  6 0.9868672500000 0.6000000000000 0.0450000000000 0.6000000000000 0.0200000000000 0.4585439511216 0.1932872746549 22560.676000000  2369.796067882 12187.430000000   378.978200000    29.333056912    51.232597500     -55479  0.537988661597  0.537988661597  0.156157200000  0.104763375000  0.583362700000 18480.224   207.066     0.823238875     0.994111242  -55.62625
   0  6 0.9748340700000 0.6000000000000 0.0450000000000 0.6000000000000 0.0200000000000 0.9031432459225 0.4280427897405 23771.140000000  2682.447071381 14270.036000000   329.343500000    26.531498051    47.270295000    -463147  0.330067355894  0.330067355894  0.176258300000  0.169106125000  0.534224500000 21596.639   198.382     0.911783250     0.992907194  -51.65499
   0  7 0.9831606900000 0.6000000000000 0.0450000000000 0.6000000000000 0.0200000000000 0.7365537675688 0.3054125716562 26005.997500000  2272.121698336 12289.354000000   309.949300000    35.260473508    57.964712500    -699253  0.396535672497  0.396535672497  0.134220000000  0.064953187500  0.505804800000 20924.496   204.051     0.800873750     0.991719528  -56.59736
   0  7 0.9638820500000 0.6000000000000 0.0450000000000 0.6000000000000 0.0200000000000 0.9294607756944 0.4503515923603 25798.826500000  2531.433835767 13827.082000000   308.612500000    33.127613634    56.970212500    -131376  0.426401436586  0.426401436586  0.149909150000  0.090188125000  0.222618600000 23134.109   206.773     0.891271375     0.991816974  -55.10739
   0  9 0.9678487200000 0.6000000000000 0.0450000000000 0.6000000000000 0.0200000000000 0.9537500251282 0.3994297143210 23513.533000000  2625.412364014 14253.122000000   351.473400000    28.980245494    54.057205000     -71219  0.503842379007  0.503842379007  0.142023300000  0.054481000000  0.204396400000 18425.918   210.801     0.773498875     0.993443418  -56.18208
   0  7 0.9625190300000 0.6000000000000 0.0450000000000 0.6000000000000 0.0200000000000 0.7008779324104 0.3424336422968 23091.982000000  2443.312244464 12619.408000000   473.628100000    26.668612682    48.057250000    -470619  0.577150375878  0.577150375878  0.129021900000  0.050009000000  0.442067400000 20050.267   213.320     0.867811875     0.995229193  -57.79325
   0  7 0.9727243900000 0.6000000000000 0.0450000000000 0.6000000000000 0.0200000000000 0.8319944674930 0.3791327519959 25813.406500000  2721.694425742 15224.620000000   348.353100000    26.148195146    47.710475000    -835923  0.415766841712  0.415766841712  0.122199700000  0.069049812500  0.579627300000 22378.767   206.564     0.854020125     0.992724611  -55.84063
   0  6 0.9782917000000 0.6000000000000 0.0450000000000 0.6000000000000 0.0200000000000 0.8952872206349 0.4120304432856 21757.601500000  2923.613411287 14914.522000000   320.305400000    24.013379586    45.746890000    -732519  0.315831070403  0.315831070403  0.148159400000  0.051120250000  0.377817900000 19413.025   192.820     0.897147375     0.993313978  -53.39960
   0  8 0.9710940000000 0.6000000000000 0.0450000000000 0.6000000000000 0.0200000000000 0.7542819168594 0.3281370084433 21730.547500000  2372.091085523 12153.564000000   177.935500000   121.960585054   130.871475000    -516549  0.531499261520  0.531499261520  0.151158000000  0.146227250000  0.237827600000 20015.278   172.041     0.938256875     0.988017126  -50.74603
   0 10 0.9724023300000 0.6000000000000 0.0450000000000 0.6000000000000 0.0200000000000 0.8512323703649 0.3221373446088 25752.427000000  2514.481328883 14486.338000000   377.271900000    24.751391110    43.762310000     -67923  0.594420692872  0.594420692872  0.135907650000  0.103195250000  0.587037700000 22781.157   204.145     0.860464500     0.993299024  -54.91244
   0  9 0.9628426700000 0.6000000000000 0.0450000000000 0.6000000000000 0.0200000000000 0.9062475936590 0.3926009189620 25831.159000000  2544.634790368 14341.562000000   366.314800000    28.168137018    50.537975000    -559906  0.576722257658  0.576722257658  0.124151850000  0.099645437500  0.283118500000 20767.594   209.897     0.786253000     0.993099280  -55.31661
   0  6 0.9857024400000 0.6000000000000 0.0450000000000 0.6000000000000 0.0200000000000 0.7660836049017 0.3272838341617 23015.720500000  2471.978719949 12959.042000000   340.447600000    29.468526617    51.575667500    -706270  0.328202457904  0.328202457904  0.160430800000  0.102923062500  0.375022300000 18201.888   202.251     0.796872500     0.993317667  -55.50926
   0  6 0.9725012400000 0.6000000000000 0.0450000000000 0.6000000000000 0.0200000000000 0.5372557966235 0.2593252944690 23560.256500000  2776.760028270 14708.732000000   462.363900000    22.575101066    43.325672500    -355172  0.574617020702  0.574617020702  0.141651500000  0.069562000000  0.580787200000 21146.344   211.440     0.898018125     0.994997494  -56.38192
   0 11 0.9867496300000 0.6000000000000 0.0450000000000 0.6000000000000 0.0200000000000 0.7671183035368 0.2321819144014 26498.086000000  2225.702691014 13192.114000000   213.737300000    47.031185503    69.575402500    -578400  0.574717603045  0.574717603045  0.134577700000  0.054840375000  0.484936400000 20687.360   175.331     0.756281500     0.987737305  -53.18125
   0  7 0.9630210200000 0.6000000000000 0.0450000000000 0.6000000000000 0.0200000000000 0.6733332507538 0.3279796312633 23564.320000000  2504.768124937 13134.958000000   469.654400000    26.879794736    49.445975000    -649499  0.596261588903  0.596261588903  0.140656800000  0.067439500000  0.211544600000 19243.641   217.154     0.814926250     0.995089767  -57.47786
   0 11 0.9788966200000 0.6000000000000 0.0450000000000 0.6000000000000 0.0200000000000 0.9449008710234 0.3131947896411 27101.576500000  2262.395018174 13409.946000000   342.076800000    30.724850893    51.857962500    -967548  0.542395679140  0.542395679140  0.139784950000  0.065070312500  0.389889500000 23493.908   208.270     0.836204125     0.992199463  -55.97666
   0  7 0.9804989600000 0.6000000000000 0.0450000000000 0.6000000000000 0.0200000000000 0.9720318915868 0.4140484825161 28111.214500000  2559.252143010 14807.442000000   440.922400000    20.727724124    35.238047500    -479362  0.314036805320  0.314036805320  0.143179350000  0.132552250000  0.303229400000 24188.358   199.712     0.842721500     0.993717447  -49.95587
   0  7 0.9651621500000 0.6000000000000 0.0450000000000 0.6000000000000 0.0200000000000 0.6505113866252 0.3126604638017 22239.281500000  2401.053443462 12185.984000000   261.734100000    41.527892098    70.292677500    -636961  0.597587337159  0.597587337159  0.123257550000  0.122087250000  0.587816000000 19443.251   200.755     0.877708750     0.991679543  -54.94279
   0  6 0.9679905800000 0.6000000000000 0.0450000000000 0.6000000000000 0.0200000000000 0.6291400379041 0.3136241635322 24686.588500000  2366.847788508 12240.516000000   243.423400000    43.938234031    69.414202500    -276984  0.524337574867  0.524337574867  0.148298700000  0.078035750000  0.347664200000 21018.115   191.279     0.849574375     0.990060345  -56.43262
   0  6 0.9847012600000 0.6000000000000 0.0450000000000 0.6000000000000 0.0200000000000 0.7177115661564 0.3100460446356 21379.318000000  2963.982131996 15041.122000000   456.229900000    22.129423697    45.809777500    -782304  0.356052954887  0.356052954887  0.128909250000  0.095886937500  0.438301800000 19734.741   216.074     0.939935250     0.995370986  -54.46461
   0  9 0.9723680400000 0.6000000000000 0.0450000000000 0.6000000000000 0.0200000000000 0.7976219963324 0.3227559958506 24436.919500000  2207.398113832 11851.094000000   418.752200000    30.668953841    53.378052500    -705742  0.557688991726  0.557688991726  0.173656650000  0.066329812500  0.454966100000 19512.404   215.927     0.792002500     0.994271278  -55.30284
   0  6 0.9668320600000 0.6000000000000 0.0450000000000 0.6000000000000 0.0200000000000 0.7994920843169 0.4016204206153 23704.733500000  2438.395339463 12553.988000000   399.111400000    28.901176706    50.729725000    -130306  0.419586493039  0.419586493039  0.161075650000  0.092459437500  0.306449700000 20155.895   209.297     0.849792250     0.994180982  -56.26207
   0  8 0.9845957600000 0.6000000000000 0.0450000000000 0.6000000000000 0.0200000000000 0.8726715964794 0.3351411426378 24452.350000000  2208.760877911 11842.312000000   230.650200000    48.750046604    75.633402500    -144061  0.365372700312  0.365372700312  0.175342250000  0.079925312500  0.371722100000 20097.453   189.580     0.816433625     0.989528312  -55.11278
   0  8 0.9742479600000 0.6000000000000 0.0450000000000 0.6000000000000 0.0200000000000 0.7256151435671 0.3078745743417 24486.316000000  2290.207833029 12273.312000000   355.789000000    31.608395646    54.033642500    -553500  0.524447680090  0.524447680090  0.192630350000  0.105093375000  0.486551200000 19914.712   207.699     0.808030375     0.993238585  -54.04414
   0  7 0.9642194900000 0.6000000000000 0.0450000000000 0.6000000000000 0.0200000000000 0.8732367130063 0.4222209598640 21761.462500000  2628.056867104 13382.274000000   225.951400000    47.971821555    80.925020000    -716871  0.451554470437  0.451554470437  0.182463850000  0.089388312500  0.515618500000 17780.182   191.680     0.819440250     0.990571522  -54.20112
   0  6 0.9879987100000 0.6000000000000 0.0450000000000 0.6000000000000 0.0200000000000 0.5175568150078 0.2152249976466 24863.533000000  2664.434198798 14696.484000000   233.759700000    44.692976767    74.831140000    -586838  0.467842111815  0.467842111815  0.136984300000  0.061088937500  0.407404000000 21133.927   196.680     0.841570500     0.989470352  -56.54766
   0  6 0.9847335700000 0.6000000000000 0.0450000000000 0.6000000000000 0.0200000000000 0.5532292955971 0.2389065801411 22940.107000000  2692.168170994 14269.584000000   356.643000000    26.065974754    48.156667500    -229023  0.461671186582  0.461671186582  0.145352700000  0.102137437500  0.215589800000 17561.901   202.238     0.775525125     0.993645975  -54.16390
   0  6 0.9867071100000 0.6000000000000 0.0450000000000 0.6000000000000 0.0200000000000 0.7107978685742 0.3001810056969 21437.219500000  2527.232933276 12915.636000000   204.972100000    54.726614176    87.384070000     -96032  0.347975256542  0.347975256542  0.188337850000  0.087646687500  0.551596700000 20170.415   186.621     0.972642750     0.989655413  -53.28361
   0  7 0.9894548900000 0.6000000000000 0.0450000000000 0.6000000000000 0.0200000000000 0.7448499017726 0.2868922484456 24458.236000000  2519.312846828 13922.520000000   197.506500000    60.839438508    90.436372500    -540108  0.352162669236  0.352162669236  0.136898950000  0.053548500000  0.202837600000 21027.323   180.091     0.849787750     0.987728051  -57.04271
   0 12 0.9824111400000 0.6000000000000 0.0450000000000 0.6000000000000 0.0200000000000 0.9563912952324 0.2813757118784 24963.973000000  2204.124706114 12776.784000000   414.008700000    28.771682909    50.879810000     -97217  0.574039526381  0.574039526381  0.171183700000  0.068910250000  0.471936400000 20906.110   217.367     0.806170750     0.994051789  -55.98554
   0 10 0.9791079100000 0.6000000000000 0.0450000000000 0.6000000000000 0.0200000000000 0.9735017037873 0.3465729850119 21072.463000000  2357.442280451 12300.060000000   231.204000000    42.384526778    70.786027500    -397626  0.460167570877  0.460167570877  0.109289700000  0.084875312500  0.438730600000 18091.711   187.105     0.849398000     0.991025289  -55.20081
   0  6 0.9660458200000 0.6000000000000 0.0450000000000 0.6000000000000 0.0200000000000 0.9280635732410 0.4685877884716 23585.326000000  2728.427034051 14336.320000000   196.983000000    79.355821109   113.575625000    -265371  0.365569706988  0.365569706988  0.107781250000  0.109496312500  0.204249400000 21269.355   186.109     0.904292375     0.988272234  -53.10698
   0  8 0.9852964600000 0.6000000000000 0.0450000000000 0.6000000000000 0.0200000000000 0.8630428245409 0.3288146249476 22489.625500000  2432.440019548 12979.652000000   479.747500000    24.311862667    44.033945000    -893277  0.364917393660  0.364917393660  0.119313000000  0.074304062500  0.232380600000 19841.420   210.022     0.878276500     0.995367552  -56.98358
   0  8 0.9884873000000 0.6000000000000 0.0450000000000 0.6000000000000 0.0200000000000 0.7929245040059 0.2906320135104 22288.232500000  2633.354103059 14134.896000000   200.451400000    47.503075189    76.779547500    -492444  0.375237093492  0.375237093492  0.173134650000  0.078668062500  0.240469100000 20471.473   178.403     0.923428500     0.988988777  -54.60275
   0  6 0.9809160700000 0.6000000000000 0.0450000000000 0.6000000000000 0.0200000000000 0.8325575090457 0.3739255195565 27564.545500000  2625.592951231 14889.892000000   378.374600000    24.129494191    41.981992500    -718876  0.326017211215  0.326017211215  0.161889600000  0.095762000000  0.347812500000 21500.215   201.214     0.776227625     0.992819643  -52.58169
   0  6 0.9736058600000 0.6000000000000 0.0450000000000 0.6000000000000 0.0200000000000 0.8782648642435 0.4203358301931 26713.978000000  2429.876586547 13146.968000000   205.138200000    54.726521473    78.665555000    -128728  0.345751112161  0.345751112161  0.102121600000  0.104874875000  0.410902700000 19574.223   174.672     0.744975875     0.987209712  -49.35161
   0  6 0.9827822600000 0.6000000000000 0.0450000000000 0.6000000000000 0.0200000000000 0.4430466721644 0.1953198594233 23732.530000000  2388.535638451 12484.224000000   350.346400000    30.013658975    51.350280000    -662973  0.594812401969  0.594812401969  0.131876500000  0.067225812500  0.254717500000 20906.316   204.998     0.880257875     0.993316222  -57.15067
   0  7 0.9782396300000 0.6000000000000 0.0450000000000 0.6000000000000 0.0200000000000 0.9062602654476 0.3942996358633 22701.575500000  2613.489796488 13814.510000000   315.771000000    30.710314301    55.843177500      -2087  0.349495850629  0.349495850629  0.140457600000  0.093355375000  0.583858900000 19050.496   205.570     0.835861375     0.992923907  -56.99765
   0  7 0.9790985000000 0.6000000000000 0.0450000000000 0.6000000000000 0.0200000000000 0.6205135719748 0.2678546772240 20065.160500000  2508.470135891 12426.436000000   422.803000000    27.696130589    51.920070000    -547686  0.503354408151  0.503354408151  0.124486700000  0.089307437500  0.470571500000 18222.873   214.530     0.925920875     0.995326922  -54.67708
   0  6 0.9792204800000 0.6000000000000 0.0450000000000 0.6000000000000 0.0200000000000 0.6421228880679 0.2930426142061 21451.435000000  2715.412677583 13825.448000000   433.075600000    25.042631311    48.257970000    -552903  0.434058640364  0.434058640364  0.112308350000  0.060616562500  0.581418500000 19303.630   213.662     0.908759000     0.995122263  -56.80597
   0  7 0.9640575700000 0.6000000000000 0.0450000000000 0.6000000000000 0.0200000000000 0.7232111055485 0.3500352944223 24861.238000000  2194.625277983 11157.822000000   280.697700000    42.555082618    68.662640000    -122446  0.546558673708  0.546558673708  0.185618850000  0.061450875000  0.475362600000 20309.090   202.285     0.819913500     0.991329729  -54.22611
   0  9 0.9843867000000 0.6000000000000 0.0450000000000 0.6000000000000 0.0200000000000 0.7158642385841 0.2581616196598 19067.051500000  3183.197190769 14699.680000000   457.963000000    21.530259060    48.362522500    -443522  0.502288985645  0.502288985645  0.164259550000  0.052404875000  0.204359500000 17976.870   219.280     0.985322625     0.995888058  -52.85853
   0  7 0.9543620300000 0.6000000000000 0.0450000000000 0.6000000000000 0.0200000000000 0.9330393797929 0.4767069638131 25502.960500000  2505.508783483 13432.040000000   457.558300000    27.018115502    48.647417500      -7770  0.488726647009  0.488726647009  0.167097300000  0.104107812500  0.379715800000 23008.031   219.075     0.901175500     0.994555495  -53.78918
   0  9 0.9876334500000 0.6000000000000 0.0450000000000 0.6000000000000 0.0200000000000 0.6559809409742 0.2275068615183 22194.043000000  2743.056259759 14745.572000000   378.136500000    25.107460640    49.439995000    -329182  0.516435993736  0.516435993736  0.147175450000  0.055001750000  0.576029800000 19797.665   213.983     0.883210875     0.994191031  -57.15931
   0  6 0.9701225400000 0.6000000000000 0.0450000000000 0.6000000000000 0.0200000000000 0.7611009265280 0.3738474743810 23238.956500000  2547.226847245 13224.888000000   481.288300000    27.057907226    50.616982500    -540369  0.420144345286  0.420144345286  0.139608550000  0.096953250000  0.477735500000 19972.123   222.638     0.858501625     0.995264049  -56.38236
   0  6 0.9801597400000 0.6000000000000 0.0450000000000 0.6000000000000 0.0200000000000 0.7114959801447 0.3218727308263 25932.976000000  2366.537741355 12657.428000000   418.180100000    27.401125315    46.470860000    -416161  0.386041056419  0.386041056419  0.175382800000  0.076998312500  0.540802100000 19680.934   205.775     0.766618000     0.993890176  -54.75598
   0  8 0.9777680600000 0.6000000000000 0.0450000000000 0.6000000000000 0.0200000000000 0.8223856858742 0.3384294900667 23313.814000000  2406.485669653 12889.720000000   198.453700000    76.531050099   109.094752500    -977100  0.436179021001  0.436179021001  0.146756000000  0.068279687500  0.282130700000 18929.799   183.628     0.807144875     0.988439869  -55.43539
   0  6 0.9633273100000 0.6000000000000 0.0450000000000 0.6000000000000 0.0200000000000 0.6490570057639 0.3332894763102 23678.098000000  2471.838114649 12720.412000000   372.747700000    30.307630217    53.416467500    -930287  0.543361698386  0.543361698386  0.104394600000  0.075734562500  0.562475100000 19915.920   209.684     0.840756875     0.993782823  -57.20339
   0  7 0.9762709000000 0.6000000000000 0.0450000000000 0.6000000000000 0.0200000000000 0.7160334647302 0.3169877046974 20111.870500000  2661.753415875 13167.968000000   190.611100000    49.084997726    78.813690000    -997068  0.456626498356  0.456626498356  0.110023250000  0.182551500000  0.586827300000 17957.547   170.686     0.904367500     0.989624643  -49.03849
   0 10 0.9790730500000 0.6000000000000 0.0450000000000 0.6000000000000 0.0200000000000 0.7626818714238 0.2716142721971 22110.167500000  2290.665134558 12204.512000000   405.759400000    31.026753085    57.015062500    -150250  0.587743251250  0.587743251250  0.118327550000  0.085467562500  0.227704400000 19909.504   224.762     0.897610875     0.994634426  -54.23067
 
  COND2           1      760499  4.927220005984407E+044  3.452370360476078E+042
  7.006730684408178E-003         100
    760499   9201812    394579         0     12653         0         0         0         0         0    721241        35         0   3709181    760499
 PARAMETER FILE GP61B.PAR   
