  Aa Am            MSYL            MSYR           MORTJ           MORTA             K1+           PInit      ISEED   PTarget           CVADD              AR        PREG-MAX           GAMMA              P0   SSTILDA     LIKEL
   0  8 0.9762097800000 0.6000000000000 0.0450000000000 0.6000000000000 0.0200000000000 0.6375769334738 0.2660504296644 24367.300000000  2594.787553800 14195.594000000   235.289000000    42.416094716    64.221970000    -244410  0.577598728923  0.577598728923  0.140426550000  0.118060687500  0.452387800000 21679.916   181.192     0.881881250     0.989816612  -53.95553
   0  7 0.9831735200000 0.6000000000000 0.0450000000000 0.6000000000000 0.0200000000000 0.5058494722206 0.2097224942501 21749.231500000  2718.389978187 14040.988000000   427.141000000    28.285418126    48.767635000    -779972  0.577261010464  0.577261010464  0.143065150000  0.126961062500  0.246785400000 19017.461   204.247     0.875509250     0.994974860  -54.99509
   0  6 0.9686679000000 0.6000000000000 0.0450000000000 0.6000000000000 0.0200000000000 0.5730325112535 0.2843433537786 22947.977500000  2733.225513231 14101.680000000   274.434200000    37.948575524    61.468440000    -136550  0.570036109955  0.570036109955  0.160170650000  0.083324125000  0.593355400000 19562.432   191.862     0.852375500     0.991802558  -56.23056
   0  8 0.9706407300000 0.6000000000000 0.0450000000000 0.6000000000000 0.0200000000000 0.9546338051528 0.4167207145635 27717.919000000  2417.710168867 13615.228000000   280.106600000    42.866899639    64.538650000     -66344  0.423081560477  0.423081560477  0.188742800000  0.065709812500  0.525537400000 21651.018   195.725     0.773103625     0.990292304  -54.39272
   0  8 0.9880903500000 0.6000000000000 0.0450000000000 0.6000000000000 0.0200000000000 0.5821188863562 0.2144443989966 22176.803500000  2734.992398611 14495.600000000   379.486400000    30.936403397    54.693197500    -124153  0.514781686366  0.514781686366  0.122549350000  0.052707500000  0.443047400000 19514.047   212.472     0.875276375     0.994214365  -57.64104
   0  6 0.9827500900000 0.6000000000000 0.0450000000000 0.6000000000000 0.0200000000000 0.5621748186966 0.2479200034288 23697.862000000  2788.517549584 14880.082000000   320.483600000    33.532406509    56.629645000    -889362  0.469008383842  0.469008383842  0.172588700000  0.158421000000  0.215172800000 20277.665   203.133     0.851771000     0.992704235  -52.57104
   0  7 0.9636530900000 0.6000000000000 0.0450000000000 0.6000000000000 0.0200000000000 0.7276419511249 0.3530640998769 23385.674500000  2544.171502654 13217.468000000   252.710500000    48.610438924    76.599400000    -921843  0.546547472147  0.546547472147  0.196579300000  0.107443375000  0.316666600000 20827.957   198.147     0.892498125     0.990942119  -53.51630
   0  7 0.9864852700000 0.6000000000000 0.0450000000000 0.6000000000000 0.0200000000000 0.6600504374822 0.2637486156423 25366.610500000  2625.062900523 14640.514000000   361.793500000    34.534630740    58.496510000     -58771  0.418312063276  0.418312063276  0.159414300000  0.094999500000  0.256420500000 20675.186   217.002     0.806880500     0.993066105  -54.09882
   0  6 0.9875658900000 0.6000000000000 0.0450000000000 0.6000000000000 0.0200000000000 0.7223736416353 0.3019786574262 24780.467500000  2564.275505350 13874.998000000   348.430800000    35.414186453    58.306222500    -924514  0.337598817635  0.337598817635  0.158208250000  0.148990000000  0.338782500000 22021.463   213.101     0.884170000     0.992961436  -53.15590
   0 11 0.9896669800000 0.6000000000000 0.0450000000000 0.6000000000000 0.0200000000000 0.8365624198772 0.2432927094306 21603.580000000  2601.664502414 13948.722000000   235.747500000    50.996475788    84.092405000    -764512  0.497845452356  0.497845452356  0.127459150000  0.066756875000  0.549062800000 19492.466   198.127     0.892317000     0.990917286  -56.25797
   0  6 0.9814121000000 0.6000000000000 0.0450000000000 0.6000000000000 0.0200000000000 0.8421693569266 0.3764178255738 28145.828500000  2304.927603598 12315.788000000   485.564100000    33.403688874    52.633705000    -572690  0.319788266101  0.319788266101  0.137396650000  0.073502687500  0.269499200000 20456.771   216.019     0.741915000     0.994285165  -53.14677
   0  9 0.9767158800000 0.6000000000000 0.0450000000000 0.6000000000000 0.0200000000000 0.8651234066543 0.3372975140569 25990.189000000  2282.025512236 12646.590000000   342.873100000    36.487113599    56.369612500    -328029  0.476708933022  0.476708933022  0.132719350000  0.110621437500  0.502583100000 20180.720   200.430     0.768950250     0.992544700  -54.64974
   0  9 0.9622125400000 0.6000000000000 0.0450000000000 0.6000000000000 0.0200000000000 0.9085074542187 0.3951505590784 20204.912500000  2865.035230153 13907.976000000   459.033900000    28.186101465    51.397177500     -46047  0.581340866788  0.581340866788  0.130027200000  0.092310250000  0.490016000000 18084.072   209.780     0.900692875     0.995693288  -54.51152
   0  7 0.9598320300000 0.6000000000000 0.0450000000000 0.6000000000000 0.0200000000000 0.7297389552379 0.3621562600659 24257.869000000  2779.005158786 14779.582000000   323.833500000    36.860067106    62.892265000    -283189  0.576913563369  0.576913563369  0.149837700000  0.051937687500  0.539371700000 20967.642   211.159     0.857840375     0.992674894  -56.88399
   0  7 0.9867866700000 0.6000000000000 0.0450000000000 0.6000000000000 0.0200000000000 0.8464398447522 0.3370254327720 20984.888500000  2560.812138296 13017.130000000   262.847800000    42.527304773    69.870762500    -934517  0.324520432169  0.324520432169  0.147565650000  0.134561187500  0.295620100000 19093.584   198.568     0.923091500     0.992102952  -54.04129
   0 10 0.9890394300000 0.6000000000000 0.0450000000000 0.6000000000000 0.0200000000000 0.7903558614568 0.2505887734289 25298.354500000  2401.926197180 13857.536000000   177.133800000   135.435055995   127.078790000    -120504  0.470443233753  0.470443233753  0.150142150000  0.143799375000  0.547700800000 21972.075   166.549     0.845039375     0.985850849  -51.66829
   0  7 0.9809730000000 0.6000000000000 0.0450000000000 0.6000000000000 0.0200000000000 0.8176380724697 0.3466730590803 22006.676500000  2539.284967532 13104.552000000   348.572500000    34.456730327    57.409385000    -358110  0.370431660683  0.370431660683  0.148267500000  0.087233750000  0.438203300000 16731.725   202.728     0.773135875     0.993777110  -54.67619
   0  6 0.9883094400000 0.6000000000000 0.0450000000000 0.6000000000000 0.0200000000000 0.4683651324197 0.1940265072624 19770.563500000  2501.664923774 12176.502000000   189.721400000    74.542293070   104.980902500    -648815  0.514324213352  0.514324213352  0.152807150000  0.127960875000  0.569255900000 17674.055   175.880     0.910939750     0.989681478  -51.68659
   0  6 0.9848355800000 0.6000000000000 0.0450000000000 0.6000000000000 0.0200000000000 0.7003236773980 0.3020902165549 20658.121000000  2366.459480108 11555.368000000   395.903900000    33.156184982    53.414875000    -907080  0.364102230408  0.364102230408  0.107465050000  0.074272875000  0.239565300000 17537.835   199.256     0.859854125     0.994845152  -53.38115
   0  9 0.9829938300000 0.6000000000000 0.0450000000000 0.6000000000000 0.0200000000000 0.6606346963730 0.2419755604132 21721.381000000  2384.213595242 12461.732000000   202.636300000    59.661406982    86.567052500    -540370  0.558208074548  0.558208074548  0.109584950000  0.086362687500  0.584358000000 19683.338   177.033     0.910886750     0.989422094  -54.37953
   0  8 0.9840241300000 0.6000000000000 0.0450000000000 0.6000000000000 0.0200000000000 0.8784669170385 0.3395204903903 22005.529000000  2722.141931862 14293.226000000   490.928600000    26.553672581    46.512882500    -443062  0.366621823532  0.366621823532  0.132017950000  0.082654125000  0.331118300000 19925.347   209.213     0.908469500     0.995574006  -56.10064
   0  8 0.9565327800000 0.6000000000000 0.0450000000000 0.6000000000000 0.0200000000000 0.9304935244094 0.4442490889007 22199.834500000  2567.613098761 13099.168000000   254.245500000    47.054955869    75.507887500    -903313  0.543046354308  0.543046354308  0.134201750000  0.084793937500  0.497580500000 19198.785   196.019     0.863995875     0.991467433  -57.15163
   0 10 0.9814260800000 0.6000000000000 0.0450000000000 0.6000000000000 0.0200000000000 0.8380817271371 0.2912985838311 24072.892000000  2290.396503335 12618.596000000   379.928900000    36.799709301    61.019680000    -657623  0.512119462220  0.512119462220  0.122416300000  0.051289000000  0.551371500000 19821.820   217.760     0.806813625     0.993753086  -56.81460
   0  7 0.9818395700000 0.6000000000000 0.0450000000000 0.6000000000000 0.0200000000000 0.8807267177927 0.3702081748133 24148.870000000  2393.189690855 12694.386000000   268.342200000    41.050543374    62.167742500    -446820  0.339001829348  0.339001829348  0.117368450000  0.078827812500  0.529208800000 20068.693   188.817     0.827684250     0.991125411  -56.46328
   0  9 0.9875711300000 0.6000000000000 0.0450000000000 0.6000000000000 0.0200000000000 0.8326203726919 0.2889969323449 25517.513500000  2409.586714462 13712.356000000   352.357300000    35.304748498    57.430997500     -62692  0.407344120720  0.407344120720  0.158601950000  0.054186375000  0.220862500000 19200.221   209.006     0.747303250     0.992832829  -55.71421
   0  7 0.9888979900000 0.6000000000000 0.0450000000000 0.6000000000000 0.0200000000000 0.5916811114083 0.2295404398247 24396.554500000  2414.681345390 13036.576000000   471.874300000    31.316429795    51.755782500    -949027  0.447645896332  0.447645896332  0.153044050000  0.054814375000  0.390785500000 20781.835   217.301     0.845050625     0.994878493  -57.42804
   0  7 0.9693642400000 0.6000000000000 0.0450000000000 0.6000000000000 0.0200000000000 0.9156781960262 0.4278136563096 22217.749000000  2711.321829742 13933.052000000   275.768000000    39.176498792    64.799527500    -438080  0.398097964012  0.398097964012  0.106505050000  0.060601562500  0.505730500000 18968.123   196.049     0.853259500     0.992099878  -57.33145
   0  9 0.9862787500000 0.6000000000000 0.0450000000000 0.6000000000000 0.0200000000000 0.7278137995818 0.2566961566272 24673.061500000  2506.446164207 14117.152000000   242.109600000    47.178936185    73.125670000    -545411  0.477239470830  0.477239470830  0.132233550000  0.059922937500  0.310441500000 22723.776   194.259     0.917561875     0.989923086  -56.30165
   0  6 0.9805470100000 0.6000000000000 0.0450000000000 0.6000000000000 0.0200000000000 0.4936376180748 0.2224953134127 22259.626000000  2435.825579665 12314.702000000   305.005400000    37.166231475    58.442982500    -310879  0.553048731675  0.553048731675  0.142738650000  0.117089750000  0.227796500000 19455.961   194.471     0.879083500     0.992808155  -55.06603
   0  6 0.9710448600000 0.6000000000000 0.0450000000000 0.6000000000000 0.0200000000000 0.7254505482886 0.3539766263305 23714.791000000  2489.760526975 12834.674000000   385.042200000    36.083299316    59.938600000    -664920  0.434843799424  0.434843799424  0.153957800000  0.060088437500  0.373421600000 20927.487   216.768     0.884041625     0.993956955  -56.76214
   0 10 0.9709101100000 0.6000000000000 0.0450000000000 0.6000000000000 0.0200000000000 0.8875716068146 0.3400008550205 23123.234500000  2486.498251945 13409.320000000   306.633900000    38.406563101    63.260750000    -874919  0.585515082197  0.585515082197  0.114477500000  0.067764187500  0.453774900000 19984.348   203.832     0.847637375     0.992601373  -58.07577
   0  8 0.9614553400000 0.6000000000000 0.0450000000000 0.6000000000000 0.0200000000000 0.7919257403681 0.3676725702062 24094.829500000  2595.911293089 13873.488000000   221.304100000    66.396991002    99.009385000    -759427  0.590956074063  0.590956074063  0.134861250000  0.095224750000  0.328188800000 20894.506   193.702     0.859183000     0.989349130  -55.16081
   0  8 0.9618917500000 0.6000000000000 0.0450000000000 0.6000000000000 0.0200000000000 0.8740038105679 0.4047132526275 20755.645000000  2655.709053581 13163.430000000   268.473300000    40.770444872    67.587280000    -190570  0.531792378553  0.531792378553  0.146706000000  0.061043625000  0.549218300000 17883.019   194.031     0.864547375     0.992436319  -56.67477
   0  6 0.9545860800000 0.6000000000000 0.0450000000000 0.6000000000000 0.0200000000000 0.8027955848882 0.4322904908310 24858.187000000  2354.725012013 11812.862000000   206.119300000    85.792825751   111.582985000    -529956  0.495792029983  0.495792029983  0.187129450000  0.105535812500  0.400087800000 20194.819   184.000     0.816817250     0.988219017  -52.26416
   0  6 0.9838363600000 0.6000000000000 0.0450000000000 0.6000000000000 0.0200000000000 0.6075355005610 0.2649059193182 26257.988500000  2411.037133737 12968.592000000   266.452900000    50.242934698    76.970030000    -537834  0.426519798034  0.426519798034  0.153504550000  0.065492750000  0.213140100000 20404.293   203.761     0.780226875     0.990270538  -55.06239
   0  9 0.9765225500000 0.6000000000000 0.0450000000000 0.6000000000000 0.0200000000000 0.8652964521289 0.3379554488610 22539.562000000  2348.727683984 12346.582000000   293.072800000    41.288386155    66.256957500    -563348  0.478234047796  0.478234047796  0.100367550000  0.105224125000  0.509961400000 19903.113   201.984     0.879612000     0.992436555  -54.98965
   0  6 0.9591376200000 0.6000000000000 0.0450000000000 0.6000000000000 0.0200000000000 0.8179338552598 0.4301874617516 22956.860500000  2467.578287227 12336.684000000   257.960600000    49.744132874    77.798520000    -374145  0.457211915047  0.457211915047  0.142511450000  0.056478625000  0.422965200000 18433.695   197.661     0.810438875     0.991298891  -57.31688
   0  6 0.9754259900000 0.6000000000000 0.0450000000000 0.6000000000000 0.0200000000000 0.7936986885155 0.3743604604028 23392.708000000  2675.969032526 14012.752000000   462.368300000    28.665690856    48.525055000    -597713  0.372230310194  0.372230310194  0.107244000000  0.065731875000  0.430697900000 18489.690   206.233     0.795566625     0.995026939  -55.29641
   0  6 0.9535479500000 0.6000000000000 0.0450000000000 0.6000000000000 0.0200000000000 0.8977344700757 0.4858620082899 25557.649000000  2649.219726258 14001.752000000   393.383200000    30.331402400    48.432917500    -256407  0.449623483405  0.449623483405  0.211740500000  0.117090250000  0.351954500000 24404.617   202.734     0.991440625     0.993654564  -48.40197
   0  8 0.9753805100000 0.6000000000000 0.0450000000000 0.6000000000000 0.0200000000000 0.9588662740450 0.4029918542981 25751.779000000  2298.218478910 12436.568000000   415.966600000    33.546970510    52.794157500    -669414  0.389440420855  0.389440420855  0.158950650000  0.087096312500  0.314286600000 19360.195   205.964     0.756094250     0.993914850  -54.96963
   0  6 0.9658206300000 0.6000000000000 0.0450000000000 0.6000000000000 0.0200000000000 0.6339537440698 0.3205503934902 20409.802000000  2991.267061400 14352.638000000   479.691800000    27.985141388    52.045357500    -594770  0.536899996015  0.536899996015  0.173853450000  0.050100437500  0.312865500000 17953.800   212.469     0.890407875     0.995832757  -55.21976
   0  7 0.9510628900000 0.6000000000000 0.0450000000000 0.6000000000000 0.0200000000000 0.8579797726221 0.4454024014537 23451.784000000  2380.970346406 11969.822000000   428.637000000    37.579381881    63.078717500      -5043  0.557226885236  0.557226885236  0.141495550000  0.056155562500  0.280123900000 18325.934   221.849     0.790185375     0.994658249  -54.93401
   0  9 0.9869694000000 0.6000000000000 0.0450000000000 0.6000000000000 0.0200000000000 0.9389427679588 0.3283672454902 21168.407500000  2574.919133569 13417.382000000   242.475900000    40.810788799    65.412347500    -690728  0.365254876122  0.365254876122  0.175032100000  0.097232937500  0.367129400000 17729.557   183.534     0.831554750     0.991363552  -53.48229
   0  7 0.9704503800000 0.6000000000000 0.0450000000000 0.6000000000000 0.0200000000000 0.7218486508279 0.3346245431565 25861.237000000  2530.214355244 13805.068000000   213.229700000    61.561504778    87.112110000    -359565  0.496560935639  0.496560935639  0.163628100000  0.099274562500  0.566325300000 22716.423   183.449     0.870096000     0.988102662  -54.05603
   0  9 0.9623386100000 0.6000000000000 0.0450000000000 0.6000000000000 0.0200000000000 0.9275965839352 0.4031337979484 24100.432000000  2485.339469078 13381.226000000   304.678200000    39.818915935    64.486520000    -718206  0.568187327274  0.568187327274  0.124157350000  0.055641437500  0.335366700000 20849.081   204.339     0.853036250     0.992260175  -58.52232
   0  9 0.9799615000000 0.6000000000000 0.0450000000000 0.6000000000000 0.0200000000000 0.8608354103186 0.3254317206951 23820.050500000  2866.672826631 15702.242000000   386.140300000    28.812044270    51.703945000    -409886  0.452349863452  0.452349863452  0.156586950000  0.102802437500  0.291755600000 19642.933   210.772     0.807708250     0.993922969  -53.92284
   0  7 0.9625190300000 0.6000000000000 0.0450000000000 0.6000000000000 0.0200000000000 0.7008779324104 0.3424336422968 23091.982000000  2464.202711678 12619.408000000   473.628100000    29.802078668    48.057250000    -470619  0.577150375878  0.577150375878  0.129021900000  0.050009000000  0.442067400000 20020.615   201.608     0.867811875     0.995229193  -55.37608
   0  6 0.9760941500000 0.6000000000000 0.0450000000000 0.6000000000000 0.0200000000000 0.5343745876968 0.2506520290427 26348.614000000  2362.883961902 12456.376000000   396.354500000    37.707124511    60.830205000    -761465  0.547281896043  0.547281896043  0.118256400000  0.076865750000  0.381753100000 18334.635   216.775     0.721902500     0.993463620  -51.07981
   0  9 0.9685504700000 0.6000000000000 0.0450000000000 0.6000000000000 0.0200000000000 0.9256598375224 0.3857002379021 24619.007500000  2671.872785757 14748.206000000   447.815300000    30.218239850    52.955552500    -932614  0.512989770520  0.512989770520  0.121309350000  0.083440812500  0.465457600000 21447.707   221.293     0.854436250     0.994610775  -55.72952
   0  8 0.9655629600000 0.6000000000000 0.0450000000000 0.6000000000000 0.0200000000000 0.7610772573416 0.3443279990535 25370.714500000  2427.800138272 13145.680000000   470.141900000    30.459559575    49.096437500    -297789  0.576116739221  0.576116739221  0.164163600000  0.058506187500  0.389270100000 21794.731   209.557     0.849330125     0.994715033  -56.17621
   0  6 0.9509991800000 0.6000000000000 0.0450000000000 0.6000000000000 0.0200000000000 0.8312757530355 0.4552993765708 20264.164000000  2645.746116387 12559.042000000   354.757500000    35.773767249    60.956597500    -374691  0.502443452045  0.502443452045  0.127719150000  0.080615562500  0.416299700000 17070.904   204.797     0.853971375     0.994423126  -55.21791
   0  6 0.9753142400000 0.6000000000000 0.0450000000000 0.6000000000000 0.0200000000000 0.6372232048677 0.3008322165587 23575.781500000  2372.181638853 12056.162000000   302.877400000    41.093751750    64.347160000    -443313  0.464420791632  0.464420791632  0.105563550000  0.082377812500  0.376578500000 18142.161   199.122     0.782089250     0.992349165  -54.80922
   0  7 0.9855887700000 0.6000000000000 0.0450000000000 0.6000000000000 0.0200000000000 0.5841104661496 0.2358393056539 25436.567500000  2454.769394229 13473.668000000   214.059300000    66.341881522    94.140202500    -669789  0.479973122427  0.479973122427  0.181900350000  0.107823812500  0.209595600000 21229.317   187.318     0.826008875     0.988255176  -53.37769
   0 11 0.9856887800000 0.6000000000000 0.0450000000000 0.6000000000000 0.0200000000000 0.8743537350976 0.2682610114104 20792.446000000  2898.325129163 14725.804000000   228.916800000    53.842320860    91.818792500    -808500  0.514706837692  0.514706837692  0.150356900000  0.069632750000  0.211017900000 17776.247   197.768     0.836318750     0.991022035  -52.65905
   0  7 0.9630210200000 0.6000000000000 0.0450000000000 0.6000000000000 0.0200000000000 0.6733332507538 0.3279796312633 23564.320000000  2525.729279733 13134.958000000   469.654400000    30.021738101    49.445975000    -649499  0.596261588903  0.596261588903  0.140656800000  0.067439500000  0.211544600000 19210.837   205.595     0.814926250     0.995089767  -56.93415
   0  6 0.9643884300000 0.6000000000000 0.0450000000000 0.6000000000000 0.0200000000000 0.7142708833692 0.3644180313493 24703.949500000  2647.890713291 13980.894000000   303.843500000    36.412851216    57.989055000    -549015  0.486374953172  0.486374953172  0.162107450000  0.097611687500  0.265187600000 21603.343   197.188     0.870920500     0.992040133  -55.52225
   0  6 0.9876114400000 0.6000000000000 0.0450000000000 0.6000000000000 0.0200000000000 0.7727204580370 0.3228482868226 26939.333500000  2182.422591011 11233.658000000   322.941000000    41.062189483    60.663025000    -645650  0.315365407272  0.315365407272  0.176049500000  0.073213500000  0.300513100000 22246.372   200.324     0.825317625     0.991744026  -52.85486
   0  7 0.9754363300000 0.6000000000000 0.0450000000000 0.6000000000000 0.0200000000000 0.7574549269479 0.3377026272499 22900.660000000  2312.017601138 11746.834000000   312.463000000    39.141998712    61.113897500     -43459  0.437462418403  0.437462418403  0.105214850000  0.124532312500  0.491106100000 17578.334   195.928     0.779922375     0.992795849  -51.98487
   0  6 0.9831907400000 0.6000000000000 0.0450000000000 0.6000000000000 0.0200000000000 0.7435860722907 0.3264346772163 21029.816500000  2571.958719374 12869.472000000   247.749500000    45.160198568    72.646620000    -812673  0.352102119681  0.352102119681  0.109643050000  0.128938000000  0.313015100000 19489.736   194.769     0.951895125     0.991622727  -52.67514
   0  6 0.9850906100000 0.6000000000000 0.0450000000000 0.6000000000000 0.0200000000000 0.4756218996958 0.2045877962856 19775.099500000  2444.528347581 11801.904000000   467.204700000    33.328383479    57.439610000    -441134  0.533910526563  0.533910526563  0.150816900000  0.164600187500  0.580910700000 16869.791   216.960     0.866806125     0.995817885  -50.80010
   0  7 0.9833018700000 0.6000000000000 0.0450000000000 0.6000000000000 0.0200000000000 0.8333240943591 0.3450235411891 22287.368500000  2552.096339702 13301.824000000   347.820300000    37.012215062    63.327082500    -446784  0.349660718906  0.349660718906  0.150753350000  0.064071500000  0.289425400000 19230.960   216.438     0.862309500     0.993675700  -56.63029
   0  9 0.9796134800000 0.6000000000000 0.0450000000000 0.6000000000000 0.0200000000000 0.7868837864189 0.2985023506719 25222.579000000  2624.734350770 14863.478000000   262.098700000    38.629837956    60.820292500    -959535  0.497938203166  0.497938203166  0.128645700000  0.138697187500  0.509776500000 22199.926   190.617     0.861969375     0.990521513  -53.57402
   0  8 0.9884673000000 0.6000000000000 0.0450000000000 0.6000000000000 0.0200000000000 0.7132708778402 0.2615033448844 25833.562000000  2323.862785227 12912.612000000   304.719200000    45.708292688    73.476735000    -107679  0.417291303551  0.417291303551  0.171574550000  0.100087125000  0.218507700000 18722.408   215.128     0.733740250     0.991604484  -50.83386
   0  6 0.9843149100000 0.6000000000000 0.0450000000000 0.6000000000000 0.0200000000000 0.8158978264671 0.3539423791669 23658.914500000  2526.614342721 13304.958000000   398.571600000    31.396963034    51.032365000    -917603  0.315162325849  0.315162325849  0.229990300000  0.143051187500  0.540651900000 21238.992   206.024     0.899599250     0.994137767  -50.46255
   0  7 0.9880710400000 0.6000000000000 0.0450000000000 0.6000000000000 0.0200000000000 0.8930267742086 0.3500733473267 22700.900500000  2531.137882148 13380.064000000   342.605100000    33.994446343    56.028785000    -486342  0.300870571905  0.300870571905  0.123574600000  0.059605312500  0.319037400000 18947.465   203.304     0.832812500     0.993440183  -58.25769
   0  9 0.9841145800000 0.6000000000000 0.0450000000000 0.6000000000000 0.0200000000000 0.9087690865853 0.3287429751096 24369.703000000  2428.120130084 13482.868000000   235.412500000    50.282872519    76.397087500    -651483  0.397631206841  0.397631206841  0.162406500000  0.079849000000  0.465801800000 22045.500   191.455     0.897005875     0.989777856  -55.90016
   0 10 0.9795663400000 0.6000000000000 0.0450000000000 0.6000000000000 0.0200000000000 0.8256481737443 0.2925841382793 23617.726000000  2828.496192348 15524.912000000   266.256700000    38.876725670    66.164007500    -897599  0.538014107662  0.538014107662  0.201991850000  0.050067125000  0.218269000000 22292.132   201.081     0.959544625     0.991263425  -53.50609
   0  7 0.9629585800000 0.6000000000000 0.0450000000000 0.6000000000000 0.0200000000000 0.8839616604875 0.4307397337948 22980.364000000  2707.892997474 14054.158000000   316.786400000    34.147668438    56.399155000    -894186  0.454610991576  0.454610991576  0.161505850000  0.090090250000  0.328777900000 18559.496   195.525     0.807925125     0.992900811  -55.33709
   0  7 0.9831202800000 0.6000000000000 0.0450000000000 0.6000000000000 0.0200000000000 0.5436884567246 0.2255367913268 20913.325000000  2300.527620806 11360.042000000   229.365900000    56.521148444    86.704365000    -332446  0.537563911257  0.537563911257  0.125472900000  0.052131812500  0.538174900000 16850.391   191.079     0.817434750     0.991001790  -54.63493
   0  6 0.9504725200000 0.6000000000000 0.0450000000000 0.6000000000000 0.0200000000000 0.7833883627450 0.4300974423801 22474.721500000  2619.828997196 13048.672000000   307.918100000    40.044397709    65.986460000    -553896  0.536907562686  0.536907562686  0.107068850000  0.050609562500  0.554415500000 20501.923   206.056     0.926776625     0.992874381  -56.62656
   0  7 0.9847222300000 0.6000000000000 0.0450000000000 0.6000000000000 0.0200000000000 0.5667329031226 0.2310633718276 27545.119000000  2385.573225772 13313.098000000   263.973600000    47.635495025    71.072905000    -991001  0.502006166276  0.502006166276  0.197728650000  0.067722937500  0.394881300000 22399.097   198.283     0.803808125     0.989692146  -53.86636
   0  6 0.9831547100000 0.6000000000000 0.0450000000000 0.6000000000000 0.0200000000000 0.8617206603304 0.3784374353031 27241.868500000  2725.486452241 15419.686000000   272.125800000    38.756579852    60.605987500    -337172  0.304006801490  0.304006801490  0.152758400000  0.056113687500  0.209595400000 21534.243   194.295     0.785435250     0.990120434  -54.26556
   0  6 0.9885263700000 0.6000000000000 0.0450000000000 0.6000000000000 0.0200000000000 0.5710161427930 0.2359154652924 25497.655000000  2323.736935672 12255.462000000   224.637900000    70.003427604    99.680997500    -786945  0.420348097319  0.420348097319  0.145198350000  0.075509375000  0.297519000000 21084.792   196.049     0.824307625     0.988759174  -54.01727
   0  8 0.9725558100000 0.6000000000000 0.0450000000000 0.6000000000000 0.0200000000000 0.9519139971946 0.4094511128480 24980.375500000  2593.864127624 14286.068000000   497.859900000    29.640288466    51.102727500    -246027  0.411143108548  0.411143108548  0.135593000000  0.062344812500  0.227322600000 20367.017   220.835     0.804843875     0.995074017  -56.49784
   0  9 0.9747588100000 0.6000000000000 0.0450000000000 0.6000000000000 0.0200000000000 0.7201120504061 0.2856524450022 25702.936000000  2356.488288054 13106.984000000   466.414000000    29.594566081    46.670377500    -392794  0.592647318366  0.592647318366  0.139906550000  0.053499437500  0.598819100000 20988.453   204.449     0.801990750     0.994584806  -55.89511
   0  9 0.9803327300000 0.6000000000000 0.0450000000000 0.6000000000000 0.0200000000000 0.7232950972389 0.2724212337559 25059.850000000  2569.272920009 14493.314000000   384.884100000    31.320558149    52.383812500    -298663  0.534814710539  0.534814710539  0.131809550000  0.067521187500  0.518522200000 21360.119   210.611     0.833188375     0.993584532  -57.23194
   0  7 0.9590183800000 0.6000000000000 0.0450000000000 0.6000000000000 0.0200000000000 0.7724994097940 0.3851259459808 21692.720500000  2583.024908129 12920.436000000   250.790700000    43.320799267    68.412585000     -62445  0.551558803364  0.551558803364  0.158056100000  0.066747000000  0.359574000000 19808.413   188.892     0.929471500     0.991543187  -55.80623
   0  7 0.9875566300000 0.6000000000000 0.0450000000000 0.6000000000000 0.0200000000000 0.7513628132947 0.2964098423749 23105.563000000  2427.886189034 12811.386000000   495.627200000    31.324159507    52.849017500    -745074  0.360783825682  0.360783825682  0.139497600000  0.070610187500  0.505418000000 19294.094   218.942     0.833083125     0.995386295  -57.39958
   0  7 0.9881386300000 0.6000000000000 0.0450000000000 0.6000000000000 0.0200000000000 0.5392700032664 0.2112204938830 21697.121500000  2289.010782097 11549.764000000   356.017200000    40.314964554    67.367937500    -580862  0.497657681000  0.497657681000  0.107941700000  0.116463875000  0.353792300000 17889.127   219.495     0.830526500     0.993966156  -52.11663
   0  8 0.9803066400000 0.6000000000000 0.0450000000000 0.6000000000000 0.0200000000000 0.9687785383210 0.3892031575127 27064.424500000  2295.181861799 12732.054000000   272.985500000    46.902425785    70.285917500    -460766  0.354581729287  0.354581729287  0.138279100000  0.119349625000  0.430593800000 23005.339   200.233     0.837015375     0.990231384  -53.27690
   0  7 0.9613109400000 0.6000000000000 0.0450000000000 0.6000000000000 0.0200000000000 0.7628607658734 0.3753932764079 23855.569000000  3033.883094821 15959.552000000   432.002600000    27.684333045    50.936327500    -336903  0.539897747155  0.539897747155  0.140520450000  0.051618562500  0.230320800000 20848.665   215.216     0.867823375     0.994598198  -55.83837
   0  7 0.9615098200000 0.6000000000000 0.0450000000000 0.6000000000000 0.0200000000000 0.9407028605617 0.4623684075886 22215.886000000  2369.621796020 11782.758000000   248.879700000    48.623545613    74.526485000    -950075  0.436534989272  0.436534989272  0.126753200000  0.080294625000  0.594493000000 16804.423   188.404     0.772902750     0.991267659  -53.83843
   0  9 0.9870754300000 0.6000000000000 0.0450000000000 0.6000000000000 0.0200000000000 0.7219975225313 0.2521646500100 23801.042500000  2411.560739458 13288.330000000   281.594600000    39.306180889    62.013855000    -521463  0.474078240973  0.474078240973  0.143011600000  0.085948312500  0.341295500000 20217.876   195.696     0.835597500     0.991637845  -57.32297
   0  7 0.9733176300000 0.6000000000000 0.0450000000000 0.6000000000000 0.0200000000000 0.6677929844740 0.3028976892600 23433.545500000  2442.547350830 12729.094000000   263.863400000    44.249993075    68.806160000    -340593  0.513177222281  0.513177222281  0.127550150000  0.069628125000  0.472568100000 20373.786   194.812     0.868180500     0.991278423  -57.93279
   0  8 0.9862842300000 0.6000000000000 0.0450000000000 0.6000000000000 0.0200000000000 0.5404726803024 0.2035545221592 21007.460500000  2449.339009251 12540.570000000   220.010000000    58.549241192    90.691920000    -431531  0.572611511833  0.572611511833  0.131701700000  0.054465625000  0.433178300000 17215.614   189.608     0.822151625     0.990558321  -55.82226
   0  7 0.9800415900000 0.6000000000000 0.0450000000000 0.6000000000000 0.0200000000000 0.5385515551351 0.2304154575218 23101.796500000  2270.546707336 11562.834000000   295.479500000    44.249756306    69.795167500    -459119  0.571080226033  0.571080226033  0.145747100000  0.200510812500  0.256673400000 19711.404   205.414     0.855058875     0.992297516  -50.56141
   0  6 0.9806569900000 0.6000000000000 0.0450000000000 0.6000000000000 0.0200000000000 0.6451502535004 0.2904797697218 21287.153500000  2789.697086528 14050.948000000   333.822300000    34.135653203    59.566897500    -113721  0.422436463219  0.422436463219  0.106675850000  0.079967750000  0.413168300000 17607.848   206.070     0.833430250     0.993715683  -54.81955
   0 11 0.9894278300000 0.6000000000000 0.0450000000000 0.6000000000000 0.0200000000000 0.9572946283066 0.2793585837918 22921.207000000  2427.898493718 13506.134000000   424.627700000    30.561035475    51.882630000    -492584  0.437102548469  0.437102548469  0.133371000000  0.078541687500  0.505405900000 21258.049   215.405     0.927910000     0.994650780  -56.23072
   0  8 0.9756948000000 0.6000000000000 0.0450000000000 0.6000000000000 0.0200000000000 0.6723801232714 0.2818279515754 23852.639500000  2661.013799128 14429.848000000   296.475400000    40.769968364    68.911200000    -427650  0.552456271621  0.552456271621  0.133462800000  0.068774000000  0.535843400000 21043.964   211.858     0.874129250     0.992090813  -56.06692
   0  6 0.9776833900000 0.6000000000000 0.0450000000000 0.6000000000000 0.0200000000000 0.7409178052038 0.3428280262345 21480.973000000  2480.817291900 12365.336000000   259.309400000    49.805622417    80.766225000    -715616  0.385230345715  0.385230345715  0.149133800000  0.053241750000  0.495249400000 19668.564   206.160     0.934385625     0.991848710  -55.08028
   0  7 0.9737693400000 0.6000000000000 0.0450000000000 0.6000000000000 0.0200000000000 0.8079489679645 0.3651576909025 27994.696000000  2305.123688826 12502.786000000   499.875100000    32.894175878    52.333210000    -913561  0.421137890085  0.421137890085  0.180049500000  0.105469375000  0.437914700000 19825.390   216.347     0.725225000     0.994499117  -52.11699
   0  7 0.9861814100000 0.6000000000000 0.0450000000000 0.6000000000000 0.0200000000000 0.7337622625295 0.2942467382778 26334.263500000  2641.563516660 14978.636000000   281.506800000    39.523804375    63.126167500    -818874  0.378246764025  0.378246764025  0.161970000000  0.225958500000  0.512018600000 21159.489   200.468     0.794639125     0.990750439  -48.44742
   0  6 0.9741324900000 0.6000000000000 0.0450000000000 0.6000000000000 0.0200000000000 0.9304325775836 0.4434609280947 22521.701500000  2481.816670819 12568.214000000   189.765300000    85.339282515   110.498720000     -76818  0.323793848801  0.323793848801  0.135905650000  0.073329937500  0.427714500000 19919.063   175.349     0.890094750     0.988340779  -55.78245
   0 10 0.9879387200000 0.6000000000000 0.0450000000000 0.6000000000000 0.0200000000000 0.7632183616718 0.2455757988165 23754.089500000  2269.234018570 12532.300000000   243.303700000    44.671857160    66.566390000    -966546  0.497528418944  0.497528418944  0.170736700000  0.080262437500  0.350962500000 20742.820   184.277     0.858354375     0.990335214  -54.86972
   0  7 0.9725984700000 0.6000000000000 0.0450000000000 0.6000000000000 0.0200000000000 0.7342819919200 0.3349328043858 20391.158500000  2884.018612143 14097.984000000   235.331700000    50.398953769    85.283595000    -160676  0.472027955388  0.472027955388  0.167135650000  0.066054062500  0.469789700000 16062.746   195.685     0.799069125     0.991493126  -52.30905
   0  7 0.9896879300000 0.6000000000000 0.0450000000000 0.6000000000000 0.0200000000000 0.6357131984714 0.2441105265132 25318.388500000  2514.871663273 13957.986000000   260.589800000    43.040187286    66.590082500    -104662  0.410945436316  0.410945436316  0.133771500000  0.063686875000  0.519111600000 22774.203   196.877     0.892484500     0.990370088  -56.58747
   0  6 0.9727795500000 0.6000000000000 0.0450000000000 0.6000000000000 0.0200000000000 0.7720092525401 0.3718487528493 24809.330500000  2552.692565838 13522.646000000   289.827600000    38.497145433    60.015592500    -198415  0.398230929860  0.398230929860  0.158186200000  0.068098687500  0.357102200000 20717.734   194.603     0.831631875     0.991595428  -56.88297
   0  6 0.9781935300000 0.6000000000000 0.0450000000000 0.6000000000000 0.0200000000000 0.9243472046124 0.4257772290608 23594.573500000  2574.078896323 13486.320000000   314.066600000    35.780713391    57.448352500    -918778  0.306365992501  0.306365992501  0.218989500000  0.072180375000  0.319712400000 21851.437   200.902     0.940157625     0.992605817  -53.07133
   0  7 0.9827315500000 0.6000000000000 0.0450000000000 0.6000000000000 0.0200000000000 0.8874447597894 0.3696363443590 23710.889500000  2484.090999935 13238.524000000   343.266600000    35.732822673    58.385652500    -158801  0.331480752395  0.331480752395  0.164019400000  0.081623625000  0.258636600000 20497.582   207.899     0.859951750     0.993184792  -56.83308
   0  7 0.9690030400000 0.6000000000000 0.0450000000000 0.6000000000000 0.0200000000000 0.6933346810791 0.3247614476017 24371.768500000  2711.748073932 14580.164000000   316.661300000    36.640340193    61.377407500    -908859  0.528704766714  0.528704766714  0.138961500000  0.092118062500  0.328824200000 22363.407   209.415     0.922422875     0.992454039  -54.98644
 
  COND2           1      930882  5.994778572700657E+044  6.133395770784855E+042
  1.023122988848236E-002         100
    930882  11502536    492978         0     16154         0         0         0         0         0    946302        10         0   4611138    930882
 PARAMETER FILE GP01B.PAR   
