  Aa Am            MSYL            MSYR           MORTJ           MORTA             K1+           PInit      ISEED   PTarget           CVADD              AR        PREG-MAX           GAMMA              P0   SSTILDA     LIKEL
   0  7 0.9816221500000 0.6000000000000 0.0450000000000 0.6000000000000 0.0450000000000 0.8065206389078 0.8065206389078 23399.593000000  2426.005400752 12756.162000000   229.910800000     9.916935550    25.022127500    -898043  0.371529185511  0.371529185511  0.153361350000  0.107046312500  0.440651800000 20142.363   214.471     0.858163625     0.989964567  -53.12355
   0  7 0.9645780500000 0.6000000000000 0.0450000000000 0.6000000000000 0.0450000000000 0.9071738021201 0.9071738021201 20637.223000000  2327.815821458 11188.448000000   195.906600000    10.472282628    24.270240000      -5988  0.432316685188  0.432316685188  0.138350250000  0.061212000000  0.561261900000 17655.904   181.584     0.867297625     0.989686286  -54.70370
   0  6 0.9549749700000 0.6000000000000 0.0450000000000 0.6000000000000 0.0450000000000 0.8268038430468 0.8268038430468 22425.581500000  2413.601485783 11805.454000000   196.836300000    11.413940052    30.476830000    -731367  0.478863988363  0.478863988363  0.149928550000  0.051579375000  0.589645500000 18652.404   184.989     0.839068750     0.988869919  -57.17143
   0  6 0.9612116700000 0.6000000000000 0.0450000000000 0.6000000000000 0.0450000000000 0.6140476582359 0.6140476582359 23760.718000000  2569.490323165 13210.610000000   196.644900000     9.816299744    22.664740000    -645562  0.591692962626  0.591692962626  0.214051500000  0.056565312500  0.501860600000 20164.255   182.750     0.848121000     0.988180435  -55.46097
   0  6 0.9599068100000 0.6000000000000 0.0450000000000 0.6000000000000 0.0450000000000 0.8653477252063 0.8653477252063 24499.262500000  2810.471830130 14836.572000000   186.656400000    10.862461012    35.435095000     -87970  0.427573466161  0.427573466161  0.135577250000  0.089762000000  0.516063700000 19251.681   176.047     0.788214250     0.987164860  -53.59783
   0  6 0.9753774700000 0.6000000000000 0.0450000000000 0.6000000000000 0.0450000000000 0.7878276422582 0.7878276422582 23905.613500000  2240.925409069 11118.254000000   211.504600000    11.138269100    24.793847500    -846739  0.375280276282  0.375280276282  0.136763600000  0.059190625000  0.523545800000 19788.518   195.453     0.833661125     0.988890309  -56.66200
   0  6 0.9683027700000 0.6000000000000 0.0450000000000 0.6000000000000 0.0450000000000 0.6662795534355 0.6662795534355 29848.583500000  2584.728777825 14566.572000000   203.283400000    10.754303096    27.886807500    -417177  0.492870300025  0.492870300025  0.160407950000  0.052909750000  0.323469400000 24201.430   190.360     0.800154000     0.985607378  -51.47978
   0  9 0.9875838100000 0.6000000000000 0.0450000000000 0.6000000000000 0.0450000000000 0.9073850891286 0.9073850891286 22490.287000000  2264.876990236 11982.924000000   211.030400000     9.892151072    23.984370000    -148926  0.373693002653  0.373693002653  0.135676200000  0.067293250000  0.214712400000 21154.453   198.615     0.966192125     0.989452575  -54.31176
   0  7 0.9862620200000 0.6000000000000 0.0450000000000 0.6000000000000 0.0450000000000 0.9185009303773 0.9185009303773 21781.942000000  2673.016532610 13872.782000000   209.111500000     8.945287268    23.691025000    -832829  0.301754481371  0.301754481371  0.142762750000  0.097713000000  0.468604800000 19970.040   197.802     0.928563375     0.989700161  -56.29784
   0  9 0.9888243300000 0.6000000000000 0.0450000000000 0.6000000000000 0.0450000000000 0.9449041108885 0.9449041108885 23305.376500000  2595.238456968 14295.894000000   189.635100000     8.554056556    20.964210000    -893537  0.350686917121  0.350686917121  0.125206600000  0.080799437500  0.461282800000 19202.577   177.197     0.810531875     0.987826649  -56.95911
   0  7 0.9694361800000 0.6000000000000 0.0450000000000 0.6000000000000 0.0450000000000 0.7676242872707 0.7676242872707 20511.281500000  2845.758691782 13943.934000000   196.953000000     8.540093040    23.747185000    -711281  0.474352208888  0.474352208888  0.169939100000  0.053318000000  0.595543900000 18283.742   185.113     0.901925750     0.989787811  -57.04934
   0  6 0.9787849500000 0.6000000000000 0.0450000000000 0.6000000000000 0.0450000000000 0.5609596677842 0.5609596677842 27462.904000000  2498.110041870 13734.542000000   208.666100000     9.770052610    20.502482500    -702059  0.500231243285  0.500231243285  0.117954200000  0.052041000000  0.297227200000 21160.763   191.649     0.771863000     0.987042434  -56.43756
   0  6 0.9728376900000 0.6000000000000 0.0450000000000 0.6000000000000 0.0450000000000 0.9407487522772 0.9407487522772 21698.917000000  2525.291082891 12615.558000000   198.006900000    11.057610532    32.507950000    -361933  0.326517907526  0.326517907526  0.125361550000  0.058614125000  0.444101100000 18490.683   187.938     0.858075375     0.989240098  -56.45836
   0  8 0.9890749500000 0.6000000000000 0.0450000000000 0.6000000000000 0.0450000000000 0.8763224044526 0.8763224044526 23218.598500000  2404.300388223 12929.230000000   193.930300000    11.634118781    38.362890000    -672006  0.335950093336  0.335950093336  0.115311750000  0.137968375000  0.430337800000 20564.988   185.096     0.880908750     0.988138464  -53.20654
   0 10 0.9782069900000 0.6000000000000 0.0450000000000 0.6000000000000 0.0450000000000 0.7861043102223 0.7861043102223 27501.460000000  2226.135255360 12782.542000000   212.162400000     9.713716305    21.046305000    -916374  0.579368079128  0.579368079128  0.168184250000  0.050576000000  0.353039600000 22523.443   193.778     0.797322250     0.987241782  -56.89277
   0  6 0.9817541700000 0.6000000000000 0.0450000000000 0.6000000000000 0.0450000000000 0.7752954059224 0.7752954059224 25558.850500000  2454.934205400 13141.432000000   203.840600000     9.914321021    20.812142500    -789143  0.345500162814  0.345500162814  0.120135650000  0.104267625000  0.415237900000 20981.281   188.478     0.817473875     0.987635684  -57.24301
   0  9 0.9810344700000 0.6000000000000 0.0450000000000 0.6000000000000 0.0450000000000 0.8505208489881 0.8505208489881 27612.713500000  2645.175082394 15674.432000000   206.512200000     9.017717925    26.171230000    -839291  0.449142704994  0.449142704994  0.155984450000  0.074013687500  0.416910500000 21502.477   192.811     0.760424250     0.986820201  -50.31039
   0  7 0.9816323800000 0.6000000000000 0.0450000000000 0.6000000000000 0.0450000000000 0.6133346901716 0.6133346901716 22718.045500000  2357.609877897 12135.448000000   214.046500000     9.692813367    20.083102500    -876178  0.488469328437  0.488469328437  0.264332400000  0.055732375000  0.262992600000 17298.679   194.198     0.774156125     0.989534680  -52.20917
   0  8 0.9840025700000 0.6000000000000 0.0450000000000 0.6000000000000 0.0450000000000 0.8392373286302 0.8392373286302 20952.097000000  2340.815222051 11832.048000000   215.479700000     9.533065178    21.284140000     -14082  0.383904304188  0.383904304188  0.109673500000  0.063416312500  0.212208600000 18741.510   198.800     0.903353000     0.990399082  -56.90690
   0  8 0.9663682900000 0.6000000000000 0.0450000000000 0.6000000000000 0.0450000000000 0.9366809763017 0.9366809763017 21417.847000000  2680.209576759 13583.328000000   215.761500000     8.457179126    21.189987500    -979566  0.462106207283  0.462106207283  0.150610300000  0.089945125000  0.268935800000 19688.634   199.722     0.935453125     0.990275948  -56.93174
   0  7 0.9717766400000 0.6000000000000 0.0450000000000 0.6000000000000 0.0450000000000 0.7541824466494 0.7541824466494 25114.835500000  2468.438766722 13242.576000000   198.329800000     9.844573863    22.156147500    -284305  0.465537808377  0.465537808377  0.114774950000  0.133930812500  0.396285100000 20519.342   183.660     0.812497500     0.987571768  -55.98156
   0  6 0.9504106100000 0.6000000000000 0.0450000000000 0.6000000000000 0.0450000000000 0.8799959825226 0.8799959825226 21646.523500000  2653.021591596 13009.718000000   210.093100000     9.329801710    22.460087500    -618766  0.478358339694  0.478358339694  0.107703050000  0.095869375000  0.271102000000 19602.902   194.507     0.920479750     0.989941427  -56.72547
   0  7 0.9664835100000 0.6000000000000 0.0450000000000 0.6000000000000 0.0450000000000 0.9645988746578 0.9645988746578 24428.590000000  2679.497469585 14361.712000000   195.951000000     8.889800892    20.841847500    -165468  0.394994695770  0.394994695770  0.128363850000  0.065556375000  0.564509000000 22299.616   183.316     0.916076750     0.987787293  -57.24008
   0  8 0.9768718900000 0.6000000000000 0.0450000000000 0.6000000000000 0.0450000000000 0.8154168292492 0.8154168292492 22973.209000000  2499.221453270 13240.290000000   206.782800000     9.122405659    21.145625000    -297581  0.446620308009  0.446620308009  0.157561200000  0.055089062500  0.419370300000 18462.690   190.498     0.801255375     0.989072310  -58.62672
   0  8 0.9774442700000 0.6000000000000 0.0450000000000 0.6000000000000 0.0450000000000 0.8308102473605 0.8308102473605 23426.539000000  2837.612513554 15259.708000000   191.676500000     9.548889441    33.436605000    -931573  0.434128751952  0.434128751952  0.173022900000  0.089659250000  0.328944300000 20029.483   181.668     0.844547250     0.987975157  -53.00357
   0  6 0.9685514900000 0.6000000000000 0.0450000000000 0.6000000000000 0.0450000000000 0.7192691626968 0.7192691626968 24910.540000000  2554.647892675 13482.874000000   193.620000000    10.283210340    25.273157500    -476496  0.454910936640  0.454910936640  0.127642650000  0.064250812500  0.402516200000 21613.286   181.970     0.863705625     0.987387889  -58.27730
   0  7 0.9827353400000 0.6000000000000 0.0450000000000 0.6000000000000 0.0450000000000 0.9204444127304 0.9204444127304 24819.550000000  2708.890885999 14942.208000000   186.688800000     9.813385948    28.691215000    -160784  0.319576344037  0.319576344037  0.160812100000  0.087167937500  0.245445200000 19173.695   175.397     0.773002250     0.986882853  -53.67209
   0  6 0.9859638300000 0.6000000000000 0.0450000000000 0.6000000000000 0.0450000000000 0.7208924216846 0.7208924216846 23356.271500000  2398.706445342 12393.176000000   190.529100000    10.375806719    22.674230000    -256039  0.347295601635  0.347295601635  0.117597550000  0.133995812500  0.491635200000 17770.551   176.762     0.774631000     0.987880926  -53.59371
   0  7 0.9895718200000 0.6000000000000 0.0450000000000 0.6000000000000 0.0450000000000 0.4458961969858 0.4458961969858 24351.167500000  2340.138005431 12498.046000000   194.768500000    12.524366981    39.716937500    -888834  0.587073165520  0.587073165520  0.103751500000  0.177825125000  0.531705600000 20710.909   185.438     0.845027000     0.987608957  -50.92733
   0  6 0.9893093500000 0.6000000000000 0.0450000000000 0.6000000000000 0.0450000000000 0.4040838477732 0.4040838477732 26706.377500000  2300.139911045 12252.514000000   192.042700000    11.626394156    27.262450000    -272568  0.586298602689  0.586298602689  0.170354650000  0.067360000000  0.419258200000 21876.850   180.369     0.815389375     0.986220256  -55.48415
   0  7 0.9824376500000 0.6000000000000 0.0450000000000 0.6000000000000 0.0450000000000 0.5023021340830 0.5023021340830 22426.526500000  2585.988454353 13525.428000000   191.993300000     9.549312566    24.422275000    -164005  0.588520628218  0.588520628218  0.134930200000  0.052799312500  0.584408300000 20134.697   181.517     0.901423625     0.988477023  -58.89180
   0 10 0.9896479100000 0.6000000000000 0.0450000000000 0.6000000000000 0.0450000000000 0.9884078457330 0.9884078457330 25428.629500000  2310.019723997 13262.242000000   189.617800000     9.681769736    23.287245000    -823257  0.371828372789  0.371828372789  0.132099750000  0.096370125000  0.475619500000 21537.464   177.427     0.824303875     0.986708476  -56.75686
   0  7 0.9757146600000 0.6000000000000 0.0450000000000 0.6000000000000 0.0450000000000 0.5544002593635 0.5544002593635 21716.116000000  2478.278490816 12570.630000000   232.978800000     9.418530766    22.704877500    -850268  0.595034044039  0.595034044039  0.130482850000  0.171394250000  0.509849100000 18505.718   214.005     0.855339125     0.990836662  -53.44643
   0  6 0.9760346700000 0.6000000000000 0.0450000000000 0.6000000000000 0.0450000000000 0.5095303100236 0.5095303100236 24263.390500000  2496.098034300 13079.304000000   227.235300000     9.698509855    22.256280000    -877743  0.574487045075  0.574487045075  0.132826600000  0.099542187500  0.591867800000 21729.779   210.588     0.896926750     0.989501503  -55.55018
   0  8 0.9848162500000 0.6000000000000 0.0450000000000 0.6000000000000 0.0450000000000 0.5454204533749 0.5454204533749 21944.536000000  2463.050805533 12874.190000000   227.191200000     9.008529949    20.989852500    -816286  0.582332731189  0.582332731189  0.137059000000  0.086963687500  0.445420400000 18328.069   208.604     0.832962125     0.990457888  -56.88255
   0  6 0.9741022800000 0.6000000000000 0.0450000000000 0.6000000000000 0.0450000000000 0.9002802065352 0.9002802065352 22537.685500000  2246.894419822 10927.296000000   236.943700000    10.256173698    20.199712500    -671403  0.334790543972  0.334790543972  0.119046950000  0.057623187500  0.496673600000 19051.659   209.620     0.853958750     0.990655767  -55.36012
   0  7 0.9864287800000 0.6000000000000 0.0450000000000 0.6000000000000 0.0450000000000 0.6834391981424 0.6834391981424 23815.217500000  2473.667270238 13264.616000000   195.940000000    10.654990145    29.821467500    -308149  0.404386678613  0.404386678613  0.191727200000  0.141149937500  0.490587800000 22783.616   187.946     0.998540625     0.987980377  -49.78983
   0  7 0.9794187000000 0.6000000000000 0.0450000000000 0.6000000000000 0.0450000000000 0.9063415238509 0.9063415238509 27982.708000000  2171.285849309 11450.988000000   200.748300000    11.381550024    23.642405000    -677283  0.342817083913  0.342817083913  0.174058050000  0.057780937500  0.450866200000 20587.648   183.347     0.749654875     0.986271973  -54.04722
   0  6 0.9849938200000 0.6000000000000 0.0450000000000 0.6000000000000 0.0450000000000 0.5524639494301 0.5524639494301 23528.747500000  2323.333010956 11858.754000000   187.721200000    15.093651342    53.600385000    -796984  0.460369788639  0.460369788639  0.182983050000  0.132401000000  0.310300100000 19599.070   178.809     0.835476250     0.987616499  -50.06689
   0  9 0.9808240200000 0.6000000000000 0.0450000000000 0.6000000000000 0.0450000000000 0.6929726028848 0.6929726028848 22316.056000000  2345.583699936 12345.422000000   204.059900000    10.196986690    28.311810000    -698083  0.553336635974  0.553336635974  0.102527550000  0.076875187500  0.214763300000 19681.842   192.243     0.878401250     0.989221580  -55.70297
   0  6 0.9874889900000 0.6000000000000 0.0450000000000 0.6000000000000 0.0450000000000 0.4969352938060 0.4969352938060 22072.043500000  2618.122452226 13517.040000000   191.621900000     9.919705724    26.409162500    -220157  0.491375677943  0.491375677943  0.139420800000  0.050127062500  0.215731300000 17696.612   180.661     0.808942125     0.988601027  -57.62546
   0  9 0.9771033600000 0.6000000000000 0.0450000000000 0.6000000000000 0.0450000000000 0.8122978920917 0.8122978920917 23137.882000000  2331.952300735 12397.126000000   205.998300000     9.445914980    20.821210000    -591853  0.504263905834  0.504263905834  0.105440250000  0.051128875000  0.241434000000 21049.417   190.457     0.912770875     0.988950849  -57.15048
   0  6 0.9762715000000 0.6000000000000 0.0450000000000 0.6000000000000 0.0450000000000 0.5244757552161 0.5244757552161 20522.135500000  2497.215885321 12182.402000000   189.477600000    10.439795635    26.850122500    -120846  0.556106078205  0.556106078205  0.161025250000  0.061165000000  0.219657200000 17699.825   178.798     0.873488250     0.989349657  -56.22322
   0  8 0.9698562300000 0.6000000000000 0.0450000000000 0.6000000000000 0.0450000000000 0.9263532429017 0.9263532429017 24733.460500000  2756.411561872 15130.988000000   219.191800000     8.068115683    20.146217500    -512613  0.441620638683  0.441620638683  0.124139600000  0.083787937500  0.225440500000 21372.183   202.653     0.851153250     0.988933393  -56.30377
   0  6 0.9730028800000 0.6000000000000 0.0450000000000 0.6000000000000 0.0450000000000 0.8439378134083 0.8439378134083 23133.940000000  2743.144996717 14283.898000000   188.767100000     9.535936112    25.637060000    -217402  0.363077027395  0.363077027395  0.166743050000  0.080086125000  0.539349900000 20023.023   178.224     0.864721375     0.987966190  -56.72049
   0  7 0.9883829700000 0.6000000000000 0.0450000000000 0.6000000000000 0.0450000000000 0.4697787421295 0.4697787421295 26744.231500000  2419.022328576 13517.012000000   239.130800000     9.409408703    20.276835000    -809299  0.568863505566  0.568863505566  0.100710150000  0.071201687500  0.560354200000 22333.188   219.085     0.823483375     0.988925305  -51.51147
   0 10 0.9894930000000 0.6000000000000 0.0450000000000 0.6000000000000 0.0450000000000 0.8699069868320 0.8699069868320 29423.927500000  2131.361927724 12560.946000000   222.160600000    10.229312376    23.234172500    -183141  0.423738505850  0.423738505850  0.132907750000  0.063490375000  0.342184200000 22491.641   203.701     0.750460625     0.986874512  -51.42363
   0  6 0.9791509000000 0.6000000000000 0.0450000000000 0.6000000000000 0.0450000000000 0.6274947722652 0.6274947722652 22015.937500000  2576.643005997 13111.734000000   211.932100000     9.445232886    22.516280000    -623133  0.444657953987  0.444657953987  0.132616950000  0.089801875000  0.390136500000 19630.616   197.978     0.898801750     0.989770590  -58.22184
   0  8 0.9884906900000 0.6000000000000 0.0450000000000 0.6000000000000 0.0450000000000 0.7720649439756 0.7720649439756 27650.419000000  2319.968075667 13205.330000000   171.635600000    47.061909224   136.365730000      -3354  0.385351698055  0.385351698055  0.130558150000  0.190513125000  0.599123500000 23627.028   164.588     0.837645625     0.984046190  -47.15967
   0  8 0.9717471000000 0.6000000000000 0.0450000000000 0.6000000000000 0.0450000000000 0.6805747393189 0.6805747393189 22504.988500000  2343.149650649 12033.694000000   206.153200000     9.879584647    22.503832500     -28694  0.582777146979  0.582777146979  0.132690750000  0.086585000000  0.335810700000 19207.522   190.074     0.852889125     0.989286023  -57.92871
   0  9 0.9851271300000 0.6000000000000 0.0450000000000 0.6000000000000 0.0450000000000 0.7173334081732 0.7173334081732 22564.847500000  2356.442800023 12563.220000000   210.510100000     9.300867189    21.401855000    -716004  0.494537637979  0.494537637979  0.157722400000  0.097141562500  0.240325900000 21107.596   196.609     0.954436250     0.989408586  -55.63233
   0  6 0.9854721800000 0.6000000000000 0.0450000000000 0.6000000000000 0.0450000000000 0.4727273759324 0.4727273759324 23317.310500000  2353.803896723 12053.476000000   208.646600000    10.388671071    22.931597500    -971028  0.533866228865  0.533866228865  0.103233900000  0.055679812500  0.525238300000 19566.570   193.850     0.841073625     0.988955226  -58.35858
   0  6 0.9588480100000 0.6000000000000 0.0450000000000 0.6000000000000 0.0450000000000 0.6364647319696 0.6364647319696 25887.157000000  2433.281706542 12631.096000000   214.617600000    10.527190631    24.408852500    -222540  0.589931597261  0.589931597261  0.151639800000  0.106035750000  0.314997600000 20853.649   197.758     0.806275500     0.988207469  -56.20598
   0  8 0.9832222200000 0.6000000000000 0.0450000000000 0.6000000000000 0.0450000000000 0.5811457502460 0.5811457502460 23209.000000000  2449.341158472 13106.522000000   194.372500000     9.610457354    23.033647500    -965355  0.562013613871  0.562013613871  0.105852700000  0.108168125000  0.388917900000 19575.672   181.693     0.836825875     0.988215540  -57.10878
   0  7 0.9795593100000 0.6000000000000 0.0450000000000 0.6000000000000 0.0450000000000 0.6898158150462 0.6898158150462 25148.437000000  2432.640597227 13137.486000000   206.874500000    10.134552072    24.449705000    -675867  0.449389192084  0.449389192084  0.111474400000  0.068166500000  0.555098200000 20497.397   192.907     0.810427625     0.988026914  -57.62136
   0  6 0.9871473400000 0.6000000000000 0.0450000000000 0.6000000000000 0.0450000000000 0.6610410229350 0.6610410229350 21909.301000000  2493.413848397 12716.112000000   206.126900000    10.010495348    24.657217500    -654267  0.371473464897  0.371473464897  0.146992950000  0.072186375000  0.445037600000 17193.704   192.696     0.796608000     0.989483737  -57.00457
   0  9 0.9801473200000 0.6000000000000 0.0450000000000 0.6000000000000 0.0450000000000 0.7242804249357 0.7242804249357 22262.150500000  2289.156320624 11949.484000000   207.737100000    10.092831757    25.852372500    -457894  0.535857119123  0.535857119123  0.133317350000  0.105591937500  0.235077100000 19793.637   194.481     0.888919375     0.989441801  -55.77628
   0  7 0.9891185900000 0.6000000000000 0.0450000000000 0.6000000000000 0.0450000000000 0.7825259596293 0.7825259596293 23854.934500000  2551.682492944 13837.626000000   182.200400000     9.968215614    25.578625000    -640497  0.337176855337  0.337176855337  0.133526350000  0.108062875000  0.555300400000 19589.886   171.629     0.816723500     0.987028413  -55.94164
   0 10 0.9710973200000 0.6000000000000 0.0450000000000 0.6000000000000 0.0450000000000 0.9237422539194 0.9237422539194 22890.386500000  2573.071847830 13824.020000000   205.921300000     8.483609585    22.005997500    -136003  0.560710484857  0.560710484857  0.173033750000  0.071770250000  0.452733800000 20719.560   191.262     0.898594625     0.989093000  -57.32139
   0  6 0.9882010400000 0.6000000000000 0.0450000000000 0.6000000000000 0.0450000000000 0.7014616487759 0.7014616487759 22367.612500000  2547.329789254 13190.190000000   219.292900000     9.417812055    22.208895000    -916568  0.344031471964  0.344031471964  0.136519600000  0.066994062500  0.243334500000 18672.134   203.856     0.837225750     0.989901035  -58.27645
   0  9 0.9864292300000 0.6000000000000 0.0450000000000 0.6000000000000 0.0450000000000 0.8792391474106 0.8792391474106 24198.604000000  2077.350186769 10888.656000000   206.821600000    10.631379147    22.900105000    -505412  0.393956489584  0.393956489584  0.147965200000  0.074882250000  0.375303100000 19343.479   189.590     0.798985125     0.988429452  -55.30982
   0  7 0.9693466500000 0.6000000000000 0.0450000000000 0.6000000000000 0.0450000000000 0.8249048145264 0.8249048145264 22501.492000000  2556.219261602 13150.024000000   193.236500000     9.678486624    23.945922500     -59344  0.442025271341  0.442025271341  0.107202550000  0.100668312500  0.363266200000 19580.807   180.944     0.871078250     0.988581816  -57.22872
   0  7 0.9869779900000 0.6000000000000 0.0450000000000 0.6000000000000 0.0450000000000 0.5874611873254 0.5874611873254 24475.853500000  2452.673927195 13282.810000000   188.114600000    10.906758881    29.922477500    -860162  0.466052808927  0.466052808927  0.185363250000  0.079299000000  0.397418800000 21158.787   178.368     0.857278375     0.987128374  -55.19738
   0  6 0.9532985800000 0.6000000000000 0.0450000000000 0.6000000000000 0.0450000000000 0.7002330481283 0.7002330481283 22056.518500000  2587.218944610 12787.658000000   203.973300000     9.433165182    21.022612500    -214262  0.578380146904  0.578380146904  0.159826200000  0.066127687500  0.292775100000 19942.559   188.106     0.917379875     0.989439052  -57.25715
   0  6 0.9528755500000 0.6000000000000 0.0450000000000 0.6000000000000 0.0450000000000 0.8018956398861 0.8018956398861 25228.100500000  2588.231781034 13517.710000000   211.952700000     9.813753334    23.402782500    -527204  0.507936615213  0.507936615213  0.130897750000  0.057508750000  0.264078300000 21715.500   196.467     0.856821250     0.988375979  -58.76384
   0  8 0.9524645100000 0.6000000000000 0.0450000000000 0.6000000000000 0.0450000000000 0.9178672141075 0.9178672141075 21549.877000000  2403.848293080 11902.514000000   217.978700000     9.785719611    23.755895000    -258465  0.585924173755  0.585924173755  0.174748350000  0.072266000000  0.234844300000 18700.051   199.533     0.873443250     0.990345838  -56.13611
   0  6 0.9781372200000 0.6000000000000 0.0450000000000 0.6000000000000 0.0450000000000 0.5137732969446 0.5137732969446 19187.336500000  2885.205205780 13573.576000000   199.853600000     8.316115572    21.611480000    -815241  0.551672903817  0.551672903817  0.181728750000  0.065389375000  0.208691300000 16144.174   186.118     0.855908500     0.990550902  -54.16032
   0 12 0.9867695700000 0.6000000000000 0.0450000000000 0.6000000000000 0.0450000000000 0.9145628870564 0.9145628870564 23917.453000000  2374.887599939 13574.786000000   187.576800000     8.791464883    23.004332500     -11129  0.551014054555  0.551014054555  0.102621250000  0.070214187500  0.278864800000 21633.962   175.984     0.885138625     0.987387728  -56.55480
   0  8 0.9874885600000 0.6000000000000 0.0450000000000 0.6000000000000 0.0450000000000 0.8653553964332 0.8653553964332 20807.093500000  2711.149487007 13847.708000000   192.552700000     8.831775030    25.205525000    -135700  0.350043090109  0.350043090109  0.181355800000  0.062321187500  0.477061500000 18369.636   182.381     0.884893000     0.989306251  -56.25948
   0  8 0.9849944000000 0.6000000000000 0.0450000000000 0.6000000000000 0.0450000000000 0.5798918739836 0.5798918739836 23195.459500000  2168.559585449 11150.424000000   228.794600000    10.222947872    21.939827500    -528938  0.546000648031  0.546000648031  0.163790300000  0.051728000000  0.317015400000 18558.632   207.442     0.804080000     0.989983515  -55.75826
   0  8 0.9698513300000 0.6000000000000 0.0450000000000 0.6000000000000 0.0450000000000 0.8283802295759 0.8283802295759 20427.284500000  2268.678787508 11010.820000000   201.434200000     9.969749099    21.239582500    -826269  0.493890814801  0.493890814801  0.141130200000  0.061281562500  0.536474700000 17874.696   184.051     0.887111375     0.990054409  -53.17893
   0  9 0.9814788300000 0.6000000000000 0.0450000000000 0.6000000000000 0.0450000000000 0.8097096709285 0.8097096709285 21410.206000000  2396.659893871 12417.302000000   204.616100000     9.680512040    25.816590000     -32034  0.468036711204  0.468036711204  0.123308500000  0.066243062500  0.370701700000 19566.240   192.685     0.923905125     0.989683476  -56.69724
   0  9 0.9701021900000 0.6000000000000 0.0450000000000 0.6000000000000 0.0450000000000 0.9398051945989 0.9398051945989 21034.703500000  2506.461372295 12726.492000000   186.706800000     9.328063169    23.944037500    -279856  0.492087346750  0.492087346750  0.129726450000  0.061923937500  0.263566600000 18760.211   174.337     0.895186250     0.988949831  -56.39689
   0  7 0.9862175200000 0.6000000000000 0.0450000000000 0.6000000000000 0.0450000000000 0.5544086439033 0.5544086439033 25792.090000000  2567.174100717 14351.660000000   197.899500000     9.369322286    21.952990000    -475605  0.500302983675  0.500302983675  0.175297000000  0.091107375000  0.443311100000 24045.033   187.391     0.937656625     0.987113323  -53.78730
   0  6 0.9506819300000 0.6000000000000 0.0450000000000 0.6000000000000 0.0450000000000 0.8435035116336 0.8435035116336 27036.641500000  2386.502096935 12310.280000000   226.133900000    10.318630523    21.440497500    -527064  0.497256084734  0.497256084734  0.171247850000  0.098028562500  0.207245100000 22904.636   204.216     0.844199250     0.988327539  -54.84404
   0  7 0.9564712200000 0.6000000000000 0.0450000000000 0.6000000000000 0.0450000000000 0.8243406179581 0.8243406179581 25489.568500000  2782.809052086 15094.368000000   209.597400000     8.638476126    22.093325000    -741525  0.536512339556  0.536512339556  0.143459100000  0.057800000000  0.404360600000 22305.865   195.108     0.866348875     0.988116216  -57.05021
   0  6 0.9518645900000 0.6000000000000 0.0450000000000 0.6000000000000 0.0450000000000 0.7262402319731 0.7262402319731 22933.438000000  2607.955113603 13114.012000000   204.373800000    10.044972159    25.974702500    -741019  0.568504544274  0.568504544274  0.107686200000  0.050602187500  0.515749200000 19638.742   191.017     0.858516125     0.989043047  -59.11087
   0  7 0.9716859000000 0.6000000000000 0.0450000000000 0.6000000000000 0.0450000000000 0.9031525876028 0.9031525876028 24608.099500000  2528.355345163 13541.100000000   202.902400000    10.072835471    26.337240000    -198889  0.389302461169  0.389302461169  0.190254950000  0.120767437500  0.229284500000 19297.778   189.357     0.785104250     0.988097381  -53.80561
   0  9 0.9773886900000 0.6000000000000 0.0450000000000 0.6000000000000 0.0450000000000 0.7813217955655 0.7813217955655 21168.353500000  2651.729830097 13625.878000000   202.408100000     8.566634720    23.359817500    -803254  0.521629025502  0.521629025502  0.137905500000  0.111344750000  0.223379300000 18473.523   189.144     0.868350375     0.989710656  -56.54038
   0  6 0.9627736700000 0.6000000000000 0.0450000000000 0.6000000000000 0.0450000000000 0.6563436703587 0.6563436703587 25208.930500000  2333.466253692 11829.492000000   205.194500000    10.810424143    23.280095000    -663848  0.541548169830  0.541548169830  0.169749600000  0.088166937500  0.470402400000 20408.003   188.368     0.813285625     0.987977750  -56.07416
   0  6 0.9852469500000 0.6000000000000 0.0450000000000 0.6000000000000 0.0450000000000 0.4455522778048 0.4455522778048 23258.639500000  2640.525003952 13942.542000000   204.882600000     9.370903361    23.267550000    -713717  0.568501447106  0.568501447106  0.162935100000  0.082639625000  0.291691100000 21469.274   193.978     0.934421875     0.988782227  -56.54476
   0  6 0.9589418700000 0.6000000000000 0.0450000000000 0.6000000000000 0.0450000000000 0.8482633473883 0.8482633473883 21805.594000000  2949.208438808 14649.794000000   195.173100000     8.526293491    23.702335000    -610210  0.442060360853  0.442060360853  0.124160050000  0.055314500000  0.245261900000 20403.019   184.519     0.964845625     0.989076927  -56.46361
   0  6 0.9737759300000 0.6000000000000 0.0450000000000 0.6000000000000 0.0450000000000 0.6429053329491 0.6429053329491 25721.053000000  2522.880952577 13515.264000000   196.433800000    10.342226801    24.920077500    -627655  0.471122429677  0.471122429677  0.150159450000  0.104756750000  0.424199800000 21511.157   184.012     0.830819375     0.987138492  -56.50483
   0  6 0.9862354500000 0.6000000000000 0.0450000000000 0.6000000000000 0.0450000000000 0.7064405075265 0.7064405075265 20888.242000000  2506.450359389 12502.506000000   188.206100000    10.778804921    30.016077500    -412119  0.352833462865  0.352833462865  0.150773400000  0.079501687500  0.546280700000 18641.256   179.376     0.903984250     0.989025812  -56.30309
   0  9 0.9861422600000 0.6000000000000 0.0450000000000 0.6000000000000 0.0450000000000 0.7099536982150 0.7099536982150 20307.607000000  2393.914673527 12141.010000000   195.852900000     9.445297365    23.542110000    -994555  0.490473445120  0.490473445120  0.137910300000  0.051317875000  0.262186900000 18198.209   183.829     0.903222875     0.989748051  -57.29491
   0  6 0.9898634600000 0.6000000000000 0.0450000000000 0.6000000000000 0.0450000000000 0.5793211199995 0.5793211199995 28160.341000000  2407.700179742 13355.010000000   192.812400000    11.049041656    25.670145000    -980296  0.405172016488  0.405172016488  0.247226300000  0.056538312500  0.506271100000 23460.545   181.221     0.822357375     0.985522200  -51.60623
   0  7 0.9895523700000 0.6000000000000 0.0450000000000 0.6000000000000 0.0450000000000 0.5087792933708 0.5087792933708 24754.817500000  2573.285259942 14214.820000000   219.774500000     8.870024891    20.156942500    -696820  0.514687963367  0.514687963367  0.115063750000  0.057684812500  0.599808400000 19978.781   203.360     0.801784750     0.988836945  -57.19020
   0  7 0.9815598000000 0.6000000000000 0.0450000000000 0.6000000000000 0.0450000000000 0.9074993198948 0.9074993198948 24678.677500000  2289.981619596 12022.448000000   185.366800000    11.356563093    27.574840000    -874403  0.330529772679  0.330529772679  0.128138600000  0.146974687500  0.386341200000 21235.168   174.528     0.856971500     0.986873107  -53.48962
   0  6 0.9722065400000 0.6000000000000 0.0450000000000 0.6000000000000 0.0450000000000 0.9573584774667 0.9573584774667 22469.699500000  2927.908910834 15001.154000000   202.447400000    10.029914067    35.901697500    -627364  0.323884340769  0.323884340769  0.148313050000  0.088506062500  0.318957900000 18604.499   192.605     0.829580500     0.989105043  -51.01542
   0  7 0.9569175400000 0.6000000000000 0.0450000000000 0.6000000000000 0.0450000000000 0.8290846594503 0.8290846594503 24266.360500000  2806.711318938 14889.150000000   211.321600000     8.619248585    23.029650000    -206705  0.529983500231  0.529983500231  0.118113450000  0.064996687500  0.591984100000 20669.975   196.604     0.844896000     0.988777845  -57.38806
   0  6 0.9862156600000 0.6000000000000 0.0450000000000 0.6000000000000 0.0450000000000 0.6776946077902 0.6776946077902 24861.535000000  2436.289592696 12962.592000000   220.315700000     9.903530764    21.865532500     -50066  0.367918541235  0.367918541235  0.162733700000  0.066108125000  0.251138700000 21407.174   204.462     0.856272625     0.988842136  -57.20820
   0  6 0.9723228500000 0.6000000000000 0.0450000000000 0.6000000000000 0.0450000000000 0.9565956757441 0.9565956757441 24491.378500000  2389.178258623 12294.194000000   172.192600000    14.094666756    44.048050000    -125308  0.323582257553  0.323582257553  0.132223550000  0.060565250000  0.390457400000 19926.152   162.439     0.815933750     0.986037625  -53.28712
   0  6 0.9851135600000 0.6000000000000 0.0450000000000 0.6000000000000 0.0450000000000 0.8360224816134 0.8360224816134 23309.075500000  2433.497078023 12611.654000000   176.788100000    13.421265264    43.749375000    -584602  0.303634396419  0.303634396419  0.123489200000  0.126497250000  0.421611900000 19543.333   167.817     0.839197625     0.986972450  -53.87615
   0  8 0.9665188800000 0.6000000000000 0.0450000000000 0.6000000000000 0.0450000000000 0.9059693233936 0.9059693233936 22072.516000000  2256.964057434 11265.252000000   177.844300000    11.223998296    27.835262500    -202220  0.476617106944  0.476617106944  0.156794300000  0.139587562500  0.328042000000 17227.279   165.145     0.790547500     0.987841564  -49.79945
   0  6 0.9899009500000 0.6000000000000 0.0450000000000 0.6000000000000 0.0450000000000 0.7535447986426 0.7535447986426 22614.770500000  2366.449215102 12086.002000000   203.928700000    10.625465562    25.383787500    -120534  0.311297992072  0.311297992072  0.121775600000  0.076772750000  0.281164200000 18896.468   191.593     0.838975625     0.989006766  -58.09550
   0  8 0.9789176900000 0.6000000000000 0.0450000000000 0.6000000000000 0.0450000000000 0.6402783778240 0.6402783778240 24161.857000000  2441.731832026 13212.430000000   208.705000000     9.701704438    24.139200000    -845469  0.549400204544  0.549400204544  0.117839900000  0.056606375000  0.281243000000 21338.038   195.469     0.876426375     0.988601290  -58.09904
   0  7 0.9661781100000 0.6000000000000 0.0450000000000 0.6000000000000 0.0450000000000 0.8532564970778 0.8532564970778 22449.854500000  2423.665786744 12261.992000000   220.642700000     9.901863806    23.688685000    -348021  0.448619764262  0.448619764262  0.140690000000  0.051503312500  0.476413900000 17083.264   201.879     0.774398625     0.990033474  -56.47239
   0  9 0.9721948700000 0.6000000000000 0.0450000000000 0.6000000000000 0.0450000000000 0.7955346692478 0.7955346692478 25555.016500000  2551.348374130 14352.352000000   195.491400000     9.750772021    28.198157500    -407080  0.560823816874  0.560823816874  0.181980800000  0.053609687500  0.307366700000 22537.441   183.877     0.865148000     0.987168219  -54.88077
   0  7 0.9869362800000 0.6000000000000 0.0450000000000 0.6000000000000 0.0450000000000 0.4819409360023 0.4819409360023 21591.268000000  2430.595652696 12435.700000000   194.903100000    10.056691465    24.668397500     -47332  0.568500773813  0.568500773813  0.141990450000  0.140181812500  0.273626800000 18570.404   183.476     0.862886375     0.989041141  -55.62156
   0  7 0.9671186500000 0.6000000000000 0.0450000000000 0.6000000000000 0.0450000000000 0.9620326743372 0.9620326743372 20153.585500000  2803.021879300 13583.496000000   206.319300000     8.476909382    22.492425000    -622502  0.392227025007  0.392227025007  0.129155600000  0.055606937500  0.336672200000 18393.614   192.741     0.933487000     0.990428920  -57.37666
 
  COND2           1     2383080  6.430263494398007E+044  1.104854438874760E+043
  1.718210209950650E-002         100
   2383080  59516552   2547045         0     83704         0         0         0         0         0   2546798      3740         0  28619081   2383080
 PARAMETER FILE GP01A.PAR   
